  1    ***    0.12929E+00    0.3952847075E-01    0.0000000000E+00
  1    ***    0.12929E+00    0.7905694150E-01    0.0000000000E+00
  1    ***    0.12929E+00    0.1185854123E+00    0.0000000000E+00
  1    ***    0.12929E+00    0.1581138830E+00    0.0000000000E+00
  1    ***    0.12929E+00    0.1976423538E+00    0.0000000000E+00
  1    ***    0.12929E+00    0.2371708245E+00    0.0000000000E+00
  1    ***    0.12929E+00    0.2766992953E+00    0.0000000000E+00
  1    ***    0.12929E+00    0.3162277660E+00    0.0000000000E+00
  1    ***    0.12929E+00    0.3557562368E+00    0.0000000000E+00
  1    ***    0.12929E+00    0.3952847075E+00    0.0000000000E+00
  1    ***    0.12929E+00    0.4348131783E+00    0.0000000000E+00
  1    ***    0.12929E+00    0.4743416490E+00    0.0000000000E+00
  1    ***    0.12929E+00    0.5138701198E+00    0.0000000000E+00
  1    ***    0.12929E+00    0.5533985905E+00    0.0000000000E+00
  1    ***    0.12929E+00    0.5929270613E+00    0.0000000000E+00
  1    ***    0.12929E+00    0.6324555320E+00    0.0000000000E+00
  1    ***    0.12929E+00    0.6719840028E+00    0.0000000000E+00
  1    ***    0.12929E+00    0.7115124735E+00    0.0000000000E+00
  1    ***    0.12929E+00    0.7510409443E+00    0.0000000000E+00
  1    ***    0.12929E+00    0.7905694150E+00    0.0000000000E+00
  1    ***    0.12929E+00    0.8300978858E+00    0.0000000000E+00
  1    ***    0.12929E+00    0.8696263565E+00    0.0000000000E+00
  1    ***    0.12929E+00    0.9091548273E+00    0.0000000000E+00
  1    ***    0.12929E+00    0.9486832981E+00    0.0000000000E+00
  1    ***    0.12929E+00    0.9882117688E+00    0.1274971843E+01
  1    ***    0.12929E+00    0.1027740240E+01    0.1653580330E+04
  1    ***    0.12929E+00    0.1067268710E+01    0.2250382829E+03
  1    ***    0.12929E+00    0.1106797181E+01    0.1881863480E+03
  1    ***    0.12929E+00    0.1146325652E+01    0.1648569714E+03
  1    ***    0.12929E+00    0.1185854123E+01    0.1562300889E+03
  1    ***    0.12929E+00    0.1225382593E+01    0.1525104416E+03
  1    ***    0.12929E+00    0.1264911064E+01    0.1448448085E+03
  1    ***    0.12929E+00    0.1304439535E+01    0.1463428886E+03
  1    ***    0.12929E+00    0.1343968006E+01    0.1442447379E+03
  1    ***    0.12929E+00    0.1383496476E+01    0.1449254148E+03
  1    ***    0.12929E+00    0.1423024947E+01    0.1465432962E+03
  1    ***    0.12929E+00    0.1462553418E+01    0.1468260309E+03
  1    ***    0.12929E+00    0.1502081889E+01    0.1497374975E+03
  1    ***    0.12929E+00    0.1541610359E+01    0.1490935948E+03
  1    ***    0.12929E+00    0.1581138830E+01    0.1518174301E+03
  1    ***    0.12929E+00    0.1620667301E+01    0.1544905898E+03
  1    ***    0.12929E+00    0.1660195772E+01    0.1631382909E+03
  1    ***    0.12929E+00    0.1699724242E+01    0.1725773844E+03
  1    ***    0.12929E+00    0.1739252713E+01    0.5120120623E+03
  1    ***    0.12929E+00    0.1778781184E+01    0.2831455850E+03
  1    ***    0.12929E+00    0.1818309655E+01    0.2538046792E+03
  1    ***    0.12929E+00    0.1857838125E+01    0.2585543357E+03
  1    ***    0.12929E+00    0.1897366596E+01    0.2744121607E+03
  1    ***    0.12929E+00    0.1936895067E+01    0.3045273963E+03
  1    ***    0.12929E+00    0.1976423538E+01    0.3691211467E+03
  1    ***    0.12929E+00    0.2015952008E+01    0.7924844628E+03
  1    ***    0.12929E+00    0.2055480479E+01    0.3061181025E+03
  1    ***    0.12929E+00    0.2095008950E+01    0.2792169859E+03
  1    ***    0.12929E+00    0.2134537421E+01    0.2678546952E+03
  1    ***    0.12929E+00    0.2174065891E+01    0.2570215078E+03
  1    ***    0.12929E+00    0.2213594362E+01    0.2549354393E+03
  1    ***    0.12929E+00    0.2253122833E+01    0.2524304440E+03
  1    ***    0.12929E+00    0.2292651304E+01    0.2548191504E+03
  1    ***    0.12929E+00    0.2332179774E+01    0.2551064203E+03
  1    ***    0.12929E+00    0.2371708245E+01    0.2571986678E+03
  1    ***    0.12929E+00    0.2411236716E+01    0.2556187979E+03
  1    ***    0.12929E+00    0.2450765187E+01    0.2568617585E+03
  1    ***    0.12929E+00    0.2490293657E+01    0.2601510200E+03
  1    ***    0.12929E+00    0.2529822128E+01    0.2648231314E+03
  1    ***    0.12929E+00    0.2569350599E+01    0.2690976973E+03
  1    ***    0.12929E+00    0.2608879070E+01    0.2795450877E+03
  1    ***    0.12929E+00    0.2648407540E+01    0.5244802366E+03
  1    ***    0.12929E+00    0.2687936011E+01    0.4118329461E+03
  1    ***    0.12929E+00    0.2727464482E+01    0.3996547134E+03
  1    ***    0.12929E+00    0.2766992953E+01    0.3522910314E+03
  1    ***    0.12929E+00    0.2806521423E+01    0.3122525168E+03
  1    ***    0.12929E+00    0.2846049894E+01    0.3141156155E+03
  1    ***    0.12929E+00    0.2885578365E+01    0.3169388853E+03
  1    ***    0.12929E+00    0.2925106836E+01    0.3275107020E+03
  1    ***    0.12929E+00    0.2964635306E+01    0.3411894596E+03
  1    ***    0.12929E+00    0.3004163777E+01    0.4708816468E+03
  1    ***    0.12929E+00    0.3043692248E+01    0.3350301012E+03
  1    ***    0.12929E+00    0.3083220719E+01    0.3092049913E+03
  1    ***    0.12929E+00    0.3122749189E+01    0.3060100137E+03
  1    ***    0.12929E+00    0.3162277660E+01    0.3003756265E+03
  1    ***    0.12929E+00    0.3201806131E+01    0.2973275312E+03
  1    ***    0.12929E+00    0.3241334602E+01    0.2974787499E+03
  1    ***    0.12929E+00    0.3280863072E+01    0.2982353999E+03
  1    ***    0.12929E+00    0.3320391543E+01    0.2999904851E+03
  1    ***    0.12929E+00    0.3359920014E+01    0.2995503213E+03
  1    ***    0.12929E+00    0.3399448485E+01    0.3030995134E+03
  1    ***    0.12929E+00    0.3438976955E+01    0.3020605038E+03
  1    ***    0.12929E+00    0.3478505426E+01    0.3673448875E+03
  1    ***    0.12929E+00    0.3518033897E+01    0.3226652766E+03
  1    ***    0.12929E+00    0.3557562368E+01    0.3244773921E+03
  1    ***    0.12929E+00    0.3597090838E+01    0.3459009637E+03
  1    ***    0.12929E+00    0.3636619309E+01    0.4729975906E+03
  1    ***    0.12929E+00    0.3676147780E+01    0.3732193166E+03
  1    ***    0.12929E+00    0.3715676251E+01    0.3255135623E+03
  1    ***    0.12929E+00    0.3755204721E+01    0.3170748214E+03
  1    ***    0.12929E+00    0.3794733192E+01    0.3160087224E+03
  1    ***    0.12929E+00    0.3834261663E+01    0.3128747586E+03
  1    ***    0.12929E+00    0.3873790134E+01    0.3165887275E+03
  1    ***    0.12929E+00    0.3913318604E+01    0.3144156259E+03
  1    ***    0.12929E+00    0.3952847075E+01    0.3185376617E+03
  1    ***    0.12929E+00    0.3992375546E+01    0.3317804650E+03
  1    ***    0.12929E+00    0.4031904017E+01    0.3590527153E+03
  1    ***    0.12929E+00    0.4071432487E+01    0.3096187323E+03
  1    ***    0.12929E+00    0.4110960958E+01    0.3040356612E+03
  1    ***    0.12929E+00    0.4150489429E+01    0.3040439174E+03
  1    ***    0.12929E+00    0.4190017900E+01    0.3027453876E+03
  1    ***    0.12929E+00    0.4229546370E+01    0.3033522107E+03
  1    ***    0.12929E+00    0.4269074841E+01    0.3029812665E+03
  1    ***    0.12929E+00    0.4308603312E+01    0.3101275130E+03
  1    ***    0.12929E+00    0.4348131783E+01    0.3087712484E+03
  1    ***    0.12929E+00    0.4387660253E+01    0.3670432738E+03
  1    ***    0.12929E+00    0.4427188724E+01    0.3195241266E+03
  1    ***    0.12929E+00    0.4466717195E+01    0.3317258698E+03
  1    ***    0.12929E+00    0.4506245666E+01    0.3150185339E+03
  1    ***    0.12929E+00    0.4545774136E+01    0.3135305119E+03
  1    ***    0.12929E+00    0.4585302607E+01    0.3662226435E+03
  1    ***    0.12929E+00    0.4624831078E+01    0.3504246670E+03
  1    ***    0.12929E+00    0.4664359549E+01    0.3094611422E+03
  1    ***    0.12929E+00    0.4703888020E+01    0.2988556455E+03
  1    ***    0.12929E+00    0.4743416490E+01    0.2972014569E+03
  1    ***    0.12929E+00    0.4782944961E+01    0.2978175976E+03
  1    ***    0.12929E+00    0.4822473432E+01    0.2930078743E+03
  1    ***    0.12929E+00    0.4862001903E+01    0.2962092194E+03
  1    ***    0.12929E+00    0.4901530373E+01    0.2951853817E+03
  1    ***    0.12929E+00    0.4941058844E+01    0.2991468640E+03
  1    ***    0.12929E+00    0.4980587315E+01    0.3016762712E+03
  1    ***    0.12929E+00    0.5020115786E+01    0.3189976704E+03
  1    ***    0.12929E+00    0.5059644256E+01    0.2944408889E+03
  1    ***    0.12929E+00    0.5099172727E+01    0.2930637424E+03
  1    ***    0.12929E+00    0.5138701198E+01    0.2921588241E+03
  1    ***    0.12929E+00    0.5178229669E+01    0.2908983234E+03
  1    ***    0.12929E+00    0.5217758139E+01    0.3093833312E+03
  1    ***    0.12929E+00    0.5257286610E+01    0.2972340081E+03
  1    ***    0.12929E+00    0.5296815081E+01    0.3224700891E+03
  1    ***    0.12929E+00    0.5336343552E+01    0.3056936127E+03
  1    ***    0.12929E+00    0.5375872022E+01    0.3057228248E+03
  1    ***    0.12929E+00    0.5415400493E+01    0.2897128327E+03
  1    ***    0.12929E+00    0.5454928964E+01    0.2894084288E+03
  1    ***    0.12929E+00    0.5494457435E+01    0.2891280326E+03
  1    ***    0.12929E+00    0.5533985905E+01    0.2897132607E+03
  1    ***    0.12929E+00    0.5573514376E+01    0.3164279687E+03
  1    ***    0.12929E+00    0.5613042847E+01    0.2974815469E+03
  1    ***    0.12929E+00    0.5652571318E+01    0.2820748290E+03
  1    ***    0.12929E+00    0.5692099788E+01    0.2793188845E+03
  1    ***    0.12929E+00    0.5731628259E+01    0.2774892683E+03
  1    ***    0.12929E+00    0.5771156730E+01    0.2795164795E+03
  1    ***    0.12929E+00    0.5810685201E+01    0.2757822369E+03
  1    ***    0.12929E+00    0.5850213671E+01    0.2764169962E+03
  1    ***    0.12929E+00    0.5889742142E+01    0.2777154084E+03
  1    ***    0.12929E+00    0.5929270613E+01    0.2793643700E+03
  1    ***    0.12929E+00    0.5968799084E+01    0.2765380410E+03
  1    ***    0.12929E+00    0.6008327554E+01    0.2852235870E+03
  1    ***    0.12929E+00    0.6047856025E+01    0.2780499126E+03
  1    ***    0.12929E+00    0.6087384496E+01    0.2938985247E+03
  1    ***    0.12929E+00    0.6126912967E+01    0.2811400819E+03
  1    ***    0.12929E+00    0.6166441437E+01    0.2764542855E+03
  1    ***    0.12929E+00    0.6205969908E+01    0.2791613635E+03
  1    ***    0.12929E+00    0.6245498379E+01    0.2828558911E+03
  1    ***    0.12929E+00    0.6285026850E+01    0.2830206665E+03
  1    ***    0.12929E+00    0.6324555320E+01    0.2738553328E+03
  1    ***    0.12929E+00    0.6364083791E+01    0.2687770336E+03
  1    ***    0.12929E+00    0.6403612262E+01    0.2684288546E+03
  1    ***    0.12929E+00    0.6443140733E+01    0.2640189520E+03
  1    ***    0.12929E+00    0.6482669203E+01    0.2678158795E+03
  1    ***    0.12929E+00    0.6522197674E+01    0.2684788766E+03
  1    ***    0.12929E+00    0.6561726145E+01    0.2780088414E+03
  1    ***    0.12929E+00    0.6601254616E+01    0.2716081224E+03
  1    ***    0.12929E+00    0.6640783086E+01    0.2641770617E+03
  1    ***    0.12929E+00    0.6680311557E+01    0.2627785069E+03
  1    ***    0.12929E+00    0.6719840028E+01    0.2605351082E+03
  1    ***    0.12929E+00    0.6759368499E+01    0.2592898192E+03
  1    ***    0.12929E+00    0.6798896969E+01    0.2611752104E+03
  1    ***    0.12929E+00    0.6838425440E+01    0.2620742785E+03
  1    ***    0.12929E+00    0.6877953911E+01    0.2608729618E+03
  1    ***    0.12929E+00    0.6917482382E+01    0.2615494267E+03
  1    ***    0.12929E+00    0.6957010852E+01    0.2681265945E+03
  1    ***    0.12929E+00    0.6996539323E+01    0.2691775079E+03
  1    ***    0.12929E+00    0.7036067794E+01    0.2741608728E+03
  1    ***    0.12929E+00    0.7075596265E+01    0.2632132089E+03
  1    ***    0.12929E+00    0.7115124735E+01    0.2616182157E+03
  1    ***    0.12929E+00    0.7154653206E+01    0.2585134783E+03
  1    ***    0.12929E+00    0.7194181677E+01    0.2597305783E+03
  1    ***    0.12929E+00    0.7233710148E+01    0.2666496161E+03
  1    ***    0.12929E+00    0.7273238618E+01    0.2582282447E+03
  1    ***    0.12929E+00    0.7312767089E+01    0.2554889141E+03
  1    ***    0.12929E+00    0.7352295560E+01    0.2539798300E+03
  1    ***    0.12929E+00    0.7391824031E+01    0.2538122815E+03
  1    ***    0.12929E+00    0.7431352501E+01    0.2530851630E+03
  1    ***    0.12929E+00    0.7470880972E+01    0.2540120772E+03
  1    ***    0.12929E+00    0.7510409443E+01    0.2553018860E+03
  1    ***    0.12929E+00    0.7549937914E+01    0.2564569562E+03
  1    ***    0.12929E+00    0.7589466384E+01    0.2564758776E+03
  1    ***    0.12929E+00    0.7628994855E+01    0.2526918602E+03
  1    ***    0.12929E+00    0.7668523326E+01    0.2517088202E+03
  1    ***    0.12929E+00    0.7708051797E+01    0.2492311311E+03
  1    ***    0.12929E+00    0.7747580267E+01    0.2512317627E+03
  1    ***    0.12929E+00    0.7787108738E+01    0.2528215284E+03
  1    ***    0.12929E+00    0.7826637209E+01    0.2601440059E+03
  1    ***    0.12929E+00    0.7866165680E+01    0.2525252016E+03
  1    ***    0.12929E+00    0.7905694150E+01    0.2532982963E+03
