   7.9827159355789084       -11.584449963564657     
   6.2718956767320684       -11.850687780054169     
   1.7882805575171554        4.5980042845212372     
   5.5081144139223603        9.4079051351689973     
   7.8757991713797324        4.7818417272224050     
   5.5934353690380947        11.407564189904818     
  -4.3112559577935858      -0.53447429625265419     
   5.8204717681112097       -2.8127682250344517     
   1.6720633472250592        2.6024942192097154     
   7.9137882116446550        2.3623663035829350     
   6.1953074112173665        5.8678631409011626     
  -7.9496120768973002       0.32182490987775647     
   10.388936974799108        1.4270050665377907     
   9.9407338286133520       -7.9936213124261304     
   4.5694014341758278        7.9512095279404926     
   4.3140418611018232       -3.6679699402359898     
  -7.7592840458423842        11.413110416767292     
  -9.7928269906699921       -7.8763478206408690     
   11.861956839745377       0.51435364849990861     
   7.8133662479049031       -1.0981496669806663     
   6.3903859900060125        1.5374333150659474     
   3.3399757998267514        1.5000968376191941     
  -5.6229238269630883       -3.2320295227305018     
   6.9137518667589228        2.3899203857960667     
  -5.0624627079042996       -4.0601504292943167     
   5.6315629571624841        12.407126797712669     
   7.3139756301027949       -3.6889079694297449     
   6.3266897070755110       -1.9500104142720207     
   7.1370263320835514        7.3228408584855558     
  -7.9080041937162751        2.9671052765539350     
  -9.3603003763819626       -6.9756250645414175     
   8.3477235985206839      -0.25114052784988999     
  -7.0512169483615255        8.8639280268212843     
   4.7479294267678211        11.941161508934801     
  0.39810808961350819       -10.697143751077785     
   12.333222992394061      -0.36791508927673311     
   3.6279960237872988        6.4979574065441401     
   3.3175289957943153       -3.7502435496674895     
   7.0857122332772784        6.3239675360764540     
  -8.2077436270064421        4.6732959389235909     
  0.89408034627480060        4.1487646091284898     
  -6.0545693768323883        8.9440935262306738     
   1.3956909997908729        15.064874834566650     
   4.4658169567434403        5.9540606908513087     
  0.11676627875627417        5.6965291703279792     
 -0.51132325438484660       -11.112984878414542     
  -7.6189327439501886        9.6871417355332632     
  -1.7849483784350384        2.8014082093590051     
  0.32758978497075630       -4.0012546499042676     
   1.6112150348599918        1.6043806481767902     
  -7.9292326122875227       -6.0023403777060027     
 -0.83433028785063013        4.2494829590532790     
  -2.0886556436831984       -5.0785403455646909     
   1.7307539928843720        3.6000282707056996     
 -0.70148267175364598       -13.103797824448080     
   3.0900699690223381        14.001954744133757     
  -6.9645504268512166       0.49546639521612446     
  -10.177573972038868        4.3267647302013135     
  -1.6649130140695869       -4.1726472181670795     
  -8.3275024352364788        12.236687196098917     
  -8.1874742714526541        10.509407300332315     
  -9.9237563340986377       -6.1495595229563609     
  -10.652836259824939       -9.6810748629104335     
   1.3590697829286587        14.065540821738900     
   6.1456151389816220        4.8689782419454337     
  -8.2505894938480733        2.0278067562190381     
  -7.2224307031047639        4.8456577819493623     
   4.4147254186890930        4.9557164179090254     
   4.8208651840526136       -2.8059109262856028     
   1.3078086193299996       -10.282082856742743     
  -10.520392138343176        3.3878689986237198     
   8.3892387240723654        1.4827235315670810     
  -8.8928929825895757        2.7939367862561708     
  -5.9152143069812571        7.2184575519221861     
  -7.1906006253833414        10.590550539821772     
   4.6653058683819326        9.9466424012050521     
   2.7375178970309677        6.0458273072319422     
  -9.8342286566400947        5.2666984196215108     
   3.5745962593088647        5.4989818670580535     
   14.332060548796914      -0.43338652411369560     
  -7.0571817347168126       -4.2026111692995256     
   10.813136968344857       -8.4830556746715597     
   2.3206785494493962       -3.8335757410640801     
  -6.2375760072732076        5.0171503953427781     
   2.2425800067618802        14.533094707161368     
   6.3482150064604097        8.8644792315484278     
  -6.4966508746207285       -5.0306571545396430     
  -6.4831543395635878        8.0408499953881591     
   1.8455026055711878        5.5959793184822635     
  -9.6563103165940838       -9.6005701795766694     
   8.8650714951869709       0.60458139003343037     
   7.2043159460608868       -12.211481782600334     
   2.4455139028255743        1.0533120738641040     
  -11.219845483565237       -8.8572821079150756     
  -10.789227576652710       -7.9535835939360293     
   4.7852262132480874        12.939800671761777     
  -6.0596063637660205       -4.1311896671767911     
   6.8133955674595494       -1.0762167343201339     
   6.9853614214498085        4.3268742609552655     
   13.332851488319200      -0.40084011589711604     
   8.0278990878871834        7.7776169751998099     
   3.9375127339560216        13.470740982342020     
   3.9011788464304393        12.472094850759197     
  -7.4938738626351338       -5.1025713263550481     
  -9.4889219688839344       -5.2486291788413730     
   9.3888698090537552        1.4564249563877114     
  -1.7277727403991010        3.7996443863552583     
   6.1191780713509987       -10.861984958458432     
 -0.77696364261621309        5.2478205403624765     
  0.49292746600812676       -9.7019240827079418     
   14.860148748900395       0.41605959038416784     
   3.0539458853233947        13.003108929213532     
   1.3242386053704243       -3.9165611098391460     
   4.5182157190895289        6.9522330393531364     
  -6.8787504552187793        5.7847494087715665     
  -8.9260075043827740       -6.0749363400284668     
  -5.4857524301741822        8.1217281091868827     
  0.30359760483000076       -11.692429920880885     
  -1.6101193057155281       -13.519479159194121     
  -1.6701770393910389        4.7977148844608895     
   4.7077978869233164        10.943804418900907     
   5.3142130822463320       -3.6759168277989138     
   7.8653649818850013       0.63093126239127573     
   7.3902126649892423        1.5106514077095483     
  0.95237077613880050        5.1468835110502029     
   3.8871884299111406       -4.5718333694963569     
   4.6191995500146463        8.9491416674794415     
   2.6817058340079294        5.0474483822513516     
   2.5663084720462326        3.0503680818796592     
   10.786893897521271       -6.4830965349871992     
  -7.3312203827910238        12.316734733557364     
   3.7291470089048384        8.4942010382540243     
  -8.5923070878619523        1.0877513365117688     
   8.9179737114512925        8.2327730708963749     
  -1.4204477539020166       -11.528791087069449     
  -10.223845039102770       -8.7780845962757379     
  0.89906079060001509       -4.8218512880544715     
  -7.6076984372472349        1.2615303631126866     
   5.5523230091215741        10.407723797715324     
   12.860951396262182       0.48092063548300196     
   1.2129088293034052       -11.277373718870907     
   6.3144167778785416       -3.6815302524400808     
   5.8129921325664444       -1.0918887804364157     
   5.8876265283042017E-002   4.6983848783251281     
  -9.5353514033369535        3.5608621010748434     
   9.9273936848011832       -6.9940109011796254     
  -3.7505557444479130       -1.3621671400553337     
  -9.6679890372489710E-002  -4.9069588516959657     
  -8.5503727334251955        3.7337383239008983     
  -4.6249321050012417       -3.1610279507992658     
   11.388706904979189        1.3957665997350781     
   7.1883413060126014        8.3215654258749314     
   2.5062232927700943        2.0517268079140298     
   2.8909719047772211       -4.6545334178190316     
 -0.41663258803218867       -10.117267603232293     
  -9.8778792634153092        2.6209880322438499     
   7.0509840203967791       -11.223405231759314     
  -6.6226315341598614        1.4352602708443427     
  -8.4912991856086659       -5.1748180148806098     
   11.334800520042394      -0.33544756565298622     
   7.0354128346369977        5.3254592844078523     
  -9.1925927825107241        4.5003730721797517     
  -6.7627493147759221        11.494118489377779     
  -10.357543946598982       -7.0512981362533855     
   5.3054360818972484        5.4107026863875953     
   6.8205903766235139       -2.8195748117680579     
 -0.60600102009814305       -12.108391011838187     
  -5.1844304518674988       -2.3329323542308140     
  -4.1871027008352737       -2.2613856647447146     
   3.6789431044653411        7.4960701419883602     
   5.4588010720451372        8.4082140339804390     
   13.860477906223272       0.44839574825683604     
  -1.5156572218607665       -12.523918257716392     
  -6.6224039525427294        9.7675217429101462     
  -6.6202720208180237       -3.3037250390254549     
 -0.66846590514606419       -4.0871818198609722     
   8.0786431863024948        8.7759386572445077     
  -4.7477290028654755       -1.4335300000998674     
   2.6237362493250305        4.0486304258158174     
 -0.89142626135478953        3.2515984903092523     
  -7.2656907933856445        2.2010042543827550     
   6.2467736392360429        6.8667883833936632     
   7.8205414586866127       -2.8268084696858216     
  -8.8494265965518331        5.4397549108788112     
  -1.0927108915180128       -4.9925583886744613     
   2.2061519291717406        13.533959626123565     
  -8.0544200193799504       -4.2745420792764683     
   10.799749875326503       -7.4828764540999702     
   1.8951741076729300       -4.7377697190027694     
  -8.3638931382789394       -6.9024568500221974     
   1.4026210719695225       -9.2869496464905623     
  -10.084608674507463       -10.503964712841457     
   9.8638295325557248       0.57592892542557406     
   6.2979774515223630        7.8652564119313704     
   8.3202319546105254       -1.9609911547714272     
   11.672291178778796       -7.9718689809612835     
   10.862624619779577       0.54565168130704422     
  -7.8642891084865676        5.6126282765069977     
   7.3302572240335282      -0.22008422399502600     
  -8.6150820653509648        9.6054504274265149     
