   8.3596045449869205       -7.3966354738540723     
   6.8478419533663955        12.018927291110398     
  -9.6788192199220564        9.4100384059928448     
  -5.1122798723735876       -11.485746552559799     
   4.0491416190689895        9.1381262044669302     
  -1.6607536181666962        11.055230637053109     
   5.7913879132120618        6.3543504503081945     
   2.0069753267316437        13.958161429574330     
  -4.1798538365098565        3.1612558455866693     
  -4.7706977059507647       -9.8092876827341033     
   11.604782580079693       -8.2901048743221288     
   5.3883228352247841       -6.7841770790578018     
  -8.2121508767764517       -2.9911145761219866     
   10.787022716998054       -10.800874885857390     
   8.4567114465974385       -8.3892305735771693     
 -0.37219286686551256        4.4731068171576212     
   14.614867432439020       -4.0737114771009439     
  0.77206687623693604        15.239964589126549     
  -1.5626770100357599        3.8099113547370611     
   3.8049947977060552        5.8479493913408627     
  0.13440322882543101       -7.9733376767677635     
  -7.1551636841045845        8.2915332391486540     
   3.8491149177590360        4.6269023738725314     
  -9.4365057638047372        4.9436750569866659     
  -7.3766807597276953        12.554453388341916     
  -8.6408164219155861       -7.2740069741598106     
  -12.063653037112909       -7.5419409156408825     
   3.9432215387260419        14.791703352537821     
 -0.29136661239426964        14.999285205582462     
   6.7946107474621060       -13.720996087200074     
  -7.6400670396223651        2.4892975638006396     
   3.1497900516315762        10.314191930788663     
  -2.4965101087723007        4.1663992382712314     
   5.3699310514755885      -0.57376623047531627     
   9.2028371255278003       0.60925343923446074     
   2.2936705701349429       -1.4324112887379195     
   12.635300376259977       0.80949206315615374     
  -7.2244602714435109       -2.7913586045838978     
   11.822584618208859       -4.4166228584246321     
  -13.166330301609610        5.2041456745991734     
  -14.888941902633354       -3.5020666087975627     
   12.929931783067392        1.7913731761490004     
  -6.6392935628882315       -3.7281476895385839     
  0.26582376613381731        3.6178746385740608     
  -7.5197615556456290       -8.9380737491476854     
  -2.8605480466301159        13.089004460307601     
  -12.104362350530005        3.0238923238852657     
  -9.1186757537952694       -12.296098203922210     
  -1.6501719362149303        1.6478042903992147     
  -6.2551035797994539       -13.926571861588654     
  -2.0704660485031772        8.7669382974255168     
   2.5761271936144747       -15.091112455659209     
  -4.4858141808064014        14.637813518017548     
  -10.994739415362826        3.4248568842761191     
  -5.2920578647204710       -13.135005448037116     
   1.1350012413876771       -11.401264274360726     
   8.0723417250697587      -0.95611397032584322     
   11.537382351789063        7.5130499213963144     
   8.1797865878781177       0.56293896375240704     
   4.8318679721171671        12.629597892242023     
   3.6480808797516415       -14.870174227549862     
   4.1612893164414251       -11.998842454565716     
  -3.2231724860764359        3.4838503739218112     
  -7.8888330864430456       -2.0455313625790055     
  -6.8099796597858564        9.8853326763715934     
   11.708199960051560       0.39140952146932800     
   3.3751996050610886        7.6297582067937793     
   1.5204341840208582       -9.6841093233282329     
  -14.029488561388304       -2.9370683378418807     
   2.9183339078713706        13.550742075787960     
  -10.626558433927507        1.3654149116351042     
   6.3913171202650885        2.2566587074337625     
  -7.0261382411346593       -10.852436960234430     
  -10.914442291443031      -0.21713954351761797     
   12.458543268751523        7.9785258750878665     
   15.135080228259241        2.3160909423451623     
  -11.708133284369083       -3.7199899410993487     
  -1.9360668267423400        13.836098431987875     
  -3.7901282436437715        6.8187878432378124     
  -10.585051861720110       -11.024474792083888     
   14.854497991268195       -2.8906716431731705     
   1.4434717349519162        12.845053050577905     
   9.6618406499006770       -11.467648868065467     
   2.1579138781160396      -0.44360727226233654     
   1.6290055659353435        11.184547935703359     
  -6.4916289885144209       -8.8643641590664313     
   5.1230529967530734       -8.4390347605156073     
   13.331510937111352        4.3639095151549654     
   8.6381761860222799       -12.641828736617219     
  -4.4955836352414513        9.5279347723887771     
  -7.4406662632213463        1.5112270766474267     
   15.300185105127369      -0.57419459694555641     
  -5.0291607785213355       -5.5764579658537077     
   4.9642187407477048        1.4931610136604898     
  0.11310496507533668       -10.796661434394469     
  -10.724839881593205        8.2951491895502674     
  -2.7035192778931818        7.1381919556043751     
  0.12077258081062044        2.6051944410360082     
  -13.215015700543765        7.7328422805921671     
   11.869664750738728       -7.3143430806011231     
   3.1043656437327454       -3.9622289212651083     
  -11.644135117839751       -6.1204269317178479     
   1.1156186045285643       -7.7758126111727099     
   5.1318330290095373        7.5593283486244980     
   1.3008346977686980       -1.5476635521009396     
 -0.78398163679655619        3.1718287304654633     
  -13.053920271441736        6.7478382698590513     
   10.680755176909360       -2.5983463025684901     
   10.741731064375442       -9.7948326808565618     
   10.897084408648881        2.0701104043080063     
   7.9798844061618581        3.3418400014521015     
   5.5581688188993743        9.3268741570426066     
   11.562599845165774       -5.3831650865276313     
   4.1829001613137882        6.9422092324616109     
  -10.735124991716321        2.4320025475072851     
   6.2238668062874662       -1.1487051886172404     
   4.9307097661010397       -9.4216605221868406     
  -2.6815995447495125       -6.3506367389532379     
  0.44917896222488929       0.69094480660881585     
  -5.5806658819024495        10.608056116438455     
  -15.242354712338546        1.4402334502339871     
   6.1186355730808426        13.853850907527896     
  -8.5869447381253892        2.8453903903389106     
   6.1035068173927165        1.2872436412098265     
  -3.6435786674628448       -10.878459032066152     
   3.9150416457350761        1.1217284300615937     
   9.8008631494723080       -3.0639373081620862     
   12.463401164810545      -0.25739477938371169     
  -5.7911623919700395       -7.1655918510460976     
  -14.037879901700812       -4.9647415134918838     
   8.3611507045487006        8.3361124289490558     
  -4.5378204194882628       -12.303440783095134     
  -4.6162928464625672       -3.8222123592948618     
  -12.770011758213883        1.5260104604860405     
  -3.5257019589631358        14.896898863216855     
   2.7721389205576714        8.8817317340575919     
  -7.1433922018000136       -13.457788494748064     
   4.2882244566014860       -5.5562269583346229     
   15.305579112541992       0.42173419220693120     
   1.2790372487740620       -14.475590274762025     
  -1.8240005834835329       -10.960404465861240     
  -6.6022157175333565        10.864494754628657     
   1.6194908905578856E-002   14.050106846337306     
   2.0969031127470767       -13.903628792360633     
  -7.8609382531381078       -5.3701853332321470E-002
   9.5537180211066097        4.5944774533848518     
  -4.9143175277851947        4.4900752157920278     
  -6.0199719691332456       -4.5430868142296505     
   10.622355413462561       -8.1093519455942555     
   3.1630515440308620       -12.139560553161008     
   4.8433668467148703        8.5155668767110484     
  -4.7848882334622571       -7.0319016428436694     
  -13.397747116558040       -5.7381609589885674     
   1.4767664230701900        1.1071447818597007     
   8.1991162716686503       -11.485646993104325     
  -9.0618353047569453       -3.5574932082552828     
  -11.570318917548374        1.8835263731384930     
   7.5878670393655723        7.0258042980577313     
  -7.4159288660709519       -9.9304173274457010     
 -0.60138495035786566       0.96061018268342768     
  -7.8642546759071195       -11.396251842157220     
   9.2437642181598267       -2.2316590912050360     
  -12.177192382574653        8.2021217315822845     
  -13.953970237254264        5.8115297362286098     
   4.8289932955949908        14.082149337112838     
   13.444830131340277        3.3728198698397587     
   13.886643781690882        1.4162709793634198     
   12.722928371937495       -4.8452889391488965     
   9.1951292225872496       -6.8478681620101609     
  -5.7665196347776035       -12.251471079383862     
  0.27601624704979627       -1.3651993077968221     
   2.1174992145979572        9.9190050245238073     
  -15.088201781878118        2.6040495456726784     
   2.8924973462237502        14.736128442665212     
   1.2470481747474884       -2.0300820796491072E-002
   10.455288833898031        3.1472547158330872     
  -10.971588776023042       -3.8170126505400792     
  -2.5241009982235258      -0.47692044193898309     
   4.6037911402188501       0.39772924992369441     
  -7.6352819204385991       -12.553490045775835     
   8.7660855155332129        2.7296284806348963     
   10.962663798230430        1.0520334726659710     
  -1.4713284170791061       -2.6082766518770573     
   9.1347409982616163       -1.0550642087188331     
  -2.6339296002812245       -1.9980563440836276     
  0.39217018987453822       -14.942725468552924     
  -6.7493018155281757       -12.095850137195054     
  -4.2450269101755991        2.1605840892246824     
  -1.2876183658548928        15.048715814795669     
   7.3451338109914088       -12.007558409509441     
  -1.9381260475917126       -1.2829811595382667     
  -7.0560466642873427        6.7979704423179319     
   12.445511182769508        3.3704794082068852     
  -3.9739849541811352        4.1393576678908666     
   5.5892129203958385       -10.301306318506480     
  -1.3920955310706680        9.4983747607268878     
   2.4278532051836503        7.9464014705740382     
   7.1133066005757168       -10.435075538398166     
  -4.5646931741980090       -8.7406622671203476     
   1.0114044876074604        13.981521283820062     
