   1.5980280968314440       0.23877423539344436     
  -8.9832191365662037       -2.9111123730500124     
  -8.5018029346401640       -12.399239944515848     
 -0.61245509678880827        12.142648240379456     
  -3.7750362096055090       -1.4519236968189264     
   4.7271423535741368        7.0885691350735724     
  -15.302580480035266      -0.51144055048245984     
  -11.096233845208534       -9.2164125318422432     
   1.2988310691665557        10.829844554861019     
  0.35070593498516600       0.41928140663928493     
   10.736551945086095      -0.79207410871860440     
  -11.851352275167319       -5.2301938099321843     
  -3.7392126397466461       -14.846429302414222     
   7.6428383647322349        4.6015496834593783     
 -0.15523624678216144        10.275168128654730     
   2.4802742593777545        7.3970615997449096     
   10.163893338142355        8.2384098014672045     
  -13.960393713852657        3.0013028178996377     
  -11.307054257616551        2.2084976553189537     
   8.9482611082614074        8.4779313255863737     
  -11.792504550614057        3.5996589433395636     
  -11.300482772849458       -6.0644539239057949     
   12.381139533404834       0.42098228687348943     
  0.63269978465440768        13.632370364033818     
   12.726422339602646        1.5058986377932482     
  0.76357087862847384       -7.2752042331353133     
  0.94457007393185344        3.5319160998314119     
  0.61358143693784140       -15.158893305725949     
  -2.8781047869640588       -1.8939440640674192     
  -2.3330755647521366       -6.0254058524737815     
   11.100613653225189       0.26470650933550921     
  -13.215646966716585       -5.6945862617691674     
  -6.2669331491223774        9.9179563757847617     
 -0.78071097343813300      -0.45084855435507309     
  -10.948155498931545        6.0366289990941526     
 -0.16253530799773408        13.030856567537970     
  -5.7132608355542231       -12.127658591405025     
  -1.5517586922383511       -11.926186949852569     
   11.832683530285358        1.9486143627067762     
   8.3248357223299028        7.6972578271582890     
   1.9323164931351584       -13.539640327297073     
  -1.9381221791125149        3.2566709987846032     
   12.454090438062151       -6.2205448278795590     
   8.8773216614996091       -5.5970264030945138     
  -4.6191416226290620       -13.568123272561671     
   1.5959017967069340       -6.4615738302199341     
   9.3927226972587921        7.5870054288555790     
   5.4379596250614535       -8.7387698918449939     
  -13.793498640400767        2.0157676692717250     
  -3.1694027018740454        6.1687037894325982     
   14.505979874200577        3.4086209492132857     
   6.4303118916434636       -8.7019213478252251     
  -4.8331290640549600        4.0261204165254529     
  0.49966748528420790        7.1182986882118655     
   5.6761123252075096       -5.2609436950293800     
  -1.3027430729096601        6.2612283860896767     
  -1.6744633847370867       -3.5150096602559535     
   8.9265162879397160       -1.6844477282015831     
  -2.7424291848345139       -4.1329524089815175     
  -2.1581463118871467       -1.1906615622930590     
  -3.3632050422490272      -0.53182646620583929     
   8.4117351703826380        3.9501835894798440     
  -5.7908072878788399        12.763212603645938     
  -1.6666484567183326       -2.3480704607173490     
   7.0761328744105425        5.5691561331402699     
  -9.4371586728539896       -12.021550233881539     
  -7.5943557086409141       -1.9841529415778840     
   2.4590532222368320       -7.5908065009982391     
   8.3116426990199574      -0.89866846335135275     
  -3.1277452820743852       0.73319813030332059     
   10.494083788171213        1.0602966341807611     
   1.5960680175273829        7.8636524389376135     
   10.393844980565891       -10.019066882678072     
   7.3604384817784050       0.85675115165278837     
  -6.8547380071198836       -6.3788233863431500     
   7.7729165330215375        12.230519484180705     
  -3.5132447433141833        5.2302117978926388     
  -11.652260368675032        5.1246597612977940     
  -6.6495684440076381        12.121376072388010     
   15.300811818536987      -0.31418528969234377     
  -1.2397608180335571       0.44221745625965575     
  -12.858221188784329        3.0838335648957638     
  -9.4998071709705645       -11.019520906409328     
  -5.2565680476741665        11.188772011861996     
   4.2885949709101139       -8.0337952471208087     
   12.595399667020084       -2.3104445948689705     
  0.79547481133418818       -4.2957348258282959     
   3.8690051516993238        6.5839954685044857     
  -11.807614541460040       -1.0607078872142424     
   2.4014188001327006      -0.54336316656627159     
   5.7835054584302164       -6.3446783835994687     
  -4.2480509100564303        2.0818433573101651     
   15.296183342721156       0.68219267440946096     
  -2.5172856112173640        5.4147684421141884     
   14.646292098726899       -3.8130995810029642     
  -2.1236551479066197        10.475548772889123     
   3.4507451761667434       -7.4878496214159371     
  -2.3900388358875255       -3.9950436268745650E-002
 -0.10085312137526255       -9.4046065471986839     
  -10.341375182067521        1.3745976488833549     
   9.3572655725716949        1.4633374969877764     
   3.9682883690624675       -9.3336693180162786     
  -11.357993585421985        10.108283432280935     
   9.3286143910057415        10.499439509703013     
  -4.7147574650712336       -14.561790675439454     
  -8.1844400546856821        5.0751488992208769     
  0.52017172914608578        4.4347430403043226     
  -1.3118267577912137        7.5244705722830441     
   5.2740321423850283       0.66740361473487042     
  -5.5306174683968727        7.9607610401300466     
 -0.21160478193067592        5.9199212270066761     
   5.6000265065032027       -13.367403640584365     
   1.7412985365278097       -1.3127714853171746     
   4.0936495530221109       -5.3582439253715179     
  -13.870489557063848       -6.4479880785892005     
   7.8444829056403833       -1.6332293668429389E-002
 -0.37601872582579954       -10.362783939279291     
   2.6400126223065783       -11.801230668652638     
  -8.5890122014842536        1.2288106462834520     
  -15.012432929628531        3.0054954854358553     
   2.8877099890427114       -13.828075525085234     
  -2.7408440943498977       -14.966086121798066     
  -10.492657825933705       -10.913585860449126     
  -10.596223221412549        2.7797793630719998E-002
  -10.030431433151618       -7.4770258391974140     
   8.8030680685146621       -3.1178355803114788     
 -0.84928409910611702        1.3623637799875523     
  -4.6326022123418840       -11.190614517423755     
  -3.7224900899049835       -13.112705441660315     
  0.93603623627901522       -5.2856289188558554     
  0.84064538518366760       -8.4447285875529783     
  -11.327065365775033        1.1675030076850152     
   2.5175213009537027       -6.0789281701040752     
   12.496872152452845       -8.8377928311750598     
   4.7838012866737651        4.5590870028762795     
   6.9039617972166196       -7.2536003820446187     
  -4.9678702821149239        1.1988541224003466     
   1.9713268170596818       -12.540202571497606     
   7.4772202334456468       -13.184115644084482     
   3.1115462060240988       -4.9238041463943247     
 -0.69271621293829144        11.148812735194792     
   10.169622657349807       -11.446079695551045     
  -12.809397109115048        4.0805447021575665     
   10.109926368315710        3.5623460367775093     
  -11.826213073200654       -8.5397000185209500     
   1.3488773190732992       -11.758890933249463     
   7.4310588188600475       -8.8354162398033527     
  -13.292519565487439       -7.2968060332377069     
   10.393463976970910       -2.8508021568251394     
   3.3750813791347292       -8.5343964904182439     
   10.898974411494605        10.748236711462338     
  -9.0347674702424303       -5.4433251536561471     
   2.1782447818179893       -9.9019696783116888     
  -2.5322552879374585       -7.9973400514465549     
  -1.9842220223603881       -9.5214089088948608     
   13.524745425773149        7.0225759107730870     
  -9.5276491700167991       -8.3418788391380581     
  -1.4848170442349824       -14.921397300475579     
   9.2747211476059022       -12.052384542940288     
   9.1698993803303868      -0.36197266246964760     
   4.2224132170099811       -10.614576428881596     
  -4.7130413633485277       -12.185002552983576     
   8.7398401590974242        11.960968901541616     
  -3.2332694759464968       -12.037721139098362     
   1.0554812408271055        9.1048762071726834     
   12.922283308262219       -5.3374410617882084     
   14.114580599502251        1.5258611041421286     
   3.9258169515534176        8.5006941270419283     
  -1.1519999388023991        10.261229653628956     
   3.4331920823422091       -6.4936204915745721     
   9.6661004233181078       0.50524443545671371     
  -12.979101967340792       -3.4617917540741447     
  -11.078082055560435        4.2954539466497090     
  -8.8041575206267808       0.25440811658474594     
   1.5994078478179345       -3.6889234957849846     
   3.3622058769210601       -11.118239139493538     
  -1.7727532450638015        14.668855718090619     
  -5.4922846494211681        13.719366719131248     
  -5.5890990873202204        2.9685112652276784     
 -0.80082218066067756        14.882787285105337     
  -2.3288161691022173        6.7091776158540384     
   1.2033787602707602        14.829131619583098     
   9.6879057141594114       -3.5805182856735076     
  -3.0864298771122542        12.989592372750222     
  -11.305185556806224       -10.326011948227666     
   7.7832166239064122       -7.7223609758009193     
 -0.11777969291278306        9.2636685353314316     
   5.2142887739385921        12.657843637756420     
   9.8792184412672501        11.348487574165988     
  -10.392402711896986       -9.9228104235858225     
   13.078076189757782       -6.9933591598845126     
   9.7027700696232415        9.1310435475877707     
  -8.5616559599331890       -4.0440615968611064     
  -11.519082645771302       -4.2917481511314008     
 -0.68469269646408937        13.894106542592546     
   13.514463967057615       -1.7207240210927792     
  -10.179837958788209       -2.9412897909745350     
   4.4127484292766583       -6.3059615719213271     
   5.6724244425980466        1.6095379583272205     
   5.3986601259730840       -7.7411969068426538     
