  -1.3446982297484535      -0.47727353913325421     
   4.0594357667268497        2.1907894353119621     
   4.9051757837357712       0.11600957211625749     
   1.4024664646021334        3.6526965485387968     
 -0.34275133393269858        2.5928744229000071     
   1.2098542058909607        4.7376456766694632     
 -0.87424573176643550       -1.0916978918997287     
  0.68115514052215098        2.1683920210062548     
  0.49244384197732760      -0.71921743709631558     
  -2.5639497910021900      -0.72825580616708840     
   2.6124785075141195      -0.53926134042735252     
   2.4141478518394823       -3.0435160711450178     
 -0.22790686003498922      -0.36466976248680272     
  0.85903294022584564       -2.8905944824226641     
   7.9936658407611043        1.8360681118967763     
  0.67554240909415875        3.1213586092800560     
   4.8031369021795607        2.3880582527916081     
   2.0536936138476514        6.2498441507947584     
  -2.3162314791765719        1.5867635123760495     
 -0.48843352081752545        7.8963760229653017     
  -1.6573857640219256        2.9982620825406112     
  -1.8893465219260803        3.7813168798725485     
  -4.1551822938932288        4.6283758878806749     
  -3.5680283846750975       0.14654476485213985     
  -3.2326684221919568        3.1893589178164095     
  -2.7819604006729990       -1.6610878220233076     
  -6.5879092824733325       -2.2570235232168279     
  -6.6880785196045673      -0.91379912017814979     
  -2.0738825754114836       -3.0248252252882639     
  -2.0474432638753441       -5.5181146572957136     
   1.0532727334534380       -3.8523998244344564     
   2.7536333811590832       -4.2256942782795619     
   4.3410305506602453       -4.1631688128203441     
   4.2035734303203895      -0.90993999270448167     
   2.9052744263973564       -2.1086367038485734     
   2.6560411932695316       -6.3311274871937711     
  0.97830161027814277      -0.99585963979505454     
   7.9675106046366349      -0.50418066994607980     
   8.5164180868944559       0.67541666565037206     
   8.5516508152650044        3.7280163606415679     
   6.4293125984621620        4.1581696384792348     
   6.0004348880314691        3.5203453417141510     
   3.0993330430508874        4.5969910495691906     
   2.5950003748189818        6.9837714566991673     
   1.8757748839044694        7.6276407805345743     
   1.3833075744595276        6.5648897146994498     
   6.2602606206427755E-002   6.5618521239078733     
  -2.7031528327337075        4.5973796174357702     
  -5.2595843223880880        4.9362893278435811     
  -1.1072868331767747        7.2443492387728670     
  -5.8910090689108836        4.5221216507505737     
  -2.6225273856904137        5.7621126374125256     
  -5.6046639644433904        5.9844631372033685     
  -3.7142785307252204        5.1620344979344699     
  -5.5721017231767229      -0.31510454365422119     
  -6.9612944691062744        1.0624595216913266     
  -6.4871376928600748       -1.0457384458773521E-002
  -8.6994721980063723       -2.0329516909003673     
  -6.0764221350404624       -4.9046782657186005     
  -6.7228687834426797       -3.6049228763759036     
 -0.84077156474140058       -4.6851024984659846     
  -5.4627209664672822       -10.599337068536119     
  0.14266489217719400       -4.6145685027351213     
  -4.5000379780045519       -8.2862758080709398     
  -4.4657917329357932       -6.2135916113742571     
 -0.90203198863995304       -7.1523905465542539     
   4.1738263507485787       -6.8413359876269073     
   6.5633675805182756       -5.2017137436770327     
   6.5316685607752643       -6.4959509657374346     
   4.4065432605914241       -5.3647473494820597     
   6.4005262547074446       -2.8802564395841106     
   4.9969160729560969       -4.7179685677648022     
   7.5761490537200435        2.1112431633540982     
   8.8808680862296558       -1.3246714062473173     
   6.2281579902469471        5.6836055411401833     
   9.6117797634953863       0.62510827924652201     
   8.4455533579538429       -1.6058448274541077     
   9.9752078595848168        3.7710996282098992     
   9.6746474175087904        7.6771556588031054     
   8.2154782613225539        5.9939152420747339     
   6.9629729160987637        7.6815263604195749     
   8.5622055296097681        8.4832312113951556     
   1.3773945652641308        8.1966892817402908     
   1.7517692677928465        9.8469029390040586     
   2.3644392725780206        10.308546726309741     
  -1.9996885328800282        9.5505069146286701     
   2.2737212663208286        5.5484092377931322     
  -2.4080563431712210        10.509206983567571     
  -5.8849424052942609        9.6467530529244385     
  -7.4296765545897818        5.1771775969339942     
  -6.7555839627695180        8.7845736577575515     
  -4.8116896964584708        10.238510409877332     
  -6.1598065260899544        5.5635721955171960     
  -7.0684129025559628        3.1323402378633163     
  -12.437091564918873        2.2702485525429781     
  -9.4528965138626475       -7.8843529275455876E-002
  -10.654464216801427      -0.31474972003039497     
  -10.797877566011580        3.3838897692476810     
  -7.9031899590660206       -1.4907118172118963     
  -7.5666516334588509       -4.5857565825404354     
  -7.7307901473824385       -3.6714640032883410     
  -8.6873629029248125       -4.8792363029823465     
  -6.8919328582770820       -4.8498558759415253     
  -7.0448156490211131       -5.9014157958592532     
  -5.7949689032282228       -5.9478950681581422     
  -5.2767605649120934       -8.7391302380514375     
  -6.4047103903600346       -13.834507109670978     
  -3.6189360766778726       -6.7319871747800626     
  -3.6061138313723951       -9.2194844055167593     
   2.2995631947952946       -8.0494688083013433     
  -4.5579057212689206E-002  -11.638617668803853     
   2.0957063396671622       -9.2361572401359098     
  -2.5484518379982672       -13.641481175867693     
   3.5336336047995447       -8.4705313442861883     
   6.2534887684386868       -9.8343142595423725     
   9.9927714454353147       -7.6024419865737221     
   9.2724258035568941       -6.5959589368025400     
   6.0470180228635861       -4.2308010928861544     
   5.9592744125926647      -0.78228590119673969     
   11.031425659976813       0.91310809894221756     
   7.4562548547860441       -2.2034207728901190     
   10.199203199475171       -1.8543824831557829     
   14.102007052374788       0.91042183282819322     
   10.631837763827789        2.8028275201926314     
   13.710409371959614        3.8402181710488295     
   11.485503529971000       0.15659694774863836     
   8.4957466345344024        6.7575977777807914     
   9.0120388373953357        5.1929162335504078     
   9.9446643537285944        10.074962159387901     
   11.339507443030797        8.5709850969618806     
   10.473335338355602        9.1859968103407095     
   9.6835492888707293        11.848705390718612     
   1.9702043196202208        11.109991371869924     
   5.0785935055105549        12.170713483941558     
   2.5185136199581057        12.957192362011172     
  0.55637075376027800        13.634582426811100     
   3.6044334355280504E-002   11.511505382734521     
   3.0254445159429606        11.905629099453277     
  -1.3323908424459281        12.820527913668151     
  -3.3913123610547209        11.518832107245499     
  -1.2334217265699412        15.235469092653760     
  -4.9662975282759270        12.878929603821565     
  -5.7147995962611677        6.8991967200195807     
  -5.6526069188075123        12.119498044907514     
  -10.620139451885413        7.0703973940654103     
  -11.109376684464694        9.9430045022258984     
  -6.6440657154631895        6.0404972119662519     
  -8.3328400560718379        8.6613782610167167     
  -13.157586457966108        5.3897197118132070     
  -7.9953834304079896        4.4661878877380774     
  -12.792138304041556       0.20382731105295007     
  -14.580648790769771        1.6315313969923020     
  -11.076636720358369       -1.8532253215909746     
  -10.498844760084253       -3.7101392470426644     
  -11.190031509789559       -4.7534264064649721     
  -9.3174345819250259       -2.4511525022784761     
  -11.786810950430121       -8.0364259452283466     
  -8.5620608751562148       -5.5121011856254523     
  -6.3397826574487324       -8.0930519439653494     
  -7.8789506888916057       -9.3611001421346725     
  -5.3578558515588837       -11.356918423080662     
  -7.1501372087737671       -10.550541618524409     
  -2.7395032340400789       -6.5877482779856535     
  -3.2982499862055841       -11.366760287892042     
  -2.0328657786133055       -14.390556467074147     
   1.2111348872509604       -15.255229429238295     
  -1.0504842565500503       -12.182697253791428     
   4.0032314330872492       -10.282381430209968     
   2.8961860345655017       -13.783709115748479     
   2.5445983455627843       -12.541254537425482     
   4.1069566492791107       -12.112380567485618     
   7.0987463708294705       -10.865058920289250     
   5.8358181960532027       -10.421256672495099     
   11.077526002794951       -10.071937465487666     
   9.0801150021607615       -8.2586428224789561     
   10.715902543000654       -7.7574330095948048     
   8.8304086167132230       -2.9409036590415765     
   10.353406569516940       -3.4865477494267489     
   13.758856043265492       -5.3431181344886243     
   7.3828664745925767       -4.4101959092866210     
   14.664832338488603       -1.5718719421347001     
 -0.34772989502792745       -9.4578641531396510     
  0.99193428053105548       -13.049444795269006     
 -0.93810336867721500       -11.124418992180052     
   8.5583792374142806       -11.507639754096584     
   9.6161545636119818       -11.450825467639456     
   11.278549833962993       -9.3611862140189448     
   5.4906628828755002       -11.498063526476773     
   6.7705269607484713       -4.1922038748281283     
   5.9233330794999421       -13.958186714889310     
   8.8260621992831805       -9.8324052494472660     
   10.941959012671941       -4.9401468615534938     
   12.554077993787566       -4.1676835622341502     
   14.430168849979054       -4.3682470500403108     
   14.988214780267063       -3.0823584642875170     
   12.064997404482735       -6.0820348638444903     
   13.307858839676307        2.1001286755277428     
   14.840201882561770       0.17598523443370517     
   12.818722521547555       0.80291098136282912     
   10.001063458350833        5.2245674744779045     
