   2.6928992832790994       -7.8405633594092103     
   12.178187460731483       -2.3871473248610218     
  -9.8477488409875686       -1.7283213344789083     
   1.4286494366886491        6.2246602588509310     
  0.99186608292689371       -11.571171101622134     
  -7.8605479854716522        3.4691297689741032     
   12.092524154089283       -1.3908151937719817     
   1.9196828622179933        4.3549460068649699     
   1.2556061521584478       -10.584152059002111     
  -5.7259687955184040        10.148268937624529     
   1.1512811042113631        7.1858787845290975     
   5.3413910355945635        8.5190904968659726     
  -8.1742805592497216        5.1073115745875723     
   10.790261235215446       0.13568610194817415     
  -6.3168061798237707       0.89537530469363880     
   11.532584908497203        4.3105225530013165     
  -5.9009276116689833        3.3515105559986647     
   9.3350715475048887        6.5539080240748531     
   4.9646938389168360       -3.7992784452783042     
   5.7577019589760230       -9.0490197847563447     
  -3.1563990445573551        2.2777317013789511     
   5.8943623285283326       -10.917476972297361     
   1.8734111162763634        2.2085235370467222     
  -4.9549516444882054       -11.191209684394648     
  -1.0797601433841189        8.1482301553796450     
 -0.31755785674325843        3.5791183564755276     
  -4.2573096880511700        4.4021776576311069     
 -0.92470961568762722       -7.9018325813495949     
  -1.6370252834961492       -10.650173517678537     
   10.739793584136388       -3.4106984741977606     
   1.1073777315300410       -6.6623971538020577     
  -1.6860930954408584       -9.6508588238034072     
  -5.3293912649046380        1.0530861519847481     
  -2.3446219193877722       -11.356846691366911     
  -7.3907335543918515      -0.42952483324413004     
 -0.10631353912052999       -4.3255776607294507     
   11.227867121128964        5.2694177885453666     
   2.3965833509704142        7.9703515917474306     
   1.5061007645664009       -3.5396725567564475     
  -1.7504678750285705       -3.3930711631873005     
   6.4863457537522011       -1.4273309782197716     
  -1.1875098734236305       -6.6933257035573241     
  -9.0026328645452942       -6.5447219107008117     
   10.380843008097163      -0.77903963944587307     
   9.4843330759530016       -6.1618632704835967     
   5.3443842225000404       -2.0549208234673935     
   3.8199404242595234        4.2496867719151608     
  -7.3332807976620531        5.7068623253972506     
  -5.4588508180007294       -2.8658946738849274     
  -7.3111176703221723       0.77632990011960823     
   9.5467606887828893        2.7294378630078793     
  -8.6003977752600669       -1.7675107383133701     
  -6.2472243554991573       -10.718542796449636     
   8.1313712817763086        1.9634488820538185     
   4.1977030801527551E-002   1.5212787347547680     
  -6.1713768484328835        4.3332114890078621     
  -10.842873604920277       -1.8427781693314467     
  -1.4194390930833787        9.0889749073549364     
  0.91999542692725278       -1.3472546689028710     
  -6.0626527429723716       -5.4579334198231804     
 -0.88435923779830683        1.9031023735580237     
   9.4461651076661308       -1.1482935657489950     
  -3.5088057103566177       -10.877790243940350     
  -9.7482658234273121       -5.2406484188317828     
  -11.020938964893078        2.4422611835058983     
  -7.1990266713559690        7.1765306578803685     
  0.89924758018467721        10.487204214472348     
   10.329532502383744       -5.6276889760809672     
   6.3081399694175575        8.2530506329202584     
  0.48603762860073407      -0.44318038418294164     
   1.6935550950296332       -7.8278258048223792     
   10.237012676533942        1.9872033843726236     
  -9.1782130631457974        1.9413896206608350     
  -4.5665726874827985        5.8909050424502709     
   3.6124692168681212       -7.4414109516743201     
  -7.6625848013070517       -1.3958074130575879     
  -3.9358372176484382       -1.5705392522118573     
  -1.3066928672988072        3.8559996949357149     
   3.1442358325982847       0.39034352258667254     
   8.8659070310990185        8.6814712802139109     
   2.0393458696013882       -4.3848014783359694     
  -10.018386573788018       -3.1779883488739484     
   6.1661618856448861        3.2477006562252719     
   3.3830317647808479        10.723632787059932     
  -5.4136233004815741       -7.8459391185003025     
   8.4433971938146524       -3.3791903615907062     
   1.4860384064584022        11.305080353553066     
   11.251148243555841       -5.2321471627355756     
  -6.4132996913199465        5.3039354533428558     
  -12.286662285497963       0.32084976889718880     
   2.4746703240820782        11.140597731335218     
  -1.0450900919952024        2.8912317243383803     
  -3.1979327412768499        7.6159026279005246     
   1.6354558378882342        12.296770767598245     
  -5.8098415344978136      -0.88113408741031807     
   2.8524295654698899        3.9553756204768904     
  -5.4477832211398898        5.6837194648320030E-002
  -5.5766448948765674       -1.8660284874308362     
   2.4439562110519870       -3.1908321473601311     
 -0.40243291631514455        12.343729150690889     
  -7.0637797473256470       -5.4736191405814516     
   5.8814052891943325        9.4041455539120840     
  -8.6280528394078999        1.1042479079032321     
   4.5543021150675678       -7.0789594616633860     
   2.3826110074718652        8.9822401092114763     
   6.2865367128371261       -5.2645074858557592     
  -5.9278374141022461        1.8593107237162330     
  -2.0593696447284895       -2.4372419299599062     
   4.9628919645827354       -11.342559682773880     
  -1.9216416915396102        9.9552701735502787     
   10.250828032053148        5.4996071393553532     
  -10.833362400649548        5.0493241729444325     
   6.1934147489169673       -6.2647949766915056     
   9.7345140646948014       -4.8238297385569302     
  -3.3177271340330940        8.6188941495915099     
   3.1817990166641478E-003  -8.2935962259746443     
   7.0069192552107085        4.4860052329032367     
   3.9582825243231454       -11.317143356137214     
  0.25322594784341695        6.7451354460267199     
   7.9040745744545200       -7.1927829375126322     
  0.28237595464942755       -9.2541094751505515     
  -8.0724050096696072       -3.9265306107471503     
   7.7583521677355582       -4.1174191120607251     
   1.6131296156739290       -9.6392273957461594     
  -11.900162606205249      -0.60350677874007330     
  -10.561532571033897        3.3332658168476534     
  0.19932580393650498       -12.196628420314452     
   9.2349787463766546       0.45954985649304014     
  -6.2640380470440054       -3.4636773828573153     
  -1.7401900525333147        1.3859631722285686     
  0.99601189795802303       -8.5530499633929846     
   8.9116208187795465        3.7866585810774702     
   7.3066386883460117       -8.0028339215234627     
  -7.3840867991957362       -2.3561569542488199     
   6.3457066183418602        10.297232059445728     
  -9.2106004129248298        4.9094274749961020     
   7.9667116412009173       -2.5000394259348075     
   9.8489978166842587        4.1481845989666892     
  -10.436250036009792      -0.91012725682443452     
  -2.3208045971418851        2.8361333124547308     
 -0.62330719039667704       -5.8598924990579828     
 -0.21633933367485916        7.6347096425906305     
   5.3432067954396514        10.294320292452168     
   3.8863118732328821        9.5072428667411710     
  -1.3502342891021317        11.896994628490633     
  -2.9844743212310996        4.6110203527918552     
  -10.821374713543078       -3.7833417912449825     
  -10.012664994088489        2.4952022367471614     
   5.6201873900968797        7.5266877349584034     
   3.7649463612088856       -9.4146702660811776     
  -3.4232199663953216        6.2077040762879721     
  -10.467228704523807        1.5964097248018667     
   4.4263144607452025       -4.6525720379787607     
  -6.2805601622353198        9.3090131499747688     
  -4.9860113193392621        6.8243735175357054     
 -0.57451436376970277        4.5467338086425668     
  -1.0670324161503206       -2.2713862317033642     
  -8.5632858562592702        7.3260880886464239     
  -6.5561176018772267       -6.3359764164350656     
  -5.3454416128474955       -3.8662835858651192     
  -4.0040065722790645        7.0243872926026141     
   6.3765140363758341        6.8701111500554015     
  -2.7402403663162933        1.3684298386868412     
  -6.9538702969170547        8.5648077341401283     
  -1.8542681893552118        10.984546119606422     
  0.62267873496347137        12.392025283174927     
  -5.2315070858478983       -4.8636861120501589     
   10.381049874082246       -6.6258657461386417     
   4.4166737411210297       -8.0712716397146043     
  -5.1001083810478898        7.8198326500654431     
   6.7321155321142125       -8.8241615217425728     
   2.4421437858468291       -1.9579323648592932     
  0.48870193805644885        11.399227184707769     
  -2.4253982563794172        9.0811330318173713     
   2.0765874641309368       0.97691199581056187     
  -9.6328414127450230        1.0454083994546925     
  -8.7872136152462748       -5.5629819825549953     
   9.7671602182655750       -7.4152720936791630     
   6.0290638757876662       -2.8029364930835934     
   10.333636234610813        6.5002987313467635     
   3.7415702104489759       -1.2418133613874389     
  -5.6189713103588677       -9.9380981503597567     
   3.6210240961578548        11.841411296492302     
  -2.7363748901781788       -3.5588237489901777     
   4.5691136103686070        3.5451983433114074     
  -9.2440441830199891       -2.5401642880715540     
  -6.7338989378534473        10.201017872511507     
   11.185303205623082       -2.5091178967206513     
  -9.3133932902943339        3.2232446601563698     
  -3.4900957462757107        3.7456098094756487     
  -4.2865622656651734       -5.2845140353903801     
  -1.0163991694192496        10.419626712994839     
  -2.6201549009021465        5.5452799768616208     
  -3.0532863715280807       -2.1433451441436842     
  0.30951452531066326       -10.253579495417048     
   2.9849320356518398       -4.0382082209374897     
   7.9999598932353893        6.9834423857491792E-002
  -2.1226034540918848       -7.0892441858141479     
  -6.3898973052241761       -2.4715919065351457     
  0.99872598049237316       -4.4339474964771259     


