   11.226185766880430        4.0586418450821125     
  0.99173242473809164        7.1643934661220117     
   9.5162406650964257       -6.8840838955113135     
   3.7132238591765305        5.3327461189348728     
  -8.4875063976394891        6.5322071371388901E-002
  -8.6230840192385259        6.4957374266263921     
 -0.13651831049023216        9.7320126826378974     
  -1.2056696256916988       -8.8572334370203034     
   11.238178817273411        3.0584006032812798     
   8.1496719209857531      -0.34343609540169839     
  -4.0065098496054210        10.423618045622462     
  -8.1885738551238862        8.7988397130314002     
   4.2903061453504625      -0.31931507606397658     
   6.6390918549823610       -10.159896396304182     
   1.0190158045565378      -0.58074692012715001     
  -4.4622513690949068       -1.0673462416539801     
  -12.197875584681830       -1.2627397531012647     
   5.4366644622718097       0.65623273473079791     
   7.9436469983459475       -9.5224207910091216     
  -5.2752045195813233       -2.1103753855483345     
   4.4166442613275825        2.4581543121851186     
  -1.3775170620862609       -6.3988606458713271     
  -5.7320211816534377        3.2104716988394668     
  -4.9273267198001207        10.025775592498752     
   6.0021174164671898        8.2432842865913134     
   3.9653578964119522        3.3926869810072802     
   1.8664781418162693        1.2587033214145222     
   8.2360009407686768E-003  -6.9965040808745087     
   6.0290017611508526        4.6338427417138881     
   9.6507269600176375        6.7027841858599935     
  -3.0940415461794109       -4.0842470214510991     
  -6.1612278324307876       -2.6400250736101301     
 -0.94243438811792746        5.0953456976272928     
  -11.581726802520521       -3.9295598078699250     
   6.5901903497980037       -1.2572315360031170     
  -5.2555928738816542        5.1212459631807610     
  -11.858558213595327       0.96586458032507372     
   2.8506762967182993        1.0626503277251413     
   1.9046012542278925        6.6892037114748488     
 -0.13826321967750399       -11.884743018016902     
  -4.7689871194257725       -7.8806662123279247     
 -0.96337403448109193       0.40196085563887185     
  -5.5427608257146312        10.822523417748414     
   2.6055280594472903       -10.344327101793951     
  -6.6475971025856175        6.8344745425655864     
  -1.8699816978761696        9.5598857132904325     
  -3.1951296547773120        9.7995904712486617     
  -9.5334830187021460        7.4955895872513709     
  -8.1552138165088177        5.6123440363255730     
   6.4651461938629664        2.3738016221115030     
   5.9308210285766227        10.642133991775232     
   8.9105395298323273        2.6742300335714360     
   1.3341607564282318        10.468787521931670     
  -10.633806253925648       -2.3103732171884053     
  0.12644846304805302        5.7663827119462825     
   6.4005827072211838       -6.3251760066316400     
   4.9421195996752472        5.0789564123866677     
   3.3327311260510468       -8.7351067818941335     
 -0.94855229860856705        9.1478444230698717     
  -8.5015012136079964        2.6653940645772969     
  -10.752075732421481        2.1373822907787572     
  -7.7212931752529865       -4.5360627608398945     
   6.1580924506790469       -8.6591754578841904     
  -8.8098698632888972       -3.1994049270939584     
   5.1954658335463622       -8.3618778287545705     
  -3.1618269162787564       -8.4270884460329931     
  -5.6826900790618655        4.2099284743214138     
   6.7437821519251324        10.034951839313049     
  -3.2707191860576574        5.3723054793980154     
  -2.6682977881836294        8.9486799710736840     
  -6.8456740282103592      -0.77549746419133903     
  -2.7602686495203876       -11.817359439961161     
   1.6482683552504132        2.5415653056207774     
   1.5555671604947108        11.451948700496548     
   7.1026634549817125       -2.9571632738274687     
   8.2258788701304368       -4.6459245839475241     
   7.1231636385522146        6.1332542370984138     
  -1.2972131551498745       -3.3130094311934832     
 -0.27231447895469552      -0.66327493073697741     
  -4.7309018311034050        11.440074898209529     
   2.9005072465506454       -7.5976749313042458     
   10.508122858179485        5.4287402797117874     
  -1.8617347191899720       -12.263206791928448     
   4.4881206870846766        5.9719684853734991     
  -9.1359235283615590       0.82928237972381214     
   1.7154778919487825        3.5861679361090584     
   10.485145976156295       -6.6373150064700743     
   6.6132356414173072        9.0358525675308723     
  -5.8209541740601871       -9.9490025176781600     
  -3.9970140290288594       -9.6524618908557080     
 -0.15034506086321892        3.3098385042922831     
   3.8038528723454270       -11.625002799315528     
  0.18124792700176048        7.7609194342567340     
  -6.3067390943921255       0.96805311033200159     
 -0.82071701203428882        8.1150214190055117     
  -6.0139688009282040      -0.21229909429355523     
  -6.8017524016322239       -3.4513612452661575     
   3.4519946451669026       -9.7601328044948126     
   4.5849282504860973       -1.2760341250578799     
  -5.9999675445706879        8.7230415694649199     
  -11.408773731628450        5.4713329270400048E-002
  -3.7396818582604592        3.3876397818404489     
   4.8468940864093408        1.5049296677647939     
   3.8654328185109232       -7.8617273228002373     
   2.7273342983594042      -0.11690674050298405     
  -10.901143466274052        3.3926319200938271     
  -11.645938140785418       -2.1059483385671167     
   10.117996632276453       -5.2578204982391403     
  -10.854824726421194       0.89082269377290535     
   11.818908935689910       -2.8635325127193250     
  -1.9505846222626568        10.565512956211919     
  -7.6216155756644195        6.4892945843375438     
   2.2367898979311809       -4.1367229824501903     
   5.4346494559096037        6.2960868461306161     
   5.8192903145580610        9.6490350674938394     
  -5.8370137114416147       -10.949432617373768     
  -2.2786580731037618       -3.5032512393976400     
  -5.5110205137105934       -8.5555955540429096     
  -1.1573832139650100        11.177304183908650     
  0.85386572590540943        1.8964777070757468     
   2.5386141519017307        3.0185754834249656     
  -4.1380987588789093       -8.6606455757326941     
  -10.175375386358320       -1.3936534252907373     
  -4.7405235877404053        2.2075362842459256     
   2.0033203829505277        5.6939972683276405     
  -5.3855237807383372       0.57940405733220690     
  -5.9534073401263976       -7.6579094429723709     
  -5.4586286413337275        7.8782684875714528     
  -6.8241161892182092        10.356328367226601     
  -8.7342325759093988       -7.3169495004349621     
  -5.4105450653532090       -5.9919834921360229     
   2.2895009170732856        10.771338236565837     
   7.3259272529283201        5.1523911092150794     
   4.1527033152880435        10.920745198324694     
  -9.7919495195328956       -2.9039663820862649     
  -1.6655979102025664       -5.3862753930735465     
  -2.5150412768486574       -2.5291210002841171     
  -2.2215301484438799       -8.7846187621160858     
  -1.6290208158794874       -4.3071707881022681     
  -3.6419756184225416        7.5763138797154399     
  -7.6966687268595608       -8.6480616598381825     
  -1.7388114688161669        4.0823453010320865     
   5.3905675390481675E-002   6.7636988364445676     
  -3.5991282117184422        8.5804853317963818     
   8.1862690103588793       -5.6461804814540848     
   10.980910445553848       -5.7678002729945375     
  -10.247472537822468       -4.7754944277971783     
  -12.028013137060958       -3.0313670037122638     
   9.2537401362726612       -2.8183163264718578     
  -3.4765031559296649       -2.8475628501653811     
  -6.7345058362729064        3.2428163312097089     
  0.44671801072622519       -10.179668245128742     
   5.4403397923597260E-002  -2.4606227132209573     
   8.4935532803833524        1.7543807721272946     
  -6.4585814807764361        7.8253883817432515     
  -3.2259613065482515       -6.6242493106684410     
  -2.7525914790459267       -7.5131815757406386     
  -7.2508595146433432       -9.5430216141684365     
   10.833915566586018       -1.0963170922394530     
 -0.98353371649417920        2.7575989631094062     
   2.7631203610621520        5.0206484609400786     
   8.3922178089841442        7.6377075598993844     
   2.9583946024803311        6.0035702284777503     
  -9.0902376803763989       -6.3774018691860244     
  -9.1156484506694468        8.4067422996203618     
   3.8667546604420586       -6.1849557272577149     
  -4.8684594977366791        6.1096437120487970     
   1.3223276860203625       -9.6879460858806468     
   7.1272995442670339       -8.9375736493365743     
   10.613465884677773        6.4241206708151948     
   5.4165572095862924        2.4159551447984864     
   1.6773523232907993E-002   4.7723814936201130     
   11.062825180066865       0.93518552689634582     
   4.2469284546318580       -9.1446035715614702     
 -0.69680203569991439       -5.1318110717846679     
  -9.9767498495587521       -6.8422152065180724     
   6.2892777579078043      -0.29496181038817215     
 -0.89033881169879692        1.7580961628454146     
  -7.8303152311800321       -3.5308389676700807     
  -5.5760397815425984        1.6518543248464308     
   5.2905540025467701      -0.33609435702724166     
   9.1431568424241476      -0.16806447510715741     
  -7.5752655626153409       -5.5607771057813595     
   8.1710919260426138       -1.3442408804659030     
  -1.7517914162580408        8.5468450975468784     
  -5.4709979316258046       -1.0774314875502573     
  -2.8986444390375312        2.8381419850632992     
   1.2776191226402303        8.1306214787470772     
   4.6852193402675519        6.9580669528739820     
  -2.7937688549499788        1.8379569925297408     
  -4.5027161798662476       -2.8587656463491355     
   8.5352057073588021       -8.7130821849410989     
  -6.0254437918285761       -4.0825260982959151     
  -10.705888739668779       -3.3405284071687027     
  -11.262694376214197       -4.8801138379784943     
  -5.0373143285457971       -4.2399157152922005     
  -6.8178878703520542       -8.1680658666846266     
  -6.1432635854851068       -6.6759040655553834     
   5.5876133967862875       -1.2942517924014647     
  -5.8026057519084115E-002   2.3141820021624784     


