   5.6094792172447550        1.7268017314175865     
  -9.2801546520777318        2.7033345940279037     
   1.5793887075816269       -3.2892514158240869     
   9.0260381797962861       -4.0963436344858417     
   4.1429983459839725       -4.9480794503017727     
   11.626151524908305       -4.3203464104587423     
  0.39569950888798860      -0.24045597389810236     
 -0.78618440051741734        9.4370823602281657     
  -7.6586846025812729       0.30284645710649588     
  -3.2105307446270324        10.157594844890461     
   3.1495521919360323        4.2948193175172893     
  -5.7552874574203292        10.994485365477246     
  -2.7470616008447473       -1.9899924579019805     
   10.325211319077949       -3.4319117204520646     
  -10.055074877503362        5.0310693872483148     
   7.3167632641001568E-002   10.501974965343411     
  -3.2888575063829237       -4.9632363696657693     
   3.9461442138822638       -2.0186131834183194     
  0.21521920786814658        9.4342030110601751     
  -1.4934890188308387        11.283171799350461     
   5.1581746642122246      -0.53568586465574997     
   4.9030884549979774        9.9971452277764410     
   10.605128386459919        6.2112617168328468     
  -1.3711053484165159        12.274899945073741     
   1.2269532139958219        9.2523119861148508     
  -2.0450521425707635E-002  -1.1624402118153707     
   2.4844417194631605       -1.3247600399685475     
   3.7860933081317767        8.2184456357210642     
  -8.8027421548955207        6.6489116303873601     
  -1.7614942366780448       -1.8254090270505272     
   4.7601648758701414        8.4471810623951580     
 -0.63807487313606570       -7.7766003676499649     
   5.1308162213687796       -4.6801082486012211     
   5.5322304540666671        4.9791964229579158     
  -4.6710888747651707      -0.98193566970955892     
  -2.8618010103305833       -6.1406014390582433     
  -4.1137558828593708        9.4899441589661677     
   6.3995898426725670        5.8207009172994457     
  -2.2849166846344131       -5.1884924748234571     
   2.5629061746261650        5.5534133379722030     
  -5.6024143574177572        9.1879035210449445     
   5.1779618355508523       0.80616309328649449     
   12.251232880389006        1.9718398331433584     
  -10.215193345363108        3.0740662938419860     
  -1.0032219609939808        10.412734235435904     
  -11.770333793607234       -2.4245033689538888     
   2.4102631818957989       -3.8464448006666561     
 -0.62921622318005666        4.8353882764992839     
  -9.6164968154541928       -7.8428981680073067     
   6.7164503139315412       -3.2136942972854308     
  -2.0480647737658466        1.1798253722078811     
   1.2007926509435825      -0.96053548866134664     
   3.0395444221586314       -9.1078380071002609     
   11.070212890715734       -5.1496557886648215     
   4.5644884247295314        6.3871648358017215     
   2.1530495498644715        4.2334968183260182     
  -4.2308606546408818       -5.2960530496880214     
   7.9576679722135548        3.1650286335980953     
   4.6234081621218674       -9.7285800388188886     
  -11.496559874647144        4.6715271423135718     
   9.7655724290966646        7.1852668292347674     
  0.26894049245694912       -8.2060238213421766     
  0.34315278959715984        5.0669890193058160     
  -7.3959600677126431       -8.7453632574855291     
   5.3384622322208397        10.982741291662336     
   9.7228569098194164        1.2272244850814402     
   5.3889916771234398       -6.5829228024755624     
  -9.6927406901336219       -6.7424628547041641     
   1.3183483165058500       -4.6576748450243795     
   4.3211521145289966       0.22710490397747285     
   4.2785993668316173        7.3484443678637952     
  -1.0807993990037315       -8.7435962545387387     
  -7.8911401055479713        9.5773798871138158     
   7.2872140110423640       -5.8325592817421574     
   5.8604991665801407        8.2510130448183254     
  -8.6351866449839960        8.9117109657948461     
 -0.80809286740021080       0.32917519094947706     
  -8.8512391899528780        4.4729239967625869     
   2.9862245176264981       -5.6430855982336228     
  -7.2872765384611711       -3.0450122981258758     
  -2.2419370355679278        2.1577655026023344     
   3.0502420939934840       0.44321491598131019     
  -10.222454915145756       -2.9716667785271418     
 -0.88362583289305063        2.7332823580818184     
  -3.5220072633726631        5.2578406502749742     
   1.2008015053467811        6.9865908026797063     
  -8.1557212274506039        8.0014425159257154     
  -2.0187332438324281      -0.85955490395010481     
   6.2808929078322091        7.3443484816071214     
  -4.9468378733320568        4.2998985562854930     
  -12.397803658741925      -0.52988675360307413     
   4.5204564932415865        11.557008628604262     
   5.8932730616829829       -2.5533674960756856     
  -4.7354865764437024       -11.424384236789786     
  0.63335239805385779       -3.6130266741784660     
  0.26232561503636759        4.0682156552876991     
  -2.2917960364185803        11.886660164481137     
   8.0490244991717450       -3.8883542122304831     
 -0.28197286584923620        1.6409424616749311     
  -4.5899748055842977       -2.9606753474850525     
   3.5752280584320699        11.883049292321299     
  -11.045273782965216        2.5067255170253824     
  -9.8367029622295501        7.5601629351012907     
   10.154292205995427       -4.7488713995729581     
 -0.81512281581639989        3.7305627062832269     
   7.1954882652356442        3.8097923505334350     
   2.1244229264421830       -8.7065238351609118     
  -2.0251406817061319       -7.9149166316901827     
  -6.3658674402930684        8.5161635826766720     
   3.3651188497352451       -10.968161709264686     
  -5.6614817791901384       -11.042997240580764     
  -7.3396687127459295        8.7461541219493633     
  -10.575387613959343       -5.3484900809661209     
   7.7923558923228020       -4.8634909168519247     
  -8.0693089586499589       -6.9399410951031406     
   11.026497392306167        5.3058813482125728     
   2.2417949174760725        9.3727985542256533     
  -4.5013396895785416       -4.3352860788883891     
   2.3794239907655896       -2.3744213636143638     
  -1.2688534271404091        1.8102131238707480     
   6.1964957215408303        3.7290716847285803     
 -0.23205183574513111       -9.2881469489792270     
   9.2708769262515006E-002  -2.1540495131842676     
 -0.97697644619495183        8.0662731168686257     
   8.4549879667379173       -6.3952953452636425     
   4.6100276003325744        1.6273892508471393     
  -6.9269462647701916       -1.0664207153467635     
  -7.0947213226068921        10.181833663090936     
   6.3276377990345436       -8.3934076834442255     
  -3.7732562738008322       -11.693962559363932     
 -0.37796318544238955        12.397902666052355     
  -3.6602527903761950       -2.5985603165233222     
  -10.429255942718386        6.7211051096465821     
  -8.7850236361179856       -8.3993036566097974     
   3.9584603384752675       -1.0000554424190748     
   3.2178868917410437       -7.5843613014071174     
  -11.415111954092231       -4.8059536981072881     
  -9.1482793344112494        5.4496205767796155     
  -3.6966996468805511       -8.6334835439436812     
  -8.2237555704043466        5.8340107211073926     
  -4.3793797040103799       -7.9010687278592799     
  -5.2155810645130787       0.25539795918918806     
   11.316888338249710       -2.7884521294890985     
   6.2781578309503345       -1.0674483850404470     
   4.9505412139850753        4.0070747020669755     
  0.64493431606229656        8.3044596982473564     
   6.0119131445199079        2.7216636973505088     
  -5.2619887803535876       -1.7956672965822711     
  -6.0877154457685538        5.9569934978883028     
   3.8551023766854713        10.814978422254294     
  -1.6731658212117162        8.7860875233489182     
   6.6008627280997327       -9.3578839678938657     
  -5.9317393788878272      -0.91816222078724918     
  -2.6273921451151949        9.0882880424836898     
   2.2669921186975670        10.371269608058856     
  -2.1151109478850145       -2.7642026449968968     
  -9.6572116946177093       -5.7390088104984072     
  -1.8535110894314926       -6.1020817127911462     
  -9.9650059732909071       -8.6513789393788634E-002
   5.2759031685163720        7.4406540532871057     
  -6.1007972006202653        10.054708268417940     
  -9.6997346494501695        3.9388079492675185     
  -1.3188678300559873       -9.7295106951212755     
   11.956831901077424        3.2151899638685011     
   2.1722076449576000        8.3247297822943622     
  -8.8097031947494848       -6.2639151725305293     
  -6.1641390709447483       0.57292238108075966     
  -3.6522986634323780       -3.8009819689434821     
   5.4657543026776958       -1.6478791691078047     
   1.0136503882032704       -9.2390199304367080     
  0.40357703692286417       -10.065099066515110     
  -2.1374001975485104       -11.299420271209751     
  -6.0689981710987517        6.9557811432104950     
   3.7293644572628817        9.8245660841893478     
  -2.3191687617523096        10.717697077315290     
  -9.7965326296927646       0.89819923334442098     
   7.0104778124810503      -0.38880135329482252     
  -11.201308542737191       -3.2436737859155143     
  -1.8742215793799124       0.15402261481579818     
   5.5705145905870364       -9.4109313136378958     
   3.6283914228300413       -3.2272601323014261     
   10.087874388556886       -1.9379655459657061     
  -7.0287946875320202       -7.2692884269097888     
   1.7570625701955809        6.1518210196402485     
   12.059186944109697       -2.1157950509875221     
  -8.2423923506520254       -9.2733750256754686     
   3.0700864784508730        6.4370127438578857     
   4.8979455471879429       -2.4702753722570368     
   6.1728631192312919       0.90106339518570766     
   1.3321008642990244        4.9069322979518466     
  -1.8268342281177101        9.8460215235199371     
 -0.80933021547506045       -11.600451168863552     
   5.6969779773989115        6.5327935510662369     
  -7.1845233464504012        7.7585781624312444     
   6.0549156503229549       -9.3635122809812163E-002
   9.5248338431461015       -2.7613097648543543     
  -1.3101549479375418       -10.730793566842813     
  0.11208091475577081       0.71944505349819221     
   3.1725766370740702       -4.6612767785695732     
  -7.8779520714089619        7.0400459474573989     
