  0.85137551245609711       -5.3889052897928691     
  -15.227889675349655        1.5937432827190985     
  -6.1134524897036169       -13.937315100721479     
  -1.3492538096146225        12.246750785832125     
  -6.7492307564063250       -4.6502384245403183     
 -0.81779538186242362        10.782297622297190     
  -14.508642024544312       0.89654448026450007     
  -9.8486991633519452       -5.9482943339469507     
  -5.1580584221712122        10.999370790261873     
  -4.8830447182814609        1.7421208336417005     
   13.207647366333454       0.10987099208056829     
  -3.1279957133225302       -9.9658906047814586     
  -11.275529250537627       -10.167384768400499     
  -1.1484827082080216        2.1054013079522997     
   12.761182362482973        4.4458811256037176     
   7.0720040482198803        8.0540830695335650     
   15.256391632793408       -1.1900830657689971     
  -13.961170425648717        2.0062874837478000     
  -6.3227918728350900        6.9467735334926592     
   7.6099330791618938        2.7457695393433759     
  -8.3481099348754597      -0.90731996583014529     
  -6.3130818365335362       -10.904829553837423     
   2.6869642600327577        6.7994575553462795     
   5.5696274872744427        6.9885284719594818     
   11.983228796522965        2.1858173660101730     
   14.979288649343122       -3.1683527833143956     
  -2.9184890132203130       -7.5215329397180071     
  -3.3146309086996952       -1.0771449595470675     
  0.73377093101004631        10.631326987182602     
  0.19287588060208119       -6.9888659897348333     
   4.8164212899428458        8.8456054554391930     
  -11.209340708987096        2.5565887095678326     
  -1.4988389255563557        3.4786442825872728     
  -2.2771579018506696       -4.7916910375425585     
  -12.279176655153927        7.2437148453522697     
  -5.6804794921709973        5.1090058169670831     
  -2.1390210939748306       -6.8938021337115840     
   13.534517984610671       -7.1580481488518535     
   15.082377200379867       -2.1744457486049198     
   8.3729015113149057        11.016163027403568     
  -3.9751274276086193       -11.734127731603719     
   5.4029234474191528        7.9741561769487257     
   10.054770303563503       -10.860757980704740     
   3.6021957032861560       -14.194430987514313     
  0.68157831124025259       -14.549942077856885     
  -6.5967386741964491        2.2922376398100872     
  -3.0406636406395213        9.4258559788849485     
   11.962667520430283       -8.2466467510201369     
  -10.037237379664861        1.9447384437832917     
 -0.63510589362636483       -1.1722970124705729     
   13.813473347525822        4.3866131810935194     
  -1.0540984442343959        1.0927362074130740     
   3.3613683186118424        4.2190398545454268     
  -4.3088635127371377      -0.81510145124429023     
   2.2748545863137086       -12.539363426647435     
   7.0185084696018247        10.987450548952260     
   1.5712519216343639       -9.8438244791548968     
   11.232596860135335      -0.67124597913276307     
  0.66099269615819167        14.204902882700823     
   3.8294074546123928        9.0273634297987844     
  -1.5159345745217474       -2.0610262665607322     
   12.958470055732391       -3.9510691196456942     
  -9.7561776047210493        9.0826752907246266     
  -5.1666724025470057      -0.30117957950886914     
   5.9288013502428285        10.782961580923040     
  -11.070083920237302      -0.60895527066266386     
  -5.0963390774161379       -2.5118350267261240     
 -0.59372461170034185        5.7301947667617023E-002
   7.2022010917020332      -0.23325015502341109     
  -4.1408188021002239       -2.8085674034018684     
   12.398504737621600        5.8364237859448842     
  -6.4273371613420629       -2.0595280585334191E-003
   9.2373109304543206       -12.210145032064176     
   11.324946604159729        8.8362211725659243     
  -4.9873876248305695       -10.925399958679701     
   5.6323676765213762        5.5031413845897221     
  0.36908675661551904        3.9203993312449441     
  -8.4968504389094637       -2.9227501592240439     
  -4.6523842065516137        3.4509807659354848     
   6.5919968812361489       -7.7493512070415731     
 -0.64520614082908667       -10.211327532683807     
  -12.960203890411144        1.9617102472301258     
  -4.4649198099085661       -12.722375554547675     
   3.2539332708977624        9.9058995219989825     
   3.0181382984462908       -6.8205504300792903     
   14.302457531669686        5.3333060310230982     
  -3.6886595789191086       -6.6316624004661495     
   9.6248212821567840        2.3077303966955331     
  -9.3328760107715105       -4.4698997818854957     
  0.67591921033241620       -7.9804278261696266     
   8.6141352379031204       -6.9141674821146335     
  -2.3331070542289076        12.422089806729877     
  -2.5934014714115827      -0.36854295682614330     
  -2.5057169641700323        3.4830110878195173     
   1.8052681267127657        5.8613877783682913     
  -4.9512333747567885        13.202379168265347     
  0.92820535193591791       0.30415122660654120     
   3.0780419135540336       -1.9867599344874205     
 -0.58450117082173447       -13.646122946365713     
  -6.5598071122366912       0.99138731469768360     
   6.2895629093373024       -6.7941071731864495     
   3.3146035066723667       -10.777844916561127     
  -9.3888961562527502        4.1872528247131759     
   8.3107666859252074        6.3384381693944576     
  -1.9356603723045933       -12.252556997803586     
  -4.7532630534193325        7.8955591514867018     
   4.7718629859157762       -5.9946100139092406     
   2.1916206520265535        10.477559061292856     
   6.9045464062652933       -5.9991177556610484     
  -6.8442879171583693        9.1927411140682853     
   1.9483565347064085       -4.4210233329653299     
   7.2764495034376395       -8.8077100291740571     
  -3.6527132530701225       -4.3403646173869346     
  -1.9808716650336367       -10.068692076243506     
  -6.5823844217486629       -1.1768107069016398     
   6.4204223090329169       -4.5322486385038863     
   7.4663892224018813       -13.279873556426354     
   4.0660338510680818       -10.094107862909377     
  -6.6527146232848562        3.4396431859764984     
  -7.7744098044199248        7.3314181749003140     
   11.155597539914911       -9.5027870261447749     
  -2.5971895679243566       -13.010299207653812     
  -3.5951344209336886       -13.217906666055880     
  -3.3824281818429074        13.689773431851217     
  -10.129386909470760      -0.24186295650726658     
   10.118901950588985       0.33346059599662897     
  -7.3591125595062383      -0.37197997606059752     
   3.1118555160329269       -9.7972505030096002     
  -1.0717044950255254       -12.772823726586404     
  -2.9832986185756480       -11.969239501571739     
   2.8328933354108758       -8.3624098960808766     
  -8.2387978874801799       0.10642615359201490     
 -0.31906768121127466       -7.8702587734843172     
   11.102338798651720       -10.501293921332831     
   8.7901176878122929        1.2876521891628820     
  -6.0223226247035876E-002  -12.793821312844404     
   10.973821001868892       -2.7813074571294885     
   3.4742245145663877       -12.316693777741257     
   7.5896063688782647       -7.8228577560485304     
   3.5225447435378121       -5.2167217531272145     
   1.2755653203270376        6.7135051321678354     
   5.6343915466682528       -8.1035938634028444     
  -7.7389239224602164       -4.4890349020977443     
   14.759995412042640        4.0561411618246712     
  -5.8995963799126150       -1.9163827379941987     
  0.44676896304702185       -11.876326057749253     
   12.231954842036966       -9.2096629928313050     
  -12.011558967872780       -3.6106290198169684     
  0.70721968222000375        9.3576251037654306     
  0.15130684400131036       -10.884267391957223     
   13.319183647007458        7.5461056899068755     
  -8.5524779981040222       -10.025127951361052     
 -0.87349424566230138       -6.5634274952872715     
  -1.8287423847346400       -14.631122486051739     
  0.96691483791812027        5.3158497054206046     
   4.2772170886518168        11.322557522343516     
  -5.1408421623949527       -9.0737729025022968     
   3.7890938439668984       -6.1830370685763549     
   14.066214826287842       -5.6289719732421348     
   8.4046172784929887       -2.3359991268225340     
   1.7387103046039056       -11.548845024469880     
  -9.1766197618735745       -11.322256797317195     
   5.0158918473269685        14.022597375400441     
  -10.775072770421948       -3.3231005438032306     
   9.9583185577448674        3.2745982502379603     
   13.232844228347693       -1.9301128545700050     
   4.8228545420747784        2.8981313007466332     
   6.8773363355690238        7.0705242283344605     
   7.8736249521274750        9.8173239643303916     
   10.223542212723638       -9.8732760273143469     
  -3.5828699138286728        5.9321390168750732     
  -9.1426320358882318        8.1137576117472392     
  -5.9514592372456923       -4.0471238123584650     
  -3.1430626044070058       -2.9338912171090614     
   8.2494476984780061       -8.5741313970897757     
   1.8790523729568533       -5.5067748866717290     
  -2.5744188434306077        11.448276629436645     
  -6.0374134614862580        7.9048337863073703     
  -3.2396716347434253        6.9456125309966827     
  -5.4469792129092820        11.956963590253865     
   1.0247173650804329        11.588076041203669     
   9.0588095600404959        4.7665448538560611     
   12.519965677347466        8.8139514005962312     
  -10.070335927513012        7.5342237838038049     
  -5.6513182737026506        3.5157778093833993     
   4.3102362916358352       -11.662686045299262     
  -2.2593974507614432        5.8328847030849893     
   6.8488023915823666        13.372865667765458     
   2.1964834206390451        9.1894112771359229     
   3.6440824864765959       -8.9483570522630131     
   2.2744444738090448        2.5438798478316662     
  -5.1868754532227648        6.9932082264763320     
  -4.0401936759425769       -8.0445546997030117     
  -13.090558270072222      -0.43858467839010795     
   6.0426439137359180        14.067533246355934     
   14.109097539551547       -3.6615711186091064     
  -11.708043638240664       0.28079616189243717     
   1.3435977758068907       -13.436139786019648     
   7.0524731494731716        1.7206955370531685     
   2.3630634461993152       -10.460082779036522     


