  8    ***    0.12929E-01    0.3952847075E-01    0.0000000000E+00
  8    ***    0.12929E-01    0.7905694150E-01    0.0000000000E+00
  8    ***    0.12929E-01    0.1185854123E+00    0.0000000000E+00
  8    ***    0.12929E-01    0.1581138830E+00    0.0000000000E+00
  8    ***    0.12929E-01    0.1976423538E+00    0.0000000000E+00
  8    ***    0.12929E-01    0.2371708245E+00    0.0000000000E+00
  8    ***    0.12929E-01    0.2766992953E+00    0.0000000000E+00
  8    ***    0.12929E-01    0.3162277660E+00    0.0000000000E+00
  8    ***    0.12929E-01    0.3557562368E+00    0.0000000000E+00
  8    ***    0.12929E-01    0.3952847075E+00    0.0000000000E+00
  8    ***    0.12929E-01    0.4348131783E+00    0.0000000000E+00
  8    ***    0.12929E-01    0.4743416490E+00    0.0000000000E+00
  8    ***    0.12929E-01    0.5138701198E+00    0.0000000000E+00
  8    ***    0.12929E-01    0.5533985905E+00    0.0000000000E+00
  8    ***    0.12929E-01    0.5929270613E+00    0.0000000000E+00
  8    ***    0.12929E-01    0.6324555320E+00    0.0000000000E+00
  8    ***    0.12929E-01    0.6719840028E+00    0.0000000000E+00
  8    ***    0.12929E-01    0.7115124735E+00    0.0000000000E+00
  8    ***    0.12929E-01    0.7510409443E+00    0.0000000000E+00
  8    ***    0.12929E-01    0.7905694150E+00    0.0000000000E+00
  8    ***    0.12929E-01    0.8300978858E+00    0.0000000000E+00
  8    ***    0.12929E-01    0.8696263565E+00    0.0000000000E+00
  8    ***    0.12929E-01    0.9091548273E+00    0.0000000000E+00
  8    ***    0.12929E-01    0.9486832981E+00    0.0000000000E+00
  8    ***    0.12929E-01    0.9882117688E+00    0.0000000000E+00
  8    ***    0.12929E-01    0.1027740240E+01    0.5534214739E+03
  8    ***    0.12929E-01    0.1067268710E+01    0.8161545560E+02
  8    ***    0.12929E-01    0.1106797181E+01    0.6042409049E+02
  8    ***    0.12929E-01    0.1146325652E+01    0.4867795817E+02
  8    ***    0.12929E-01    0.1185854123E+01    0.5011240658E+02
  8    ***    0.12929E-01    0.1225382593E+01    0.4686634740E+02
  8    ***    0.12929E-01    0.1264911064E+01    0.4727558640E+02
  8    ***    0.12929E-01    0.1304439535E+01    0.4170479805E+02
  8    ***    0.12929E-01    0.1343968006E+01    0.3912202701E+02
  8    ***    0.12929E-01    0.1383496476E+01    0.4247576329E+02
  8    ***    0.12929E-01    0.1423024947E+01    0.4324949650E+02
  8    ***    0.12929E-01    0.1462553418E+01    0.4107854487E+02
  8    ***    0.12929E-01    0.1502081889E+01    0.3962095110E+02
  8    ***    0.12929E-01    0.1541610359E+01    0.3970302636E+02
  8    ***    0.12929E-01    0.1581138830E+01    0.3859473793E+02
  8    ***    0.12929E-01    0.1620667301E+01    0.3438899498E+02
  8    ***    0.12929E-01    0.1660195772E+01    0.3529481379E+02
  8    ***    0.12929E-01    0.1699724242E+01    0.3876240484E+02
  8    ***    0.12929E-01    0.1739252713E+01    0.4071244423E+02
  8    ***    0.12929E-01    0.1778781184E+01    0.4316997360E+02
  8    ***    0.12929E-01    0.1818309655E+01    0.4210178761E+02
  8    ***    0.12929E-01    0.1857838125E+01    0.4113795897E+02
  8    ***    0.12929E-01    0.1897366596E+01    0.4637629848E+02
  8    ***    0.12929E-01    0.1936895067E+01    0.5130061517E+02
  8    ***    0.12929E-01    0.1976423538E+01    0.5941441582E+02
  8    ***    0.12929E-01    0.2015952008E+01    0.8166213867E+02
  8    ***    0.12929E-01    0.2055480479E+01    0.5307225028E+02
  8    ***    0.12929E-01    0.2095008950E+01    0.4810339420E+02
  8    ***    0.12929E-01    0.2134537421E+01    0.4274911688E+02
  8    ***    0.12929E-01    0.2174065891E+01    0.4689882467E+02
  8    ***    0.12929E-01    0.2213594362E+01    0.4508720934E+02
  8    ***    0.12929E-01    0.2253122833E+01    0.4582760953E+02
  8    ***    0.12929E-01    0.2292651304E+01    0.4444011972E+02
  8    ***    0.12929E-01    0.2332179774E+01    0.4761553151E+02
  8    ***    0.12929E-01    0.2371708245E+01    0.4949727646E+02
  8    ***    0.12929E-01    0.2411236716E+01    0.5102498707E+02
  8    ***    0.12929E-01    0.2450765187E+01    0.4814156674E+02
  8    ***    0.12929E-01    0.2490293657E+01    0.4703448737E+02
  8    ***    0.12929E-01    0.2529822128E+01    0.4519231762E+02
  8    ***    0.12929E-01    0.2569350599E+01    0.4653410884E+02
  8    ***    0.12929E-01    0.2608879070E+01    0.4546080736E+02
  8    ***    0.12929E-01    0.2648407540E+01    0.4509374099E+02
  8    ***    0.12929E-01    0.2687936011E+01    0.4767511864E+02
  8    ***    0.12929E-01    0.2727464482E+01    0.4580936203E+02
  8    ***    0.12929E-01    0.2766992953E+01    0.4597097023E+02
  8    ***    0.12929E-01    0.2806521423E+01    0.4418231521E+02
  8    ***    0.12929E-01    0.2846049894E+01    0.4501747649E+02
  8    ***    0.12929E-01    0.2885578365E+01    0.4812435701E+02
  8    ***    0.12929E-01    0.2925106836E+01    0.4719243606E+02
  8    ***    0.12929E-01    0.2964635306E+01    0.5148103408E+02
  8    ***    0.12929E-01    0.3004163777E+01    0.4955796833E+02
  8    ***    0.12929E-01    0.3043692248E+01    0.4500444090E+02
  8    ***    0.12929E-01    0.3083220719E+01    0.4931297829E+02
  8    ***    0.12929E-01    0.3122749189E+01    0.4756887818E+02
  8    ***    0.12929E-01    0.3162277660E+01    0.4648365352E+02
  8    ***    0.12929E-01    0.3201806131E+01    0.4529042230E+02
  8    ***    0.12929E-01    0.3241334602E+01    0.4374319908E+02
  8    ***    0.12929E-01    0.3280863072E+01    0.4285904362E+02
  8    ***    0.12929E-01    0.3320391543E+01    0.4350870460E+02
  8    ***    0.12929E-01    0.3359920014E+01    0.4333936640E+02
  8    ***    0.12929E-01    0.3399448485E+01    0.4348373650E+02
  8    ***    0.12929E-01    0.3438976955E+01    0.4656867502E+02
  8    ***    0.12929E-01    0.3478505426E+01    0.4470162150E+02
  8    ***    0.12929E-01    0.3518033897E+01    0.4464922583E+02
  8    ***    0.12929E-01    0.3557562368E+01    0.4283016599E+02
  8    ***    0.12929E-01    0.3597090838E+01    0.4505814197E+02
  8    ***    0.12929E-01    0.3636619309E+01    0.4667339015E+02
  8    ***    0.12929E-01    0.3676147780E+01    0.4379760504E+02
  8    ***    0.12929E-01    0.3715676251E+01    0.4148445935E+02
  8    ***    0.12929E-01    0.3755204721E+01    0.4653544574E+02
  8    ***    0.12929E-01    0.3794733192E+01    0.4666678468E+02
  8    ***    0.12929E-01    0.3834261663E+01    0.4609171133E+02
  8    ***    0.12929E-01    0.3873790134E+01    0.4527073937E+02
  8    ***    0.12929E-01    0.3913318604E+01    0.4670699379E+02
  8    ***    0.12929E-01    0.3952847075E+01    0.4670848345E+02
  8    ***    0.12929E-01    0.3992375546E+01    0.4707481212E+02
  8    ***    0.12929E-01    0.4031904017E+01    0.4624974698E+02
  8    ***    0.12929E-01    0.4071432487E+01    0.4675915295E+02
  8    ***    0.12929E-01    0.4110960958E+01    0.4729152020E+02
  8    ***    0.12929E-01    0.4150489429E+01    0.4765774199E+02
  8    ***    0.12929E-01    0.4190017900E+01    0.4750209335E+02
  8    ***    0.12929E-01    0.4229546370E+01    0.4624629192E+02
  8    ***    0.12929E-01    0.4269074841E+01    0.4548130095E+02
  8    ***    0.12929E-01    0.4308603312E+01    0.4775332830E+02
  8    ***    0.12929E-01    0.4348131783E+01    0.4587848354E+02
  8    ***    0.12929E-01    0.4387660253E+01    0.4463981685E+02
  8    ***    0.12929E-01    0.4427188724E+01    0.4779006616E+02
  8    ***    0.12929E-01    0.4466717195E+01    0.4875356825E+02
  8    ***    0.12929E-01    0.4506245666E+01    0.4642743667E+02
  8    ***    0.12929E-01    0.4545774136E+01    0.4362596840E+02
  8    ***    0.12929E-01    0.4585302607E+01    0.4435356595E+02
  8    ***    0.12929E-01    0.4624831078E+01    0.4318595382E+02
  8    ***    0.12929E-01    0.4664359549E+01    0.4237919129E+02
  8    ***    0.12929E-01    0.4703888020E+01    0.4437105505E+02
  8    ***    0.12929E-01    0.4743416490E+01    0.4607955132E+02
  8    ***    0.12929E-01    0.4782944961E+01    0.4411361176E+02
  8    ***    0.12929E-01    0.4822473432E+01    0.4507512506E+02
  8    ***    0.12929E-01    0.4862001903E+01    0.4749547285E+02
  8    ***    0.12929E-01    0.4901530373E+01    0.4552733465E+02
  8    ***    0.12929E-01    0.4941058844E+01    0.4421805832E+02
  8    ***    0.12929E-01    0.4980587315E+01    0.4486672958E+02
  8    ***    0.12929E-01    0.5020115786E+01    0.4582722948E+02
  8    ***    0.12929E-01    0.5059644256E+01    0.4609093865E+02
  8    ***    0.12929E-01    0.5099172727E+01    0.4630298269E+02
  8    ***    0.12929E-01    0.5138701198E+01    0.4398428129E+02
  8    ***    0.12929E-01    0.5178229669E+01    0.4401668785E+02
  8    ***    0.12929E-01    0.5217758139E+01    0.4443589874E+02
  8    ***    0.12929E-01    0.5257286610E+01    0.4590452972E+02
  8    ***    0.12929E-01    0.5296815081E+01    0.4486381137E+02
  8    ***    0.12929E-01    0.5336343552E+01    0.4581769068E+02
  8    ***    0.12929E-01    0.5375872022E+01    0.4544948362E+02
  8    ***    0.12929E-01    0.5415400493E+01    0.4549958047E+02
  8    ***    0.12929E-01    0.5454928964E+01    0.4462542556E+02
  8    ***    0.12929E-01    0.5494457435E+01    0.4492589727E+02
  8    ***    0.12929E-01    0.5533985905E+01    0.4408785876E+02
  8    ***    0.12929E-01    0.5573514376E+01    0.4577016745E+02
  8    ***    0.12929E-01    0.5613042847E+01    0.4484202707E+02
  8    ***    0.12929E-01    0.5652571318E+01    0.4602366324E+02
  8    ***    0.12929E-01    0.5692099788E+01    0.4623767189E+02
  8    ***    0.12929E-01    0.5731628259E+01    0.4640172462E+02
  8    ***    0.12929E-01    0.5771156730E+01    0.4618548833E+02
  8    ***    0.12929E-01    0.5810685201E+01    0.4733959671E+02
  8    ***    0.12929E-01    0.5850213671E+01    0.4535667704E+02
  8    ***    0.12929E-01    0.5889742142E+01    0.4533018579E+02
  8    ***    0.12929E-01    0.5929270613E+01    0.4476806761E+02
  8    ***    0.12929E-01    0.5968799084E+01    0.4447511740E+02
  8    ***    0.12929E-01    0.6008327554E+01    0.4454461464E+02
  8    ***    0.12929E-01    0.6047856025E+01    0.4781035363E+02
  8    ***    0.12929E-01    0.6087384496E+01    0.4633098893E+02
  8    ***    0.12929E-01    0.6126912967E+01    0.4766613286E+02
  8    ***    0.12929E-01    0.6166441437E+01    0.4778319262E+02
  8    ***    0.12929E-01    0.6205969908E+01    0.4789441736E+02
  8    ***    0.12929E-01    0.6245498379E+01    0.4837070714E+02
  8    ***    0.12929E-01    0.6285026850E+01    0.4877672250E+02
  8    ***    0.12929E-01    0.6324555320E+01    0.5109775052E+02
  8    ***    0.12929E-01    0.6364083791E+01    0.5071592082E+02
  8    ***    0.12929E-01    0.6403612262E+01    0.4776133082E+02
  8    ***    0.12929E-01    0.6443140733E+01    0.4739637470E+02
  8    ***    0.12929E-01    0.6482669203E+01    0.4747197715E+02
  8    ***    0.12929E-01    0.6522197674E+01    0.5027116085E+02
  8    ***    0.12929E-01    0.6561726145E+01    0.5077981907E+02
  8    ***    0.12929E-01    0.6601254616E+01    0.5327672688E+02
  8    ***    0.12929E-01    0.6640783086E+01    0.5198972791E+02
  8    ***    0.12929E-01    0.6680311557E+01    0.5079860561E+02
  8    ***    0.12929E-01    0.6719840028E+01    0.4882429210E+02
  8    ***    0.12929E-01    0.6759368499E+01    0.4875698458E+02
  8    ***    0.12929E-01    0.6798896969E+01    0.5012381542E+02
  8    ***    0.12929E-01    0.6838425440E+01    0.5053789148E+02
  8    ***    0.12929E-01    0.6877953911E+01    0.4858320067E+02
  8    ***    0.12929E-01    0.6917482382E+01    0.4752260193E+02
  8    ***    0.12929E-01    0.6957010852E+01    0.4744915187E+02
  8    ***    0.12929E-01    0.6996539323E+01    0.4653011234E+02
  8    ***    0.12929E-01    0.7036067794E+01    0.4709049557E+02
  8    ***    0.12929E-01    0.7075596265E+01    0.4742014842E+02
  8    ***    0.12929E-01    0.7115124735E+01    0.4776126055E+02
  8    ***    0.12929E-01    0.7154653206E+01    0.4811740359E+02
  8    ***    0.12929E-01    0.7194181677E+01    0.4897845034E+02
  8    ***    0.12929E-01    0.7233710148E+01    0.4751567192E+02
  8    ***    0.12929E-01    0.7273238618E+01    0.4972873534E+02
  8    ***    0.12929E-01    0.7312767089E+01    0.4883719030E+02
  8    ***    0.12929E-01    0.7352295560E+01    0.4900221972E+02
  8    ***    0.12929E-01    0.7391824031E+01    0.4757068712E+02
  8    ***    0.12929E-01    0.7431352501E+01    0.4801957866E+02
  8    ***    0.12929E-01    0.7470880972E+01    0.4937512630E+02
  8    ***    0.12929E-01    0.7510409443E+01    0.4967717097E+02
  8    ***    0.12929E-01    0.7549937914E+01    0.5077452060E+02
  8    ***    0.12929E-01    0.7589466384E+01    0.5259443391E+02
  8    ***    0.12929E-01    0.7628994855E+01    0.5213072621E+02
  8    ***    0.12929E-01    0.7668523326E+01    0.5002943104E+02
  8    ***    0.12929E-01    0.7708051797E+01    0.4833378785E+02
  8    ***    0.12929E-01    0.7747580267E+01    0.4829149024E+02
  8    ***    0.12929E-01    0.7787108738E+01    0.4751699743E+02
  8    ***    0.12929E-01    0.7826637209E+01    0.4763742486E+02
  8    ***    0.12929E-01    0.7866165680E+01    0.4859477477E+02
  8    ***    0.12929E-01    0.7905694150E+01    0.4984206290E+02
