  9    100    0.35618E+00    0.5000000075E-01    0.0000000000E+00
  9    100    0.35618E+00    0.1000000015E+00    0.2829421126E+03
  9    100    0.35618E+00    0.1500000022E+00    0.1358122141E+03
  9    100    0.35618E+00    0.2000000030E+00    0.4850436216E+02
  9    100    0.35618E+00    0.2500000037E+00    0.2263536901E+03
  9    100    0.35618E+00    0.3000000045E+00    0.7716603071E+02
  9    100    0.35618E+00    0.3500000052E+00    0.5223546695E+02
  9    100    0.35618E+00    0.4000000060E+00    0.1471298986E+03
  9    100    0.35618E+00    0.4500000067E+00    0.8987572989E+02
  9    100    0.35618E+00    0.5000000075E+00    0.9828515491E+02
  9    100    0.35618E+00    0.5500000082E+00    0.8084060361E+02
  9    100    0.35618E+00    0.6000000089E+00    0.1476219718E+03
  9    100    0.35618E+00    0.6500000097E+00    0.8827793914E+02
  9    100    0.35618E+00    0.7000000104E+00    0.9431403754E+02
  9    100    0.35618E+00    0.7500000112E+00    0.9366359590E+02
  9    100    0.35618E+00    0.8000000119E+00    0.8214448431E+02
  9    100    0.35618E+00    0.8500000127E+00    0.8231043276E+02
  9    100    0.35618E+00    0.9000000134E+00    0.1067095968E+03
  9    100    0.35618E+00    0.9500000142E+00    0.5505900570E+02
  9    100    0.35618E+00    0.1000000015E+01    0.8270615600E+02
  9    100    0.35618E+00    0.1050000016E+01    0.4140616282E+02
  9    100    0.35618E+00    0.1100000016E+01    0.5922044218E+02
  9    100    0.35618E+00    0.1150000017E+01    0.7167866853E+02
  9    100    0.35618E+00    0.1200000018E+01    0.7946459333E+02
  9    100    0.35618E+00    0.1250000019E+01    0.6929194595E+02
  9    100    0.35618E+00    0.1300000019E+01    0.5991715326E+02
  9    100    0.35618E+00    0.1350000020E+01    0.5445301035E+02
  9    100    0.35618E+00    0.1400000021E+01    0.8642595440E+02
  9    100    0.35618E+00    0.1450000022E+01    0.6254509858E+02
  9    100    0.35618E+00    0.1500000022E+01    0.6042492575E+02
  9    100    0.35618E+00    0.1550000023E+01    0.6679289216E+02
  9    100    0.35618E+00    0.1600000024E+01    0.7275654325E+02
  9    100    0.35618E+00    0.1650000025E+01    0.7835320042E+02
  9    100    0.35618E+00    0.1700000025E+01    0.7601429891E+02
  9    100    0.35618E+00    0.1750000026E+01    0.8365245069E+02
  9    100    0.35618E+00    0.1800000027E+01    0.7412286331E+02
  9    100    0.35618E+00    0.1850000028E+01    0.6511544510E+02
  9    100    0.35618E+00    0.1900000028E+01    0.6564257013E+02
  9    100    0.35618E+00    0.1950000029E+01    0.9480398059E+02
  9    100    0.35618E+00    0.2000000030E+01    0.6661675057E+02
  9    100    0.35618E+00    0.2050000031E+01    0.7545123003E+02
  9    100    0.35618E+00    0.2100000031E+01    0.7772385744E+02
  9    100    0.35618E+00    0.2150000032E+01    0.7389782235E+02
  9    100    0.35618E+00    0.2200000033E+01    0.6634504710E+02
  9    100    0.35618E+00    0.2250000034E+01    0.6103919733E+02
  9    100    0.35618E+00    0.2300000034E+01    0.6715988607E+02
  9    100    0.35618E+00    0.2350000035E+01    0.7301731939E+02
  9    100    0.35618E+00    0.2400000036E+01    0.8220212956E+02
  9    100    0.35618E+00    0.2450000037E+01    0.5950535152E+02
  9    100    0.35618E+00    0.2500000037E+01    0.5487362184E+02
  9    100    0.35618E+00    0.2550000038E+01    0.8908474437E+02
  9    100    0.35618E+00    0.2600000039E+01    0.6757646573E+02
  9    100    0.35618E+00    0.2650000039E+01    0.6467248288E+02
  9    100    0.35618E+00    0.2700000040E+01    0.5394410371E+02
  9    100    0.35618E+00    0.2750000041E+01    0.6697161932E+02
  9    100    0.35618E+00    0.2800000042E+01    0.8717675902E+02
  9    100    0.35618E+00    0.2850000042E+01    0.6910798503E+02
  9    100    0.35618E+00    0.2900000043E+01    0.8119208449E+02
  9    100    0.35618E+00    0.2950000044E+01    0.7254925965E+02
  9    100    0.35618E+00    0.3000000045E+01    0.6562354881E+02
  9    100    0.35618E+00    0.3050000045E+01    0.7997206820E+02
  9    100    0.35618E+00    0.3100000046E+01    0.7591129851E+02
  9    100    0.35618E+00    0.3150000047E+01    0.7469671773E+02
  9    100    0.35618E+00    0.3200000048E+01    0.8154079781E+02
  9    100    0.35618E+00    0.3250000048E+01    0.6185246183E+02
  9    100    0.35618E+00    0.3300000049E+01    0.5572447714E+02
  9    100    0.35618E+00    0.3350000050E+01    0.6765082091E+02
  9    100    0.35618E+00    0.3400000051E+01    0.7545123003E+02
  9    100    0.35618E+00    0.3450000051E+01    0.7187142715E+02
  9    100    0.35618E+00    0.3500000052E+01    0.7205863875E+02
  9    100    0.35618E+00    0.3550000053E+01    0.7224053939E+02
  9    100    0.35618E+00    0.3600000054E+01    0.7954037012E+02
  9    100    0.35618E+00    0.3650000054E+01    0.8546803126E+02
  9    100    0.35618E+00    0.3700000055E+01    0.6929194595E+02
  9    100    0.35618E+00    0.3750000056E+01    0.8203422326E+02
  9    100    0.35618E+00    0.3800000057E+01    0.7869913066E+02
  9    100    0.35618E+00    0.3850000057E+01    0.7988953768E+02
  9    100    0.35618E+00    0.3900000058E+01    0.8104922452E+02
  9    100    0.35618E+00    0.3950000059E+01    0.8217936519E+02
  9    100    0.35618E+00    0.4000000060E+01    0.8007795640E+02
  9    100    0.35618E+00    0.4050000060E+01    0.6748432997E+02
  9    100    0.35618E+00    0.4100000061E+01    0.6561479667E+02
  9    100    0.35618E+00    0.4150000062E+01    0.6379058539E+02
  9    100    0.35618E+00    0.4200000063E+01    0.7217565268E+02
  9    100    0.35618E+00    0.4250000063E+01    0.8337584147E+02
  9    100    0.35618E+00    0.4300000064E+01    0.6750899529E+02
  9    100    0.35618E+00    0.4350000065E+01    0.7261635723E+02
  9    100    0.35618E+00    0.4400000066E+01    0.6887619427E+02
  9    100    0.35618E+00    0.4450000066E+01    0.8632132249E+02
  9    100    0.35618E+00    0.4500000067E+01    0.5595614965E+02
  9    100    0.35618E+00    0.4550000068E+01    0.6565507586E+02
  9    100    0.35618E+00    0.4600000069E+01    0.6679289216E+02
  9    100    0.35618E+00    0.4650000069E+01    0.6423550665E+02
  9    100    0.35618E+00    0.4700000070E+01    0.4993096105E+02
  9    100    0.35618E+00    0.4750000071E+01    0.5748665145E+02
  9    100    0.35618E+00    0.4800000072E+01    0.5599587360E+02
  9    100    0.35618E+00    0.4850000072E+01    0.6860979726E+02
  9    100    0.35618E+00    0.4900000073E+01    0.5745901364E+02
  9    100    0.35618E+00    0.4950000074E+01    0.6032268391E+02
  9    100    0.35618E+00    0.5000000075E+01    0.6910043554E+02
  9    100    0.35618E+00    0.5050000075E+01    0.6418985242E+02
  9    100    0.35618E+00    0.5100000076E+01    0.6690256850E+02
  9    100    0.35618E+00    0.5150000077E+01    0.7618733959E+02
  9    100    0.35618E+00    0.5200000077E+01    0.6396952111E+02
  9    100    0.35618E+00    0.5250000078E+01    0.6173282457E+02
  9    100    0.35618E+00    0.5300000079E+01    0.7402087496E+02
  9    100    0.35618E+00    0.5350000080E+01    0.5818246260E+02
  9    100    0.35618E+00    0.5400000080E+01    0.6711650113E+02
  9    100    0.35618E+00    0.5450000081E+01    0.6102161692E+02
  9    100    0.35618E+00    0.5500000082E+01    0.6278989349E+02
  9    100    0.35618E+00    0.5550000083E+01    0.5838081600E+02
  9    100    0.35618E+00    0.5600000083E+01    0.5633466278E+02
  9    100    0.35618E+00    0.5650000084E+01    0.7092415623E+02
  9    100    0.35618E+00    0.5700000085E+01    0.6356849226E+02
  9    100    0.35618E+00    0.5750000086E+01    0.7116797243E+02
  9    100    0.35618E+00    0.5800000086E+01    0.6540739746E+02
  9    100    0.35618E+00    0.5850000087E+01    0.6703177947E+02
  9    100    0.35618E+00    0.5900000088E+01    0.7585256636E+02
  9    100    0.35618E+00    0.5950000089E+01    0.7449615117E+02
  9    100    0.35618E+00    0.6000000089E+01    0.7813464198E+02
  9    100    0.35618E+00    0.6050000090E+01    0.6691991875E+02
  9    100    0.35618E+00    0.6100000091E+01    0.7545123003E+02
  9    100    0.35618E+00    0.6150000092E+01    0.7206362379E+02
  9    100    0.35618E+00    0.6200000092E+01    0.7354203899E+02
  9    100    0.35618E+00    0.6250000093E+01    0.8249637500E+02
  9    100    0.35618E+00    0.6300000094E+01    0.7710454384E+02
  9    100    0.35618E+00    0.6350000095E+01    0.6508786939E+02
  9    100    0.35618E+00    0.6400000095E+01    0.7190058391E+02
  9    100    0.35618E+00    0.6450000096E+01    0.6011143716E+02
  9    100    0.35618E+00    0.6500000097E+01    0.6620189971E+02
  9    100    0.35618E+00    0.6550000098E+01    0.6569460546E+02
  9    100    0.35618E+00    0.6600000098E+01    0.5680358763E+02
  9    100    0.35618E+00    0.6650000099E+01    0.6534361242E+02
  9    100    0.35618E+00    0.6700000100E+01    0.7820647158E+02
  9    100    0.35618E+00    0.6750000101E+01    0.5553659311E+02
  9    100    0.35618E+00    0.6800000101E+01    0.6890841119E+02
  9    100    0.35618E+00    0.6850000102E+01    0.5721027332E+02
  9    100    0.35618E+00    0.6900000103E+01    0.5494221387E+02
  9    100    0.35618E+00    0.6950000104E+01    0.6251284221E+02
  9    100    0.35618E+00    0.7000000104E+01    0.5476298954E+02
  9    100    0.35618E+00    0.7050000105E+01    0.6826859514E+02
  9    100    0.35618E+00    0.7100000106E+01    0.5578858616E+02
  9    100    0.35618E+00    0.7150000107E+01    0.5301441689E+02
  9    100    0.35618E+00    0.7200000107E+01    0.5027891200E+02
  9    100    0.35618E+00    0.7250000108E+01    0.5286807641E+02
  9    100    0.35618E+00    0.7300000109E+01    0.5250472193E+02
  9    100    0.35618E+00    0.7350000110E+01    0.5562274978E+02
  9    100    0.35618E+00    0.7400000110E+01    0.6733063155E+02
  9    100    0.35618E+00    0.7450000111E+01    0.6344762525E+02
  9    100    0.35618E+00    0.7500000112E+01    0.6359100324E+02
  9    100    0.35618E+00    0.7550000113E+01    0.6091245481E+02
  9    100    0.35618E+00    0.7600000113E+01    0.6555292510E+02
  9    100    0.35618E+00    0.7650000114E+01    0.6846271446E+02
  9    100    0.35618E+00    0.7700000115E+01    0.6912266595E+02
  9    100    0.35618E+00    0.7750000115E+01    0.6537885709E+02
  9    100    0.35618E+00    0.7800000116E+01    0.7150884261E+02
  9    100    0.35618E+00    0.7850000117E+01    0.5695000989E+02
  9    100    0.35618E+00    0.7900000118E+01    0.5820523460E+02
  9    100    0.35618E+00    0.7950000118E+01    0.5516032353E+02
  9    100    0.35618E+00    0.8000000119E+01    0.6865115836E+02
  9    100    0.35618E+00    0.8050000120E+01    0.5711728629E+02
  9    100    0.35618E+00    0.8100000121E+01    0.7305687985E+02
  9    100    0.35618E+00    0.8150000121E+01    0.5693665897E+02
  9    100    0.35618E+00    0.8200000122E+01    0.6541413980E+02
  9    100    0.35618E+00    0.8250000123E+01    0.6811250857E+02
  9    100    0.35618E+00    0.8300000124E+01    0.7077826866E+02
  9    100    0.35618E+00    0.8350000124E+01    0.6168647861E+02
  9    100    0.35618E+00    0.8400000125E+01    0.6739934504E+02
  9    100    0.35618E+00    0.8450000126E+01    0.6548808541E+02
  9    100    0.35618E+00    0.8500000127E+01    0.7511737503E+02
  9    100    0.35618E+00    0.8550000127E+01    0.7666818536E+02
  9    100    0.35618E+00    0.8600000128E+01    0.7622114054E+02
  9    100    0.35618E+00    0.8650000129E+01    0.7971586477E+02
  9    100    0.35618E+00    0.8700000130E+01    0.7142861402E+02
  9    100    0.35618E+00    0.8750000130E+01    0.7637004874E+02
  9    100    0.35618E+00    0.8800000131E+01    0.7641855349E+02
  9    100    0.35618E+00    0.8850000132E+01    0.6780992274E+02
  9    100    0.35618E+00    0.8900000133E+01    0.6647147096E+02
  9    100    0.35618E+00    0.8950000133E+01    0.7656080694E+02
  9    100    0.35618E+00    0.9000000134E+01    0.7755293560E+02
  9    100    0.35618E+00    0.9050000135E+01    0.6677747367E+02
  9    100    0.35618E+00    0.9100000136E+01    0.7342464741E+02
  9    100    0.35618E+00    0.9150000136E+01    0.6930143800E+02
  9    100    0.35618E+00    0.9200000137E+01    0.7169922745E+02
  9    100    0.35618E+00    0.9250000138E+01    0.7453109308E+02
  9    100    0.35618E+00    0.9300000139E+01    0.7916277976E+02
  9    100    0.35618E+00    0.9350000139E+01    0.6553940625E+02
  9    100    0.35618E+00    0.9400000140E+01    0.6156820371E+02
  9    100    0.35618E+00    0.9450000141E+01    0.5493730144E+02
  9    100    0.35618E+00    0.9500000142E+01    0.5509532430E+02
  9    100    0.35618E+00    0.9550000142E+01    0.5525168813E+02
  9    100    0.35618E+00    0.9600000143E+01    0.6294169189E+02
  9    100    0.35618E+00    0.9650000144E+01    0.5776428585E+02
  9    100    0.35618E+00    0.9700000145E+01    0.6185246183E+02
  9    100    0.35618E+00    0.9750000145E+01    0.5236974835E+02
  9    100    0.35618E+00    0.9800000146E+01    0.4645750289E+02
  9    100    0.35618E+00    0.9850000147E+01    0.4967685947E+02
  9    100    0.35618E+00    0.9900000148E+01    0.4254876326E+02
  9    100    0.35618E+00    0.9950000148E+01    0.4318965246E+02
  9    100    0.35618E+00    0.1000000015E+02    0.5786485311E+02
