  0.40956986119178845        10.840040675231563     
   7.4385720580876713        15.476253200637506     
   2.0263604058472516E-002   14.976934549455960     
   9.7200221592351017        12.809901095521690     
   17.822425593184558        19.683627316415208     
   13.266108387203563        13.249535988647889     
   10.940069340149835        10.032709815837112     
   7.7953150306602659        20.951645694421924     
   5.7355214898627143        3.7256443340060059     
   12.541003574777925        10.195172654541434     
   14.619466202209139        6.1552053343589446     
   1.8324796146834645        19.858325669072119     
   11.225075394153507        19.998719793758788     
   9.4816778024042776        8.8575571564572577     
   10.432073377028326        1.5975920174608627     
   7.5755339741145713        13.664842364014778     
   14.807533393017803        6.7481875065018233     
  0.68999559058011950       0.39517761252019812     
   9.3450833837444147       0.41234396161475606     
   18.225698580964902        17.140896400781916     
   15.914197443246431        16.397567297157735     
   16.143319654755739        8.0698749509609442     
   2.3106307419679850        7.9873997488624591     
   16.650169599101485       0.56041582041019622     
   12.772911493465248        15.417087314272957     
   11.011439863292850        17.047300317657470     
   9.6594131931729699        21.192179917234927     
   15.910806770387749        17.308573583930674     
   1.5473152943849178        9.0476249738638934     
   4.3006321525493822        16.951009265881652     
   8.4670610986921790        11.444311619250357     
   4.0246380485965734        3.2986454465146542     
   12.182074901972898        15.022489444477868     
   7.2736538955788923        2.3854094167339497     
  0.78944440018522288        8.5316275459674369     
   3.7334685623644908        18.299226500888974     
   2.1476810595462799        2.0966572995995842     
   17.373294223315533        13.285345480033888     
   3.8918508365427362       0.60755462981564212     
   14.722677314319199        18.428808940669740     
   6.1059693042758738        12.931977576815942     
   2.6534844353032905        1.2166260542809422     
   13.071526520431128        2.1137979618765552     
   1.3074094869721140        8.7520226675861181     
   9.3117276257228738        14.200217354513564     
   15.802542156253018        19.004229282158121     
   14.745119447383841       0.44822606001145787     
   4.9686707396475818        5.8776846390444906     
   6.2222235425776073        2.3100145513023937     
   3.3607215477824530        19.388572783510622     
   7.5877407269881632        1.0123314776413299     
   1.0444087152461430        14.851052283819758     
   8.7352074533985409        5.7249996504825038     
   11.583393591572213        15.091830809739971     
  0.27441330052972351        20.032076074776590     
   10.475346605224754        8.2692612777718857     
   6.1313662924820660        10.023446656355533     
   8.6756122731765082        16.565920131087363     
   8.2508046008525255        1.6670213382036210     
   4.3208064907673656        6.3353699690396015     
   16.195540644932176        18.200221394281535     
   15.402974996494692        19.157310627063310     
   1.8120910866582318        10.699811896570813     
  0.23591925988778137        18.957026613574588     
   6.2549864562709159        6.8102983904790273     
   17.542816846838289        20.187466847492090     
   17.453680828788656        3.2119267503404729     
   17.736274733657567        16.294933271478666     
   12.203754491775204        10.125480739768728     
   7.7182447170195152        20.992771323213695     
   16.458154153222083        20.248780565340830     
   9.5309676291734728        3.6423162977533270     
  0.11120020252432802        13.040637745806103     
   12.646521049674213        18.957235289145327     
   7.1230411328268239       0.56308482390385184     
   14.977457123112075        2.3522527453512692     
   7.6099073747701684        13.969419628452348     
   10.721199588919099        14.435369274495928     
   7.9321232258994554        17.476850073139300     
   9.6857694211332994        7.9157801298844523     
   12.651843425334736        17.996814881703827     
   3.9756914764895441        6.0666117390781551     
   7.1907317235643919        13.826086232007100     
   11.022098939848595       0.31300361420379103     
   6.2030459101122002        3.9374160012845048     
   2.3405664879482431        1.4562548764183154     
   10.780133604462806        4.1798877894959423     
   13.876299472712770        12.975782905314885     
   11.923671910742797        19.990552181023588     
   1.7038636630366566        10.361238964077049     
   2.0323983200937610        10.632255089162131     
   2.5858059659181585        13.896136330762506     
   1.9664290991447426        16.174144471145315     
   8.9692746257311615        20.730072955481784     
   3.3663882800462708        9.5778117043645832     
   8.1295552634060400        21.275189532380427     
   9.1620393915793308        12.354177824856333     
   8.2555209088912509       0.96395119173633970     
   5.4526587113579481        20.299203708738634     
   10.358998150956358        9.6669848833189800     
   8.3270159513820179        9.6848819945398787     
   17.525801773841572        2.4991441238982155     
   17.934647277919073        19.699671159533782     
   12.603581709640340        13.349492859443821     
   15.821099946832495        7.9607401722885527     
   14.238937279363206        8.4803041710678198     
   11.962303762897378        20.958738119003009     
   10.904463418339725        19.987765598707014     
   4.6836580739971261        7.8216170679179395E-002
   15.091754864936529        2.3748770262657124     
   6.3871813749670858        19.598398614712583     
   12.570456257315081        19.556585883431790     
   8.2010365316326759        15.287681739762510     
   11.988650073387534        14.686276200069075     
   13.642844428678165        10.306322297642270     
   11.706006581167745        15.312016619581906     
   3.9595656699851762        2.0963754603378852     
   18.226047896303285        12.092964361947910     
   15.557883676744183        9.9135586097692538     
   10.449600852650743        20.308586474949784     
   1.0310690980190327        2.0146818373206581     
   15.320884790033752       0.73278987394135209     
   14.539810183705569        4.1095908428092960     
   13.732066398135981        13.731067592247982     
   12.401070274492517        12.098814912400698     
   8.9878302124283778        11.232852011018954     
   5.6074880518460395        3.5731009012808763     
   3.9764542952371627        21.004032169561494     
   4.1491025747767019        4.8067686082787402     
   5.7577939239932512        20.849957070871262     
   18.051151105886873        16.676856645175402     
   16.649702376062134        2.0826101890382160     
   2.7509345991828713        18.625401686898016     
   16.663633115834457        7.2086695981096414     
   17.048113599574521        9.5408684938717041     
   17.165852703549660        10.637162146104536     
   2.7082082092724749        16.269359062355004     
   17.786083574699248        17.958480924876696     
   16.195322460588329        13.684387885003312     
  0.15176835464140481        18.823049262688137     
   11.199573170569346        20.755773133395099     
   14.020410231824069        11.702313514228626     
   10.843084195427343        3.3851548309120880     
   4.7743582974815650        17.260015796549354     
   11.218763475357756        14.473227349228814     
   17.982784474265717        17.766176207144699     
   1.0247555263115857        3.7604358957786443     
   10.105809545155987        16.510182122695802     
   7.1078756680177237        5.4130131308716871     
   3.6308216441132686        7.9321013588226688     
   5.7303274903438988        5.8919808242581277     
   16.272827490005081        11.549130376362100     
   8.4499710936985846        14.552613134950750     
   6.4461969341544538        2.8009328974011871     
   17.778614617716425        5.9736194154556328     
   2.6481190839386759        4.0193326145076584     
   11.768919706133843        11.491337422563570     
   4.3654439220834060        8.8241321651905551     
   17.886047266297599        9.3350921139128928     
   3.0877170101168079        13.274993135866014     
   2.6876550787908671        19.897517231598506     
   6.1571043314681617        16.549509833307980     
   16.147829899803053        19.930850609200007     
   12.433740625130858        6.1013880319065930     
   3.4420211114822283       0.46641845034598262     
   3.2862603552535452        4.2695161738493130     
   7.3512233885517793        1.0009101085650498E-002
   7.5393445744758392        18.369039931009276     
   5.0071648491608443        11.884773580187410     
   4.0800130697739094        3.0320773557369534     
   17.884350276956560       0.96641235467964237     
   2.2501602072603766        8.8730156900481489     
   15.412741500734695        9.9543763148529862     
   11.596392089148100        2.0602825789380417E-002
   9.0329216434902015        9.1107887787849169     
   13.557387792063416        11.999185051493059     
   4.9194227866413485        17.834614159874945     
  0.53452684875103029        10.576702216719001     
   1.5125764625019047        19.704125874004252     
  0.30368977579297413        5.6389190689346975     
   11.156231622022824        4.5509317223468857     
   7.2446877200508704        3.1887150922288203     
   10.753672692095073        11.415597097269480     
   6.7127928576901423        13.841141410988698     
   8.8686514223661828        11.616793430174177     
   17.012854789220533        4.2899657435757126     
   4.1246819064121700        5.3290479343016450     
   13.824604108455601        19.734892796568065     
   10.947662816480406       0.99189145100505505     
   6.8594055741383393        8.4344260833936708     
   13.876699477343157        11.041819705303658     
  0.62036778733505671        18.262019901108637     
   13.527475600074823        10.917913495529392     
   14.859794053074941        16.693859886954570     
   12.976590986211447        17.496087670419794     
   2.5159638351232050        6.7306218586112747     
   9.6254667947054582        3.1966069096594003     
   9.4663376799259868        1.4358799018463944     
   17.554934893450870        3.6242295971419396     
  0.40852673316983007        10.838932336828766     
