  6    ***    0.12929E-01    0.3227486122E-01    0.0000000000E+00
  6    ***    0.12929E-01    0.6454972244E-01    0.0000000000E+00
  6    ***    0.12929E-01    0.9682458366E-01    0.0000000000E+00
  6    ***    0.12929E-01    0.1290994449E+00    0.0000000000E+00
  6    ***    0.12929E-01    0.1613743061E+00    0.0000000000E+00
  6    ***    0.12929E-01    0.1936491673E+00    0.0000000000E+00
  6    ***    0.12929E-01    0.2259240285E+00    0.0000000000E+00
  6    ***    0.12929E-01    0.2581988897E+00    0.0000000000E+00
  6    ***    0.12929E-01    0.2904737510E+00    0.0000000000E+00
  6    ***    0.12929E-01    0.3227486122E+00    0.0000000000E+00
  6    ***    0.12929E-01    0.3550234734E+00    0.0000000000E+00
  6    ***    0.12929E-01    0.3872983346E+00    0.0000000000E+00
  6    ***    0.12929E-01    0.4195731958E+00    0.0000000000E+00
  6    ***    0.12929E-01    0.4518480571E+00    0.0000000000E+00
  6    ***    0.12929E-01    0.4841229183E+00    0.0000000000E+00
  6    ***    0.12929E-01    0.5163977795E+00    0.0000000000E+00
  6    ***    0.12929E-01    0.5486726407E+00    0.0000000000E+00
  6    ***    0.12929E-01    0.5809475019E+00    0.0000000000E+00
  6    ***    0.12929E-01    0.6132223631E+00    0.0000000000E+00
  6    ***    0.12929E-01    0.6454972244E+00    0.0000000000E+00
  6    ***    0.12929E-01    0.6777720856E+00    0.0000000000E+00
  6    ***    0.12929E-01    0.7100469468E+00    0.0000000000E+00
  6    ***    0.12929E-01    0.7423218080E+00    0.0000000000E+00
  6    ***    0.12929E-01    0.7745966692E+00    0.0000000000E+00
  6    ***    0.12929E-01    0.8068715305E+00    0.0000000000E+00
  6    ***    0.12929E-01    0.8391463917E+00    0.0000000000E+00
  6    ***    0.12929E-01    0.8714212529E+00    0.0000000000E+00
  6    ***    0.12929E-01    0.9036961141E+00    0.0000000000E+00
  6    ***    0.12929E-01    0.9359709753E+00    0.0000000000E+00
  6    ***    0.12929E-01    0.9682458366E+00    0.0000000000E+00
  6    ***    0.12929E-01    0.1000520698E+01    0.5899148411E+03
  6    ***    0.12929E-01    0.1032795559E+01    0.8552936116E+03
  6    ***    0.12929E-01    0.1065070420E+01    0.1509396098E+03
  6    ***    0.12929E-01    0.1097345281E+01    0.1154809263E+03
  6    ***    0.12929E-01    0.1129620143E+01    0.9654477244E+02
  6    ***    0.12929E-01    0.1161895004E+01    0.8521738474E+02
  6    ***    0.12929E-01    0.1194169865E+01    0.8067803888E+02
  6    ***    0.12929E-01    0.1226444726E+01    0.7336576022E+02
  6    ***    0.12929E-01    0.1258719588E+01    0.6997856822E+02
  6    ***    0.12929E-01    0.1290994449E+01    0.6874848863E+02
  6    ***    0.12929E-01    0.1323269310E+01    0.6013463213E+02
  6    ***    0.12929E-01    0.1355544171E+01    0.6145911942E+02
  6    ***    0.12929E-01    0.1387819032E+01    0.5243949410E+02
  6    ***    0.12929E-01    0.1420093894E+01    0.5228770397E+02
  6    ***    0.12929E-01    0.1452368755E+01    0.5335588996E+02
  6    ***    0.12929E-01    0.1484643616E+01    0.5529497451E+02
  6    ***    0.12929E-01    0.1516918477E+01    0.5666874326E+02
  6    ***    0.12929E-01    0.1549193338E+01    0.5285954489E+02
  6    ***    0.12929E-01    0.1581468200E+01    0.5542398612E+02
  6    ***    0.12929E-01    0.1613743061E+01    0.5965448792E+02
  6    ***    0.12929E-01    0.1646017922E+01    0.6163992156E+02
  6    ***    0.12929E-01    0.1678292783E+01    0.6376581425E+02
  6    ***    0.12929E-01    0.1710567645E+01    0.6864337538E+02
  6    ***    0.12929E-01    0.1742842506E+01    0.8251544205E+02
  6    ***    0.12929E-01    0.1775117367E+01    0.9262642471E+02
  6    ***    0.12929E-01    0.1807392228E+01    0.9108595114E+02
  6    ***    0.12929E-01    0.1839667089E+01    0.8978028931E+02
  6    ***    0.12929E-01    0.1871941951E+01    0.9362185731E+02
  6    ***    0.12929E-01    0.1904216812E+01    0.1023292828E+03
  6    ***    0.12929E-01    0.1936491673E+01    0.1143904086E+03
  6    ***    0.12929E-01    0.1968766534E+01    0.1333260688E+03
  6    ***    0.12929E-01    0.2001041396E+01    0.2113039364E+03
  6    ***    0.12929E-01    0.2033316257E+01    0.1447214996E+03
  6    ***    0.12929E-01    0.2065591118E+01    0.1016185514E+03
  6    ***    0.12929E-01    0.2097865979E+01    0.9497379996E+02
  6    ***    0.12929E-01    0.2130140840E+01    0.8867190087E+02
  6    ***    0.12929E-01    0.2162415702E+01    0.8236040941E+02
  6    ***    0.12929E-01    0.2194690563E+01    0.7938978661E+02
  6    ***    0.12929E-01    0.2226965424E+01    0.7293710910E+02
  6    ***    0.12929E-01    0.2259240285E+01    0.7238595812E+02
  6    ***    0.12929E-01    0.2291515147E+01    0.7105579666E+02
  6    ***    0.12929E-01    0.2323790008E+01    0.7288272460E+02
  6    ***    0.12929E-01    0.2356064869E+01    0.6705845348E+02
  6    ***    0.12929E-01    0.2388339730E+01    0.6498198885E+02
  6    ***    0.12929E-01    0.2420614591E+01    0.6565472530E+02
  6    ***    0.12929E-01    0.2452889453E+01    0.6767226020E+02
  6    ***    0.12929E-01    0.2485164314E+01    0.7134135928E+02
  6    ***    0.12929E-01    0.2517439175E+01    0.7024996507E+02
  6    ***    0.12929E-01    0.2549714036E+01    0.7319586519E+02
  6    ***    0.12929E-01    0.2581988897E+01    0.7453015780E+02
  6    ***    0.12929E-01    0.2614263759E+01    0.7985505358E+02
  6    ***    0.12929E-01    0.2646538620E+01    0.7965011650E+02
  6    ***    0.12929E-01    0.2678813481E+01    0.7995635677E+02
  6    ***    0.12929E-01    0.2711088342E+01    0.8373189207E+02
  6    ***    0.12929E-01    0.2743363204E+01    0.9129956272E+02
  6    ***    0.12929E-01    0.2775638065E+01    0.9547360666E+02
  6    ***    0.12929E-01    0.2807912926E+01    0.9818516831E+02
  6    ***    0.12929E-01    0.2840187787E+01    0.9471156056E+02
  6    ***    0.12929E-01    0.2872462648E+01    0.9577063278E+02
  6    ***    0.12929E-01    0.2904737510E+01    0.1024964947E+03
  6    ***    0.12929E-01    0.2937012371E+01    0.1023318801E+03
  6    ***    0.12929E-01    0.2969287232E+01    0.1073361809E+03
  6    ***    0.12929E-01    0.3001562093E+01    0.1121331743E+03
  6    ***    0.12929E-01    0.3033836955E+01    0.9680433450E+02
  6    ***    0.12929E-01    0.3066111816E+01    0.8755576569E+02
  6    ***    0.12929E-01    0.3098386677E+01    0.8632964084E+02
  6    ***    0.12929E-01    0.3130661538E+01    0.8492837618E+02
  6    ***    0.12929E-01    0.3162936399E+01    0.8142464830E+02
  6    ***    0.12929E-01    0.3195211261E+01    0.8211813381E+02
  6    ***    0.12929E-01    0.3227486122E+01    0.8271578309E+02
  6    ***    0.12929E-01    0.3259760983E+01    0.7555821537E+02
  6    ***    0.12929E-01    0.3292035844E+01    0.7763374280E+02
  6    ***    0.12929E-01    0.3324310705E+01    0.8160658062E+02
  6    ***    0.12929E-01    0.3356585567E+01    0.8032603798E+02
  6    ***    0.12929E-01    0.3388860428E+01    0.8089274627E+02
  6    ***    0.12929E-01    0.3421135289E+01    0.7930532414E+02
  6    ***    0.12929E-01    0.3453410150E+01    0.8165948720E+02
  6    ***    0.12929E-01    0.3485685012E+01    0.8375192064E+02
  6    ***    0.12929E-01    0.3517959873E+01    0.8475433445E+02
  6    ***    0.12929E-01    0.3550234734E+01    0.8396171785E+02
  6    ***    0.12929E-01    0.3582509595E+01    0.8443709850E+02
  6    ***    0.12929E-01    0.3614784456E+01    0.8341488992E+02
  6    ***    0.12929E-01    0.3647059318E+01    0.8538966860E+02
  6    ***    0.12929E-01    0.3679334179E+01    0.8753606005E+02
  6    ***    0.12929E-01    0.3711609040E+01    0.8878204825E+02
  6    ***    0.12929E-01    0.3743883901E+01    0.8925684802E+02
  6    ***    0.12929E-01    0.3776158763E+01    0.9157707119E+02
  6    ***    0.12929E-01    0.3808433624E+01    0.9547887895E+02
  6    ***    0.12929E-01    0.3840708485E+01    0.9256720106E+02
  6    ***    0.12929E-01    0.3872983346E+01    0.9303705192E+02
  6    ***    0.12929E-01    0.3905258207E+01    0.9377805483E+02
  6    ***    0.12929E-01    0.3937533069E+01    0.9433080729E+02
  6    ***    0.12929E-01    0.3969807930E+01    0.9077522357E+02
  6    ***    0.12929E-01    0.4002082791E+01    0.8881954110E+02
  6    ***    0.12929E-01    0.4034357652E+01    0.8792613903E+02
  6    ***    0.12929E-01    0.4066632514E+01    0.8641390555E+02
  6    ***    0.12929E-01    0.4098907375E+01    0.8496584143E+02
  6    ***    0.12929E-01    0.4131182236E+01    0.8206253555E+02
  6    ***    0.12929E-01    0.4163457097E+01    0.7885563885E+02
  6    ***    0.12929E-01    0.4195731958E+01    0.8063784904E+02
  6    ***    0.12929E-01    0.4228006820E+01    0.8242396685E+02
  6    ***    0.12929E-01    0.4260281681E+01    0.8170421730E+02
  6    ***    0.12929E-01    0.4292556542E+01    0.7951164746E+02
  6    ***    0.12929E-01    0.4324831403E+01    0.8012920868E+02
  6    ***    0.12929E-01    0.4357106264E+01    0.8096478199E+02
  6    ***    0.12929E-01    0.4389381126E+01    0.7652592511E+02
  6    ***    0.12929E-01    0.4421655987E+01    0.7834574054E+02
  6    ***    0.12929E-01    0.4453930848E+01    0.7665735452E+02
  6    ***    0.12929E-01    0.4486205709E+01    0.7924422293E+02
  6    ***    0.12929E-01    0.4518480571E+01    0.8296228076E+02
  6    ***    0.12929E-01    0.4550755432E+01    0.8340851793E+02
  6    ***    0.12929E-01    0.4583030293E+01    0.8090425014E+02
  6    ***    0.12929E-01    0.4615305154E+01    0.8466819597E+02
  6    ***    0.12929E-01    0.4647580015E+01    0.8578174159E+02
  6    ***    0.12929E-01    0.4679854877E+01    0.8075422685E+02
  6    ***    0.12929E-01    0.4712129738E+01    0.8286645493E+02
  6    ***    0.12929E-01    0.4744404599E+01    0.8256502167E+02
  6    ***    0.12929E-01    0.4776679460E+01    0.8100393144E+02
  6    ***    0.12929E-01    0.4808954322E+01    0.8455339457E+02
  6    ***    0.12929E-01    0.4841229183E+01    0.8407639321E+02
  6    ***    0.12929E-01    0.4873504044E+01    0.8402534989E+02
  6    ***    0.12929E-01    0.4905778905E+01    0.8245549717E+02
  6    ***    0.12929E-01    0.4938053766E+01    0.8220869412E+02
  6    ***    0.12929E-01    0.4970328628E+01    0.8092992567E+02
  6    ***    0.12929E-01    0.5002603489E+01    0.8726923937E+02
  6    ***    0.12929E-01    0.5034878350E+01    0.8438917070E+02
  6    ***    0.12929E-01    0.5067153211E+01    0.7919631325E+02
  6    ***    0.12929E-01    0.5099428073E+01    0.8144206012E+02
  6    ***    0.12929E-01    0.5131702934E+01    0.8093465654E+02
  6    ***    0.12929E-01    0.5163977795E+01    0.8000574303E+02
  6    ***    0.12929E-01    0.5196252656E+01    0.7780009261E+02
  6    ***    0.12929E-01    0.5228527517E+01    0.7929247087E+02
  6    ***    0.12929E-01    0.5260802379E+01    0.7978863343E+02
  6    ***    0.12929E-01    0.5293077240E+01    0.7760609179E+02
  6    ***    0.12929E-01    0.5325352101E+01    0.7796405645E+02
  6    ***    0.12929E-01    0.5357626962E+01    0.7733295410E+02
  6    ***    0.12929E-01    0.5389901823E+01    0.7674002090E+02
  6    ***    0.12929E-01    0.5422176685E+01    0.7847716454E+02
  6    ***    0.12929E-01    0.5454451546E+01    0.7817464115E+02
  6    ***    0.12929E-01    0.5486726407E+01    0.7952826966E+02
  6    ***    0.12929E-01    0.5519001268E+01    0.8126628752E+02
  6    ***    0.12929E-01    0.5551276130E+01    0.7970553791E+02
  6    ***    0.12929E-01    0.5583550991E+01    0.8025321114E+02
  6    ***    0.12929E-01    0.5615825852E+01    0.7814094912E+02
  6    ***    0.12929E-01    0.5648100713E+01    0.7876719503E+02
  6    ***    0.12929E-01    0.5680375574E+01    0.8037297420E+02
  6    ***    0.12929E-01    0.5712650436E+01    0.7931741327E+02
  6    ***    0.12929E-01    0.5744925297E+01    0.8253748449E+02
  6    ***    0.12929E-01    0.5777200158E+01    0.8127619422E+02
  6    ***    0.12929E-01    0.5809475019E+01    0.8351316492E+02
  6    ***    0.12929E-01    0.5841749881E+01    0.8413961933E+02
  6    ***    0.12929E-01    0.5874024742E+01    0.8791876896E+02
  6    ***    0.12929E-01    0.5906299603E+01    0.8519333002E+02
  6    ***    0.12929E-01    0.5938574464E+01    0.8589475189E+02
  6    ***    0.12929E-01    0.5970849325E+01    0.8486607385E+02
  6    ***    0.12929E-01    0.6003124187E+01    0.8353000519E+02
  6    ***    0.12929E-01    0.6035399048E+01    0.8006184873E+02
  6    ***    0.12929E-01    0.6067673909E+01    0.7803770052E+02
  6    ***    0.12929E-01    0.6099948770E+01    0.7963927601E+02
  6    ***    0.12929E-01    0.6132223631E+01    0.7971890528E+02
  6    ***    0.12929E-01    0.6164498493E+01    0.7838076005E+02
  6    ***    0.12929E-01    0.6196773354E+01    0.7839166333E+02
  6    ***    0.12929E-01    0.6229048215E+01    0.7655575993E+02
  6    ***    0.12929E-01    0.6261323076E+01    0.7648122934E+02
  6    ***    0.12929E-01    0.6293597938E+01    0.7563762980E+02
  6    ***    0.12929E-01    0.6325872799E+01    0.7694404745E+02
  6    ***    0.12929E-01    0.6358147660E+01    0.7781210710E+02
  6    ***    0.12929E-01    0.6390422521E+01    0.7590699593E+02
  6    ***    0.12929E-01    0.6422697382E+01    0.7510894596E+02
  6    ***    0.12929E-01    0.6454972244E+01    0.7572807590E+02
