  -8.2971329426657103        4.2769123708171719     
  -5.0569867086115234       -4.9583699184019316     
   12.280627423469609        1.7771853626116885     
   9.8714916279724800       -4.8371997245546687     
   3.0749935601482874        8.8337552567827906     
   3.2634018485699730       -7.8475096519324961     
   7.3136284340433235      -0.84747085113381260     
   4.8040241503344658       -7.3260104898746894     
   5.2730537421137402        1.2984058997044827     
  -4.6232995693695615       -10.206576054056548     
  -8.0585899282617071        5.4308017019416166     
   5.6084981113640051       -9.5894416270018876     
   3.2078001613807245        6.3689784792426298     
   2.9453626471216405        10.085382725756924     
  -3.6583452610355485        9.1202756663913078     
  -9.3052650782154256        5.8676754403953693     
  -4.1816864406306387        4.8407535930306258     
   5.8116802524962985       -7.2659340895928031     
  -11.629827365395688        3.4646523125481816     
  -5.1307206820495930       0.70491756527384586     
  -7.3856364213080949        4.6898283717662048     
   4.7892559555417140       -11.387352461384108     
  -7.7431172157616528        7.1182399601492055     
  -8.5238540259558881        6.4933712573390787     
  -5.2559349854284605        10.190738777392777     
  -6.0849764465703844       -8.0594883908745025     
   8.3327122387952883       -2.2423707198070968     
   6.4979191034961392       -1.4451729593597711     
   4.0345407890171296        10.452529769978444     
   3.4344453724145132      -0.18441222411181932     
  -7.0812263797523451       -8.7531797378741487     
   1.5290744085760077       -6.8646619442879784     
  -6.4338323328150162       -6.1126472679494102     
  -2.8157039394482095        8.5784294819211127     
  -3.9913111662114051       -8.2364184609459468     
  -10.586655253074898      -0.44097812770905032     
  -10.583966772180396       -6.2886387364938559     
  -6.1137803319679467        3.4545855760656448E-002
  -9.4551117500091699        6.8559654119561459     
   10.676042102804759       -1.4007151012219918     
 -0.54687427739125272       -9.7302418858385860     
  -6.9842439804937886        2.4175690691276599     
  -10.940523412669421       -3.4314210786001533     
   2.6457440277360669       -8.6342139794900383     
   10.581988096143409       -4.1338771096485747     
   6.5799868624678925       -4.8741283795816308     
   5.4922363954393933       -1.4649162512299623     
  -4.2695793794697314        9.9139895387377166     
   1.6787082272082736       -11.526605627306663     
   7.4269143464370133        1.1261963721889143     
   4.3301233221598894       -9.7143683042531688     
  -6.9383343755973561       -7.5374512168505587     
   8.3353773401343716        7.0586353110161735     
  -4.0890926813381068        2.3075798809341901     
   4.8865645853896194       -3.9993861662886303     
   12.058048452522426        2.7520526357498465     
   7.1409067711103997        4.0933150547849602     
  0.90619943621192478        12.296108704773594     
   2.2259903554242890        2.4967700675971352     
  -11.253465651841671       -1.2670283758327578     
   3.0869402891419422       -10.089658805796581     
  -4.8974177316254108       -1.2841724067099405     
 -0.28585776366490584        10.659842888576714     
   3.3178667602998178        1.9076959889638156     
  -9.5123379807849595       -4.6514443067386155     
  -8.6793540970023315        8.2683546737963169     
  -11.204830068654127        5.3345657411022254     
   8.7304546321195087       -6.2973642739151003     
   8.7116913650398047        1.1006146315040748     
  -1.3796864703308792E-002   7.1520377257096124     
   3.8036254390858555       -5.0907587769338480     
 -0.50533816625096928       -6.2609243031559076     
  -5.1691001394025475      -0.29522563941791685     
  0.97125954305550966        8.0325459451241166     
   7.6836320208841258       -4.4808051360445598     
   9.4653860525827014        4.6977173867081214     
   9.4729997001229282       -6.9672436101851378     
   3.6621804927236492        4.9784236127550976     
   9.2656780292764118        6.6891325649652993     
  -10.445735791444219        6.6137906813163134     
   2.2527159982483620       0.52126834336505834     
 -0.90463193412698151       -7.1783344904611228     
  -6.9959269442032452      -0.62003514715328734     
   1.5102998081498991      -0.15356990395660197     
  -8.5157535822089478       -8.5774265809336434     
 -0.56995655753603536        4.8753959478052513     
   11.436029598650222      -0.66953234618233026     
  0.47897568775692284        1.4536741464343459     
   7.4156142726809611       -1.8434440672168739     
 -0.97398416071081939       -3.9999638026184750     
   5.0328139435700745        2.3698781349285829     
   11.492924875139252       0.32983027543089527     
   4.8805338274815924        7.9099578502196097     
  -4.4830996150702660       -6.0740180728237316     
  -8.6985905164022548E-002   12.409611171015886     
  -5.0984811868967190       -7.1090053752153199     
 -0.77697773839536921       -2.2013488958626319     
   4.5963067611591502       -3.0156679815100484     
   9.7053656645440238        2.7931279832829845     
   8.8906996330358297       -5.0931608048033468     
   10.449146747472232        1.2720159731726366     
   3.0476879583134817        12.029657153000217     
   4.5627958530280575       -1.8377564516564417     
   10.500872198688874       0.20824796867815851     
   8.2337762219030619       -1.2468082974956640     
   11.280298495847324       -4.8513863991395150     
   9.0882464441027864       -4.1133278490374874     
   3.2613010232941901        4.0619040783323541     
   2.9231406591893991       -5.5651825700612285     
   1.5621851310734207       -5.7335382439469322     
   8.6735504377177381        2.5714198213188721     
   9.2019028544253576       -1.4962729467865732     
   2.3527266709318173       -7.4338823915971046     
   9.9546199964221707      -0.70605560214373875     
  -4.6681550604044304        7.2564470719268037     
   1.1577923393268115        9.0401424864867241     
   8.9455795810943322        3.5499086766266865     
  -11.957134758086697       -3.3202804374031625     
   1.4563594805708551        1.8585304314552176     
   4.8008961800778263       -4.9964944274502656     
  -8.2958766596140556        9.2283186760168849     
  -8.4731874697806582       -4.9656331759626742     
   5.6701458082243530       -8.2557276143333596     
   2.3347365188031728       -4.7546322508315768     
  -7.0105766465658688       -3.5913465904424342     
   7.0206865640118759       -5.8166809482228459     
  -1.5127148264162538        2.1199200551327730     
  0.54467529074581322        9.8384869254801757     
  0.28347799700679155        11.481776103841634     
  -1.6048171625291221       -2.7633275891091116     
  -5.1124209838004129        3.0589865841797677     
   1.0649602845717454        5.7590002956869091     
  -5.7395373836198811       -4.2152721018885995     
   1.2877138233836309       0.82106400945133218     
  -2.9354816326560131       -9.3935431406878465     
   7.9403351724097035        3.4926942638124863     
   6.7085718596160779       -10.284405083084943     
  -4.5148663611751463        3.8622789990396704     
  -3.4326020716726275        3.0905620388625379     
  -11.648082463990329       -4.2766816954291578     
 -0.38314887496184413        2.3859224416887259     
  -1.3543240700657582        6.2080442497366750     
  -6.1286988091302401       -9.0591573168729145     
  -4.4412656384050448        6.2825371480604675     
  0.93030478002282335       -4.9516941349493262     
   4.0441176329186943        8.4620118345806556     
   7.5607412589385197        8.2888054791747194     
   6.5584262214640825       -9.2785098279047222     
   1.4166974229684506        4.8225388550343604     
   1.3697690633945419       -10.200084055316896     
  -7.7297847520746004       -5.7067766205078545     
   5.5983682361596676       0.34834143548394964     
  -1.0899227634606923        7.1750670962907570     
   3.5294260075309123       -1.9800434517000347     
   6.7465056308917593        7.5959233509498807     
   1.4573343388756148       -3.8970320073941118     
  -8.9184196034988776        1.3963996497863489     
  -6.8258652671253923       -1.6187636969868078     
   6.0200815700183687        2.5305880343184093     
  -3.8191622727820036       -3.3678915124080544     
   6.8220963555326000        1.9276411846646702     
   9.7368136365081757        5.8045742915822940     
  -6.0455021799106179        4.1687914361522482     
  -10.267176827644080       -5.3135616528277287     
   11.133477089865465        3.6333896989092564     
  0.79565022413071695       -12.031909755253659     
  -1.4623446099101163       -5.1022480862735300     
   2.3658762158670492        4.5080852745113011     
   10.006222169682342       -3.2969017993616889     
   1.9491781415672174        12.153242343628166     
  -10.305957300839491       -1.6387085609758543     
  -4.1622539875338447       -11.686900667375889     
  -9.6168663329456319        7.8434571659555514     
  -8.7020508770514411      -0.62016821631691743     
  -3.2079653887908943       -11.987960342809323     
   5.2366484846535730        4.4453040387236671     
  -9.5482273050356188       -6.0086497583169374     
   7.6353425046062853       -7.7576750869797744     
   1.4068372338535657        3.0708803113793044     
  -6.1409350091143562       -5.1353603390596243     
   2.2303312363354673        10.993636189419183     
 -0.58638858312891851        8.8375776602255289     
   1.7372400563416641        6.5027924845798619     
  -2.5354788387664389       -5.7850629636538340     
  -2.3940427645105249        5.8757423650975875     
   6.8700786034185786       -3.8980062437129588     
   8.5092408792455334       -3.2727772767141183     
  -2.1239013849640864        4.0233628735681499     
   3.7952087917672848       -6.9967169411065200     
   5.6156132975637227        7.0617680051896787     
  -1.3182125063491299        8.1498420396801166     
   5.7329996165710924       -5.4317943277242291     
   5.9108667911816211       -10.911625409786804     
  -1.0300549563277719       0.37160139204778503     
   1.3043199798438538        11.378028956633749     
   7.5185296358925946       -3.1347536724139515     
  -9.0181109317832213       -3.3224813804862827     
  -4.3595233151282686        1.3443627461239602     
  -7.5193344650617897       -2.5555391895534161     
  -5.0849120991676360       -8.1460914745285944     
