  0.51188216719294177       -3.4153949807368060     
  -12.311352649083762        1.5586107023499924     
  -5.1879351174966288       -11.267448198335554     
 -0.87546785045680731        9.9681513451929842     
  -5.4142548058572277       -3.3705003382918322     
  -1.0682298408431039        8.9758843706224773     
  -12.310753609752689       0.55599944678261948     
  -7.9965759421010798       -4.7019419451439752     
  -4.0451766582353086        8.8956089827670120     
  -3.9295040835671258        1.0906184895628130     
   10.455707024608660       0.30560545796379157     
  -2.4423724378952190       -7.8905730744406304     
  -9.0333151701905265       -8.3754975650053964     
 -0.61855852603205141        1.6672059540000896     
   9.9194962971814586        3.5611650687721759     
   5.9926567164453681        6.6415803425696494     
   12.348588892004543       -1.2021464895385197     
  -11.159864127415608        1.6831730321903005     
  -5.0815830114832297        5.6397558496098963     
   6.0994301951080807        2.2045907101712112     
  -6.9989612386613009      -0.47528665831596129     
  -5.5742791677631285       -8.5268459879118019     
   2.4429431180504384        5.4040177270152281     
   4.8730495881200895        5.3649502378222502     
   9.6825762067739980        1.5372044298051963     
   11.997267365319088       -3.1682484356651028     
  -2.7264928765704033       -5.8883574180481153     
  -2.4497645520372022       -3.6180410616393245E-002
  0.98121851389313763        8.5642591658334624     
 -0.10796518971310920       -5.5385744340306120     
   3.8707032420228300        7.0821327728375021     
  -8.6504495095623160        2.1915576851270746     
 -0.90259254053306592        3.0729519294391503     
  -1.5222009614156005       -4.1179589462208019     
  -9.6913367999077931        5.9275981206484163     
  -4.6954671044714154        4.0461302505024852     
  -1.7402654760241212       -5.7228192486570491     
   11.105402554649077       -5.5383361877343713     
   12.214693466972653       -2.1927119480689283     
   7.0008186670777359        8.9956547791184942     
  -3.6223913498109193       -9.3032108773572393     
   4.6260794558201201        6.3332973969895985     
   7.7668403412723537       -8.8531074958354221     
   3.0813873245147207       -11.833230811691889     
  0.80921841066516265       -12.383402796736528     
  -5.8956012533264808        2.0095581688667337     
  -2.3088639368950212        7.7574686774300314     
   9.6119162086476404       -6.3626302316214431     
  -8.0846752264862101        1.3665354413465154     
  -1.8217455221067332E-002  -1.1647354198760123     
   11.588815070152455        4.4378646887209348     
 -0.22126088640107475       0.74675222226660243     
   2.9636829969876048        3.6688320365603806     
  -3.1227498354123067      -0.77768319836021260     
   2.1083129907340541       -10.758948027011797     
   6.0000320163337975        9.1309159599749474     
   1.4995172805566466       -7.7576086838253229     
   9.7892964758959593      -0.82195224550821933     
  0.47335830036497095        11.163636700095754     
   2.8803346728998118        7.2827535672774832     
 -0.56354097288691041       -2.0028558571772797     
   10.339400077550826       -2.8773645536046408     
  -7.9157973617200152        7.5492116642187046     
  -4.0722212332299730      -0.46440918734095588     
   5.0507268976142008        8.7576260765600189     
  -8.7667326560807410        5.0139589248114444E-002
  -3.9630295486242981       -2.7304327568381850     
  -1.1661068621109554       0.40100010262890728     
   5.9483023900213929       0.35163057748105936     
  -2.9349555274585430       -2.4978995050305297     
   10.410367961282731        4.5725672120770078     
  -5.0550132559001320      -0.27602547406865330     
   7.5697705733245595       -9.8335498031066884     
   8.8009209933041763        7.2535516093811205     
  -4.3073189412956783       -8.5436445915434689     
   4.5906529793808186        4.4063775882080884     
  0.21795958383757769        3.1579253652149846     
  -6.9761566881361086       -2.2874851503869453     
  -4.2341013744407849        3.1139551942910444     
   5.8443743670622208       -6.4396172045871811     
 -0.21484381926755197       -8.1471285754875531     
  -10.183525655892181        1.4615149799653055     
  -3.9380136422536540       -10.252123649484460     
   3.1111178869573126        8.5147639754356010     
   2.5438920176345103       -5.2630514302685425     
   11.147767055189631        5.3354338299689203     
  -2.7317945233831518       -4.8528866892642819     
   7.3416059634867636        1.7850551766427383     
  -7.8535705170595476       -3.6473159609628194     
  0.12838342622971632       -6.5702082393402037     
   7.2747489250464659       -4.6683124284281279     
  -1.8529627752536291        10.176089753573976     
  -1.5736986244704116      -0.51765148421319696     
  -1.4505391908049277        2.2357738815179840     
   1.6586162042541617        4.7586578292953510     
  -3.9034135502590526        10.870514174704629     
  0.75780376169265473        1.7720775019533001E-002
   2.5438406316497661      -0.91050190402679088     
 -0.41709572609372109       -11.746711333134970     
  -4.9639085912052074       0.72194265139637037     
   6.1375815058661551       -5.4014719318440862     
   2.7146221825962686       -9.0030959173895280     
  -7.7749482124516573        3.2293275894444422     
   6.7314051182821739        5.1991877136407485     
  -1.6160286632055010       -10.276412575028093     
  -3.9261011617014234        6.4248254156596944     
   4.3186268532625185       -4.2303067706341517     
   2.1598502772179207        8.1977407069090233     
   6.3098095320351613       -4.4056690968014021     
  -5.2792260218212874        7.5558644128059562     
   1.4907139526957427       -3.6273381585858826     
   6.2422552212487661       -7.3718565045752538     
  -2.3573455606278824       -3.5687646120878114     
  -1.4420919305757580       -7.9167464868152990     
  -5.4495736539651309       -1.6343880638006107     
   5.8278911231979329       -3.5267000825059367     
   5.1428418295806688       -11.263125831975342     
   3.5347639101516712       -8.4301210083652265     
  -6.2933818519509108        2.9268372909980100     
  -6.2070066433048359        5.7268760035233210     
   9.4443985752310375       -8.0501077415270572     
  -2.0696389394415498       -11.167760121090792     
  -3.0678531715428909       -10.778974078091620     
  -2.4937308749249847        11.249620270580017     
  -7.9932546366381381      -0.58404382960959256     
   8.5308968235569012       0.90082080685124566     
  -6.0479688827347546      -0.16161348025730779     
   2.6333661779458337       -7.9979640599503679     
 -0.60413683041389543       -10.764466591597396     
  -2.6699212428665047       -9.8609348388273901     
   2.4274120893195272       -6.8439887933049786     
  -6.7936199196637821       0.50512911290008422     
 -0.82335641658006475       -6.2611967114847653     
   8.7642028762594588       -8.7848692283188559     
   7.2771395604416265       0.78295705413826910     
  0.37531964614422958       -11.134438197636168     
   8.8867767050526076       -1.7417952819665794     
   3.1070537571078591       -10.831636799365167     
   6.8025761736451411       -6.1517422794991958     
   3.3190521478820796       -4.1882045688202325     
  0.92294091048905724        5.4390562794515214     
   4.6811699973502670       -6.8134676309557030     
  -6.4098187015486889       -3.4944009554775062     
   11.887661854270641        3.4829442253456220     
  -4.4776349669647901       -1.3786908791103687     
  0.17901668500076212       -10.142371265044227     
   10.066898374843809       -7.2558198024511062     
  -9.5661114881805727       -2.8361398063064076     
  0.39444852698093791        7.7544314388063489     
   3.3370163148673755E-002  -9.1157349947279336     
   10.572536711862323        6.1614651279188672     
  -6.7630201075712479       -8.0146594279065084     
 -0.82771680607096432       -4.8412765571723755     
  -1.4243467799953147       -12.060310465495503     
  0.70249322039669393        4.4635126788791322     
   3.6120389532800683        9.4888266004364059     
  -4.0682140482047622       -7.3081803919028641     
   2.2678958543307868       -4.3016987765471786     
   11.434946385091992       -4.5886021000416610     
   6.5206139386720947       -1.4256727562965472     
  0.96797147414644791       -9.4704766122158617     
  -7.6464017668522573       -9.0417958653711938     
   4.0214236275278061        11.122195670142679     
  -8.5351429297144747       -2.9147251420833946     
   8.1469625281696132        2.3774737799829913     
   11.368607675880742       -1.4777910635819438     
   4.2162915295002685        2.1076951416017913     
   5.8308982978039925        5.6523747742706147     
   6.6670832641181619        7.7654460208881497     
   8.3175172317308554       -7.8867092486423411     
  -2.3205137279998005        5.2319545489607915     
  -7.4804027093373389        6.5595991905288953     
  -4.4457166136236204       -3.6181992965914258     
  -1.9390603430420745       -2.3716242329382076     
   7.1958688614359350       -7.0710049163698327     
  0.81684874820937337       -4.3680868112289009     
  -2.6297501319553094        9.5416022135820118     
  -4.9061503431885169        6.6239507947920364     
  -3.1102582183489509        5.8463532748102827     
  -4.1181833655668587        9.8931466662420817     
  0.89951725100442081        9.5610506547812175     
   7.5369360929764184        3.7049061402987955     
   10.179074835512862        7.0986241904631049     
  -8.5348303488135535        6.1305249153565198     
  -5.1301169612214057        2.6651066527215663     
   3.2603190359536565       -9.8423703006535703     
  -1.4864442554204993        4.6649994914947630     
   5.7494930477636332        10.706150134370617     
   1.7583891716326265        7.2816798708376442     
   3.3313132314797995       -7.2737867491168080     
   1.9474128832806310        1.9872409802481028     
  -3.9941054551405788        5.3780735670049857     
  -3.7348313638663044       -6.3650041872458321     
  -10.104930917228772      -0.46715345893862614     
   4.9922353602017910        11.361162892704039     
   11.257128667261162       -2.4797002768045671     
  -9.4730144480813312       0.75815630212141472     
   1.4484696424591543       -11.515379232540457     
   5.3840550946977057        1.3035853534337711     
   1.7538516682537257       -8.7250151059553573     


