   9.2396306144668134        3.8938113928921041     
   1.9820532755607732        7.8588359511579036     
   10.604886478498232       -6.4402732596284311     
   4.8681636041429197        5.1183952045545089     
  -8.0502894354746424      -0.36236592859043887     
  -11.554801240349493        4.5137097244043929     
   2.6779659455084199        12.115998735115390     
 -0.16639755224534444       -8.7312025518932597     
   10.453659935292595        2.1676730457006821     
   7.8361653276448724      -0.57884899143584145     
  -1.9358277825631673        12.257989104198861     
  -9.8204938955664698        7.5732592518309332     
   3.3456956049243374       -2.3436628787555636     
   6.5186458611980767       -8.0590357102436343     
  -1.5620863095106474       -1.8278294510073896     
  -3.2503653720846231       -1.8383686314822689     
  -11.423862536881728       0.46337731111571390     
   6.6468253385345220        1.4278532553549235     
   7.8856645493231028       -7.8639716014634216     
  -5.8299107494056939       -4.3365433466108456     
   3.4483550824304072      -0.31025204358128788     
   2.8679454388780004       -6.2063810932245698     
  -5.1139623039401423        3.6287410302479932     
  -2.9140476236982025        12.052155000838388     
   8.1878477332541824        5.3449292017507837     
   5.5996629136288067       0.51110810431326537     
   1.1708185611130912       -1.9329229269302819     
 -0.98230123825266680       -8.1495786497519340     
   5.6707962328626644        3.9744490916298929     
   9.4189930059183506        7.1269658661112825     
  -1.9825722401298351       -3.8770842637758798     
  -7.9701898250535095       -4.5279387249321381     
   1.3711804193903689        5.2577137227937216     
  -10.731063263894971       -4.0077437251122490     
   8.1496414478751493       -2.5955994234459938     
  -3.9668831611500925        7.2017099264524154     
  -10.780384465073734        2.9957822318436027     
   3.2605288537202988       -1.2952670573466956     
  0.98547154032960693        7.3772025689307652     
   3.6013485722706897       -11.634342121008691     
  -3.7249467917976768       -8.2734229677468747     
  -2.0309898389090821      -0.94470407947520174     
  -3.8480763020030735        10.723024366450572     
   5.0001963243737979       -8.5415210628428682     
  -8.9542846782058554        7.0716304743751488     
  0.26108924193898947        9.4361130098217085     
  -2.3968651544511426        10.052728613219548     
  -10.484807121614132        6.6376530678595609     
  -8.1057401950926522        4.7046644929936772     
   7.7743708287668545       0.46515375313697804     
   6.0371651646637874        10.267445490874321     
   8.3328767366132936        1.2990747152283908     
   2.0396874696930376        10.909187118398222     
  -8.1887499822281615       -3.5525749319385622     
   1.1071985967851856        8.3695483378830957     
   7.5864074739068563       -5.2988346245068243     
   6.7677728664781167        3.8871961965275195     
   2.5386047133678953       -11.651824136197515     
   1.2532347199440710        9.5674334861244787     
  -7.3212459924719520        5.3472458150123234     
  -11.661122382609634        2.5146935996364945     
  -5.3045233779881418       -6.3449897066669267     
   7.2206131265161222       -6.2488696038330369     
  -7.8186252036493187       -2.4853933789548419     
   3.6830754817316689       -8.8578016782692597     
  -1.7632037074600071       -7.5234945827067854     
  -4.8132209737286527        1.0477930479897541     
   7.8101428016163048        8.3822133146975570     
  -3.7947752602763707        5.2146648869280643     
  -2.8514765053361439        8.9885868603811794     
  -6.9042025830144071       -2.0403141897399935     
  -1.0781435645222424       -11.298845987401645     
   1.8822826024415968        1.8151704756882188     
  0.71490002709829426        10.410743023154250     
   7.4027801552686805       -1.9166010767534591     
   8.6899472013961443       -5.3690154759068420     
   10.564334783110677        6.5111493415996398     
  -2.4039575396957336       -2.3790528271398386     
   1.0531851634253950      -0.93809423172852591     
  -3.8600309367313650        11.725414530650113     
   7.6406412276110798       -9.2987617314808464     
   9.8950510087903201        5.7387258101589689     
  0.54860817499911085       -12.397608812730478     
   6.2576060405156522        4.7842691268097877     
  -6.8142405497393828        2.9763027884533031     
   3.1553530099952751        5.4115093091575961     
   10.444709534447361       -3.0474596449930655     
   7.3377671480961544        7.3000785490101050     
  -9.3334578242831636       -8.1730027600037207     
  -2.5852391610863137       -8.0921329379164249     
  0.88077155686489972        4.1060115584507226     
   4.5452453365588976       -11.299814343891235     
   2.8677584792941708        8.3230117056116200     
  -4.4646228470573384       0.10921712044400275     
  -1.8112484461383425        9.2420653461616524     
  -3.0311565971574193      -0.86177081329710048     
  -9.0369405525031841       -4.4036634482812547     
   3.2122490957201077       -9.8063130633602960     
   4.2175494238089888        1.0897415233016154     
  -5.7845059265154077        4.9572657989051141     
  -10.862428697364903        1.2925061813348591     
   1.3899093124455819        3.2455788052007430     
   4.7098219426482073        1.9595425107318749     
   5.0277236908760967       -5.8828383296377043     
   2.7655297070783704       0.66495035669596347     
  -12.287810609769107        1.7264044388129274     
  -11.667404716582549       -3.6559220687925884     
   7.1891504366730548       -4.3598972125707505     
  -9.1365809963263125       0.84335713225750719     
   12.158517194568127       -2.4851465731899118     
 -0.28109509832822038        10.276523275526630     
  -9.3360980562734781        6.1112028689269682     
 -0.39562597470330446       -3.5856995792644457     
   4.6809258217421981        4.1179078260241075     
   5.0080601058352086        6.1693260612399463     
  -1.6684723852256429       -12.132897486683351     
   1.7580743220482706       -2.7454310208336019     
  -5.6206874742778901       -10.276368867535652     
 -0.72536031094057885        11.172282478089087     
   2.1411122635739561        3.9048769674393866     
   3.0858462244452398        4.2376709113262443     
  -4.7025519278173782       -8.5000168521107113     
  -12.290554983633644       -1.7162226893567942     
  -4.6201542785018761      -0.87875406719007765     
   1.9371768636420958        6.8596175997268878     
  -2.4686774916848062       -3.1769749286045486E-002
  -5.1514838569855002       -9.3933406424662227     
  -4.9640420952737676        7.1168269140929628     
  -5.7431598638506065        11.000418406174679     
  -8.3359909553662170       -8.1065591418603908     
  -4.6532871795924775       -7.2723096011761310     
   5.5106792373990166        11.116960857010023     
   5.1367526386597380        3.1287130151895348     
   1.6880234866084920        12.253130310620190     
  -11.737405871584524       -2.5504396342019855     
   1.8563940432617259       -5.9371050810034900     
 -0.92938435608459291      -0.95130002667533009     
  -1.3838058771122437       -9.6331900647019548     
   2.0325884911141179       -1.3125546384945252     
  -6.9199457660337487        8.2149130609649781     
  -7.4024977006363972       -8.4673397247733249     
  -1.6175592496696205        5.8317378280999792     
   1.0585824645765765        6.3775857106075104     
  -3.3742831548289427        9.8418144405705377     
   8.0286346099206387       -6.8745934020363331     
   11.014455711435973       -3.8906484141570123     
  -11.503836648055991       -4.6437050445978691     
  -12.398164498254634      -0.26957012867476132     
   8.7976429736691646       -1.8328950633350916     
  -4.6121274333719757       -3.9371802317664071     
  -4.2369577099344520        1.8716207297539267     
   1.2608214685569894       -11.181105395725098     
   2.6924168680331926       -3.1020137728112300     
   7.2582576911945180        4.7614149570724154     
  -6.2823456054419635        9.2707716836237193     
  -3.8131803235768942       -4.9449578141528381     
  -1.8043267859681256       -8.7206068035316875     
  -9.0057710635464918       -6.2444964186220790     
   9.8173317079794629       -1.2754064460942633     
  0.38643019332350553        5.4319693995044380     
   4.0646887651522654        5.8383441460820045     
   8.4177224665776311        7.5843901031909553     
   3.2433298572192948        6.4086681057242245     
  -10.650913185276494       -6.3688266149253492     
  -7.2674959516963993        9.4745218729679106     
   8.1848958335140374       -4.4977833569855630     
  -1.3951813115791296        7.6325054409680719     
   1.6442673388207261       -12.299835621257797     
   5.8943975232939909       -8.9946980738759432     
   9.3793333010657438        8.1260608096910012     
   7.8575696701498119        2.2459349270278226     
  0.15845081749570691        6.8138715107426790     
   12.312443648142720        1.5490354289160395     
   2.6067052103259467       -5.2388890370777039     
  -1.9393628510046963       -6.3137827988216726     
  -8.3212529149061432       -7.0719256526243122     
   8.8065379888597928       0.41855043979258988     
   1.8135682910395195E-003   2.0346165533143616     
  -9.7973734071976288       -3.6507608423042361     
  -4.8493047289048494        2.6643052401942930     
   4.4419619592192729      -0.19913646938181595     
   10.394298036690291        1.1692032590270518     
  -8.3894396258346493       -9.1057957869922905     
   9.7051213697376078       -2.2696731239387415     
 -0.82856452346809595        9.4407085780287723     
  -5.1839120678050961       -1.7086289194144701     
  -1.5816567201665912        4.5476830767772487     
   3.0617896415929904        10.926196156568974     
   4.2961404389297631        6.8899088960429804     
  -1.7890930241417464        1.7880803263106999     
  -5.9532635977842769       -2.3492629971974970     
   9.0282119749898033       -6.8722097186113942     
  -4.0920128747880025       -3.0797753174148106     
  -9.9092501044800088       -2.6542774826172093     
  -10.850545997269554       -3.0140053555170461     
  -4.3006857190694872       -6.3355958268018542     
  -6.1508911026851338       -9.3517097467116130     
  -6.3733307547823310       -7.2428665616873911     
   6.4082083345102498       -2.1761918291323354     
  -8.3948281141408565E-002   6.7946579392466441E-002
