 -0.24434335889450395      -0.73902206160978490     
   5.3728883127467810        11.186464337775703     
   5.1560300130036012        5.0516778787179941     
  -7.0743563851517894       -2.5793990490503527     
  -6.9609264991218076        4.3783491809817381     
  -1.5578967225552469       -7.6143091671472920     
  0.33115760115509729       -7.8437997934606880     
   7.3534241177752904        7.5126140947299644     
 -0.20892990274846851       -11.159250895689265     
  -5.6195469797742277        6.3996334247855522     
   6.6048845042923441        4.1613967167255961     
  -7.9513223614571995       -1.7734454320831576     
  0.41455093805480842       -3.4917686058566009     
  -7.9024816172056109        9.5667932951399965     
  -8.4619883111269250        6.9023975712455075     
   12.161625052811145        2.4666120316432480     
   9.6014642204204872       -6.2446920043724088     
   11.929581289813566       -3.3723113023886091     
  -3.6591023136195124        11.411588954622735     
   3.8164742480814202        9.6528596887866698     
   7.8388104798369929       -9.6199550849158193     
  -11.179873997684417        3.6686443846928332     
  -5.8331785133638467        2.2488288101966263     
  -1.8681893564015697       -12.266347246449381     
  -7.5299872504222325        2.6746669657042066     
  -1.0471642059730271        1.0194134383381201     
   5.0418606963931456        3.3174556039228151     
  -8.3747875509504812        2.1354238281202997     
   4.6718710059314068       -10.458681960543149     
  -10.934255377685886       -3.2583259920840715     
  -4.1986907700217033       -11.569142962271242     
  -7.5818338414903312        6.4179208826991019     
  -7.5065509313614180        5.4208768077394183     
   6.9943224264669632E-002  -4.4312770929814578     
 -0.81193789097594171        2.0508210272288991     
  -11.880974267713773       -3.5843256384419893     
  -3.4673482391843780       -4.8925234027144606     
   4.0312846567096248       0.12625852119158501     
  -7.5760264698975366       -9.8278640414161131     
   5.3607265780121542        2.3049791004553790     
  -2.2810341205209497       -3.9904874669280437     
  -2.2784737869626288       0.11921036726211844     
  -1.3732828965192072        9.9193364955266823     
   2.2188361570229738       -10.160538048190588     
   8.0228628744337893        6.7480632475276732     
   8.7939182585780191       -6.8427209838502021     
   3.1679517112998332       -5.7654644644164419     
  -3.4587389366175785        1.2778607651723228     
   9.3808238524224183        2.2370374008579907     
   4.7397039950192097        9.2669551555808098     
  -5.9785664004507950       -10.713812841106908     
   5.2004703283418463        7.9024036614992363     
   5.9335330879818970       -8.2180740481596644     
  -1.7369339156619499        5.4270824754868157     
  -6.2243755773605809        10.735293091848401     
  0.69600588228790461       -9.6134497672800485     
  0.25338021283833728        11.042796450945904     
   1.2140807944789602       -6.2258231977449610     
   5.6281081642554600        8.8057780379133206     
  -12.334615369309260      -0.35164398869834068     
   2.0814580504024605        2.6977712260306039     
   3.9778027392026765       -2.3941807553382932     
   3.7152683427453144       -9.9707903005500249     
   11.243095372620036        2.8629777482078893     
   2.8102653410944325       -10.966518289389866     
   2.3738810105651198       -12.179476134190725     
 -0.64735618814156415        10.607779322112771     
   11.581337396717680       -1.5690920232734793     
  -12.058542154314805        2.9309283781031357     
   10.778463654495164        4.0185140136736113     
   5.5508046955119132       -4.6347993067247479     
   2.2712915770058348       -7.2113898808743535     
  -5.6745530463188487       -3.9621716888530774     
  -5.0581981789882446        7.4356165658514239     
  -2.5113819283668808       -9.1061226743065298     
   4.6540914184026452       -11.502467855725628     
  -4.6407815380905939       -4.6434602616289560     
   1.3231559010102261        1.3110058318231039     
  -5.1587487878506213       -11.285781550562168     
   7.2260627220643423        8.8910282558073170     
  -1.6695427865467320       -2.3223489293242761     
  -8.7505801250752437       -1.1661412401451750     
   11.315890692529459        1.8048472720301534     
  -1.7939779194492944       -11.268995648051073     
  -3.5864049498376178       -10.777346808818750     
   8.4928947533353281        5.8636346976914444     
  -2.5305587485027758       -2.8300356786305549     
  -8.5381714203349617        4.9774763582101649     
   9.9941073769660971       0.12982537929344581     
   5.0029776323067781       -3.7966831048365526     
   3.3871548228251083        1.0133761516630679     
  -6.5754743106929858       -9.8641437806164998     
 -0.94960113342007713       -9.5538053744429465     
  -4.4592722106692921        1.2276346585364248     
  -3.1850068336503399       -9.8600915144587766     
  -7.8747460120432962      -0.66889951205642972     
  -4.2636852370645464       0.24596141039546607     
  -4.4592270469893593       -2.7486198324823672     
   3.8109876121299950       -10.965970043408992     
  -5.1819559416941097       -8.3785007192548537     
  -2.4328336548502674       -8.0991357412760383     
  -5.1769066860664354       -2.0193734955022715     
  0.32927186226781718        1.0526027487686394     
   4.0007426485545388       -3.8661929494680716     
   8.2117851079300657       -7.6559962881288159     
  -4.9570635592039718        5.2097309747220262     
   7.2537975760146942        4.9247224713204707     
 -0.46510275292638731        7.2393182545310166     
   2.0983740516503131        11.058751012360295     
   4.1571789353540840       -5.6198332765870269     
  -8.7877504179862456        3.2913526546480618     
  -3.4830773655009368       -2.5288253993893668     
   4.4995278269226215       -6.5602073631811919     
   3.0071553534303987       -2.1439730008626849     
   10.317587838432834        1.8874155575794280     
  -5.8905420952206322      -0.42650614314437918     
  -3.0593124540170678        7.4810155763780095     
   8.1936174948791951       -5.8542689370416197     
  -10.398932583435410        1.6635350136120657     
   10.202673814787691        4.9041004683793430     
  -5.9816238056845528       -1.4221201032057320     
   1.3236569759270849       -7.7179372719311718     
   4.3106233072588092        8.3636557062145940     
   6.0392490833055019       -3.7621902944494461     
   9.9195659311490889       -2.5957125847317890     
  -9.3434763756533723        1.8068679679013278     
   7.4928934014792494        5.8990151542669453     
   5.6061903598422171        6.3245786173398972     
   6.2549687580825717       -5.6026177798854242     
   2.9751113854045093       -7.9272651845993725     
   2.4345557155505557       0.68464871284899342     
  -1.7700284017849410       -6.5032266073310661     
  -3.5272669947584840       -7.4534426718171582     
  -7.2871998624496612        1.2923686644596473     
  -7.0369385549399173        10.151673863660957     
   5.2552028944910152       -1.4347538183836632     
   2.8900325262739521        5.7411563168483042     
   2.6048951074339262        1.6699093265100908     
   1.2085373535293056        8.3547195101171638     
 -0.81064207356068463       -6.2219748372543693     
 -0.34080260293411646       0.30855022424310335     
  -6.0958257896508599        3.8726438103225012     
  -9.1654286739653976       -3.7660412974361406     
   3.4667579313908323        2.1795563720538693     
  -1.5178716314898466        8.4811291190501770     
  -5.4549129003147527        1.3223215612394656     
  -1.6660217498544063        6.4268342371876619     
  -6.3931847034138753       -5.7818274736319122     
   12.370145516448900       0.27254861370857553     
   6.3888331227496664       0.24849750394657202     
   1.9058812507642990        6.2758207053612729     
   6.3045560833150098        10.683447198728237     
   6.6840785679833745       -6.8015445161413082     
  -7.4705834712546473       -8.0685719813884891     
   3.0963743412008231        10.997096231939594     
   2.0054060218518721        7.7412875628654714     
  -8.0964025244725395        4.0158194417833935     
  -6.7247041440298565        9.1987415242529735     
  0.62790026148354683       -1.5650128560064374     
  0.68987234407610598       -5.3726299606124792     
  -3.5480661122088013        8.3764774243290585     
   8.2536019910287859        4.8919154383635197     
   3.9342983947163996       -1.1545728530353920     
   4.6616350460111295       0.90226013474012812     
  -5.9135208302725744        8.6135214047652848     
   2.3107304308723506       -2.8616703946678803     
   9.8522532125450830       -5.2743279434187880     
   1.6888042809989494       -5.3193955562269641     
  -9.4366781061799845        7.1357779720225647     
  -3.4888168071151258        6.5781125751010245     
  -2.6428799169536390       -6.0103341077503813     
   5.6053536922974461        4.1439256040694357     
   9.2461903047593594       -7.8579137162771566     
 -0.40977692371984858        11.811160764874520     
  -5.6837449876193471       -4.9674600170699774     
  -2.6485348956989081        5.0151896870107020     
   5.3836751852653295       0.19986152343687369     
   7.9008093770457117        2.5634107182277366     
   6.2394032293094392        9.5981711594991239     
  -3.3657953983893343       -1.5349032360274937     
  -1.5185741491977558       -3.3431393341718048     
   3.5582115893427693       -4.8024875910521567     
  -3.7455976188044406      -0.60945100105733552     
   8.0375859254961490        8.2434494956180480     
  -4.7445679423514404        2.9709337580098838     
  -8.4892733048096911       -5.8472311299775557     
  -6.4431525656949553       -8.1801412075432047     
  -2.6780550471787889      -0.80893886439230300     
 -0.25136214146368452        8.4272540215840461     
   7.8149928406891167        1.5647804871446314     
  0.68982865678762229       -10.704395941025808     
  -9.8618205055141246      -0.26498447874478248     
   2.2229086612620721      -0.36454639577371517     
   10.398660731371269       -4.4365358812421478     
   10.694462957943502       0.92909013236611437     
   11.087430782407504       -2.4403970840787763     
   2.2565662210936104       -6.1816377523477453     
  -2.4036083795102092        3.5333112287146657     
  -2.4744371492569983        1.0999419548688461     
   6.5305408648754852        8.1704593745414957     
