  0      1    0.12929E-04    0.97615E-04
  0      2    0.25857E-04    0.32772E-03
  0      3    0.38786E-04    0.68279E-03
  0      4    0.51714E-04    0.11793E-02
  0      5    0.64643E-04    0.17886E-02
  0      6    0.77571E-04    0.25048E-02
  0      7    0.90500E-04    0.33260E-02
  0      8    0.10343E-03    0.42765E-02
  0      9    0.11636E-03    0.53376E-02
  0     10    0.12929E-03    0.65015E-02
  0     11    0.14221E-03    0.77827E-02
  0     12    0.15514E-03    0.91407E-02
  0     13    0.16807E-03    0.10564E-01
  0     14    0.18100E-03    0.12080E-01
  0     15    0.19393E-03    0.13705E-01
  0     16    0.20686E-03    0.15495E-01
  0     17    0.21979E-03    0.17339E-01
  0     18    0.23271E-03    0.19240E-01
  0     19    0.24564E-03    0.21272E-01
  0     20    0.25857E-03    0.23330E-01
  0     21    0.27150E-03    0.25429E-01
  0     22    0.28443E-03    0.27670E-01
  0     23    0.29736E-03    0.29877E-01
  0     24    0.31029E-03    0.32247E-01
  0     25    0.32321E-03    0.34631E-01
  0     26    0.33614E-03    0.37150E-01
  0     27    0.34907E-03    0.39671E-01
  0     28    0.36200E-03    0.42195E-01
  0     29    0.37493E-03    0.44801E-01
  0     30    0.38786E-03    0.47520E-01
  0     31    0.40079E-03    0.50161E-01
  0     32    0.41371E-03    0.52999E-01
  0     33    0.42664E-03    0.55892E-01
  0     34    0.43957E-03    0.58834E-01
  0     35    0.45250E-03    0.61779E-01
  0     36    0.46543E-03    0.64743E-01
  0     37    0.47836E-03    0.67708E-01
  0     38    0.49129E-03    0.70744E-01
  0     39    0.50421E-03    0.73731E-01
  0     40    0.51714E-03    0.76841E-01
  0     41    0.53007E-03    0.79950E-01
  0     42    0.54300E-03    0.83065E-01
  0     43    0.55593E-03    0.86319E-01
  0     44    0.56886E-03    0.89542E-01
  0     45    0.58179E-03    0.92782E-01
  0     46    0.59471E-03    0.95927E-01
  0     47    0.60764E-03    0.99327E-01
  0     48    0.62057E-03    0.10264E+00
  0     49    0.63350E-03    0.10609E+00
  0     50    0.64643E-03    0.10949E+00
  0     51    0.65936E-03    0.11311E+00
  0     52    0.67229E-03    0.11662E+00
  0     53    0.68521E-03    0.12015E+00
  0     54    0.69814E-03    0.12361E+00
  0     55    0.71107E-03    0.12732E+00
  0     56    0.72400E-03    0.13096E+00
  0     57    0.73693E-03    0.13458E+00
  0     58    0.74986E-03    0.13827E+00
  0     59    0.76279E-03    0.14196E+00
  0     60    0.77571E-03    0.14588E+00
  0     61    0.78864E-03    0.14966E+00
  0     62    0.80157E-03    0.15344E+00
  0     63    0.81450E-03    0.15716E+00
  0     64    0.82743E-03    0.16098E+00
  0     65    0.84036E-03    0.16480E+00
  0     66    0.85329E-03    0.16869E+00
  0     67    0.86621E-03    0.17253E+00
  0     68    0.87914E-03    0.17651E+00
  0     69    0.89207E-03    0.18037E+00
  0     70    0.90500E-03    0.18441E+00
  0     71    0.91793E-03    0.18831E+00
  0     72    0.93086E-03    0.19235E+00
  0     73    0.94379E-03    0.19619E+00
  0     74    0.95671E-03    0.20026E+00
  0     75    0.96964E-03    0.20430E+00
  0     76    0.98257E-03    0.20833E+00
  0     77    0.99550E-03    0.21233E+00
  0     78    0.10084E-02    0.21637E+00
  0     79    0.10214E-02    0.22045E+00
  0     80    0.10343E-02    0.22457E+00
  0     81    0.10472E-02    0.22880E+00
  0     82    0.10601E-02    0.23299E+00
  0     83    0.10731E-02    0.23719E+00
  0     84    0.10860E-02    0.24125E+00
  0     85    0.10989E-02    0.24547E+00
  0     86    0.11119E-02    0.24980E+00
  0     87    0.11248E-02    0.25412E+00
  0     88    0.11377E-02    0.25827E+00
  0     89    0.11506E-02    0.26252E+00
  0     90    0.11636E-02    0.26682E+00
  0     91    0.11765E-02    0.27113E+00
  0     92    0.11894E-02    0.27519E+00
  0     93    0.12024E-02    0.27936E+00
  0     94    0.12153E-02    0.28354E+00
  0     95    0.12282E-02    0.28777E+00
  0     96    0.12411E-02    0.29200E+00
  0     97    0.12541E-02    0.29618E+00
  0     98    0.12670E-02    0.30033E+00
  0     99    0.12799E-02    0.30471E+00
  0    100    0.12929E-02    0.30880E+00
  0    101    0.13058E-02    0.31313E+00
  0    102    0.13187E-02    0.31717E+00
  0    103    0.13316E-02    0.32139E+00
  0    104    0.13446E-02    0.32553E+00
  0    105    0.13575E-02    0.32975E+00
  0    106    0.13704E-02    0.33390E+00
  0    107    0.13834E-02    0.33795E+00
  0    108    0.13963E-02    0.34205E+00
  0    109    0.14092E-02    0.34589E+00
  0    110    0.14221E-02    0.34990E+00
  0    111    0.14351E-02    0.35420E+00
  0    112    0.14480E-02    0.35807E+00
  0    113    0.14609E-02    0.36235E+00
  0    114    0.14739E-02    0.36635E+00
  0    115    0.14868E-02    0.37057E+00
  0    116    0.14997E-02    0.37466E+00
  0    117    0.15126E-02    0.37881E+00
  0    118    0.15256E-02    0.38294E+00
  0    119    0.15385E-02    0.38696E+00
  0    120    0.15514E-02    0.39104E+00
  0    121    0.15644E-02    0.39540E+00
  0    122    0.15773E-02    0.39974E+00
  0    123    0.15902E-02    0.40389E+00
  0    124    0.16031E-02    0.40838E+00
  0    125    0.16161E-02    0.41288E+00
  0    126    0.16290E-02    0.41717E+00
  0    127    0.16419E-02    0.42159E+00
  0    128    0.16549E-02    0.42588E+00
  0    129    0.16678E-02    0.43012E+00
  0    130    0.16807E-02    0.43427E+00
  0    131    0.16936E-02    0.43835E+00
  0    132    0.17066E-02    0.44272E+00
  0    133    0.17195E-02    0.44693E+00
  0    134    0.17324E-02    0.45141E+00
  0    135    0.17454E-02    0.45560E+00
  0    136    0.17583E-02    0.45999E+00
  0    137    0.17712E-02    0.46448E+00
  0    138    0.17841E-02    0.46894E+00
  0    139    0.17971E-02    0.47353E+00
  0    140    0.18100E-02    0.47818E+00
  0    141    0.18229E-02    0.48264E+00
  0    142    0.18359E-02    0.48729E+00
  0    143    0.18488E-02    0.49193E+00
  0    144    0.18617E-02    0.49651E+00
  0    145    0.18746E-02    0.50057E+00
  0    146    0.18876E-02    0.50485E+00
  0    147    0.19005E-02    0.50937E+00
  0    148    0.19134E-02    0.51376E+00
  0    149    0.19264E-02    0.51799E+00
  0    150    0.19393E-02    0.52241E+00
  0    151    0.19522E-02    0.52672E+00
  0    152    0.19651E-02    0.53094E+00
  0    153    0.19781E-02    0.53502E+00
  0    154    0.19910E-02    0.53930E+00
  0    155    0.20039E-02    0.54341E+00
  0    156    0.20169E-02    0.54785E+00
  0    157    0.20298E-02    0.55226E+00
  0    158    0.20427E-02    0.55651E+00
  0    159    0.20556E-02    0.56079E+00
  0    160    0.20686E-02    0.56530E+00
  0    161    0.20815E-02    0.56964E+00
  0    162    0.20944E-02    0.57406E+00
  0    163    0.21074E-02    0.57821E+00
  0    164    0.21203E-02    0.58271E+00
  0    165    0.21332E-02    0.58719E+00
  0    166    0.21461E-02    0.59152E+00
  0    167    0.21591E-02    0.59585E+00
  0    168    0.21720E-02    0.60022E+00
  0    169    0.21849E-02    0.60469E+00
  0    170    0.21979E-02    0.60922E+00
  0    171    0.22108E-02    0.61381E+00
  0    172    0.22237E-02    0.61829E+00
  0    173    0.22366E-02    0.62272E+00
  0    174    0.22496E-02    0.62717E+00
  0    175    0.22625E-02    0.63152E+00
  0    176    0.22754E-02    0.63600E+00
  0    177    0.22884E-02    0.64057E+00
  0    178    0.23013E-02    0.64513E+00
  0    179    0.23142E-02    0.64959E+00
  0    180    0.23271E-02    0.65399E+00
  0    181    0.23401E-02    0.65823E+00
  0    182    0.23530E-02    0.66245E+00
  0    183    0.23659E-02    0.66673E+00
  0    184    0.23789E-02    0.67099E+00
  0    185    0.23918E-02    0.67506E+00
  0    186    0.24047E-02    0.67930E+00
  0    187    0.24176E-02    0.68345E+00
  0    188    0.24306E-02    0.68766E+00
  0    189    0.24435E-02    0.69176E+00
  0    190    0.24564E-02    0.69599E+00
  0    191    0.24694E-02    0.70021E+00
  0    192    0.24823E-02    0.70423E+00
  0    193    0.24952E-02    0.70840E+00
  0    194    0.25081E-02    0.71228E+00
  0    195    0.25211E-02    0.71667E+00
  0    196    0.25340E-02    0.72081E+00
  0    197    0.25469E-02    0.72495E+00
  0    198    0.25599E-02    0.72893E+00
  0    199    0.25728E-02    0.73285E+00
  0    200    0.25857E-02    0.73732E+00
  0    201    0.25986E-02    0.74184E+00
  0    202    0.26116E-02    0.74575E+00
  0    203    0.26245E-02    0.75006E+00
  0    204    0.26374E-02    0.75431E+00
  0    205    0.26504E-02    0.75845E+00
  0    206    0.26633E-02    0.76223E+00
  0    207    0.26762E-02    0.76647E+00
  0    208    0.26891E-02    0.77062E+00
  0    209    0.27021E-02    0.77475E+00
  0    210    0.27150E-02    0.77894E+00
  0    211    0.27279E-02    0.78338E+00
  0    212    0.27409E-02    0.78762E+00
  0    213    0.27538E-02    0.79143E+00
  0    214    0.27667E-02    0.79537E+00
  0    215    0.27796E-02    0.79958E+00
  0    216    0.27926E-02    0.80354E+00
  0    217    0.28055E-02    0.80746E+00
  0    218    0.28184E-02    0.81110E+00
  0    219    0.28314E-02    0.81526E+00
  0    220    0.28443E-02    0.81920E+00
  0    221    0.28572E-02    0.82305E+00
  0    222    0.28701E-02    0.82746E+00
  0    223    0.28831E-02    0.83179E+00
  0    224    0.28960E-02    0.83586E+00
  0    225    0.29089E-02    0.84030E+00
  0    226    0.29219E-02    0.84481E+00
  0    227    0.29348E-02    0.84918E+00
  0    228    0.29477E-02    0.85358E+00
  0    229    0.29606E-02    0.85812E+00
  0    230    0.29736E-02    0.86245E+00
  0    231    0.29865E-02    0.86722E+00
  0    232    0.29994E-02    0.87163E+00
  0    233    0.30124E-02    0.87623E+00
  0    234    0.30253E-02    0.88045E+00
  0    235    0.30382E-02    0.88564E+00
  0    236    0.30511E-02    0.89019E+00
  0    237    0.30641E-02    0.89494E+00
  0    238    0.30770E-02    0.89939E+00
  0    239    0.30899E-02    0.90373E+00
  0    240    0.31029E-02    0.90822E+00
  0    241    0.31158E-02    0.91263E+00
  0    242    0.31287E-02    0.91705E+00
  0    243    0.31416E-02    0.92177E+00
  0    244    0.31546E-02    0.92631E+00
  0    245    0.31675E-02    0.93110E+00
  0    246    0.31804E-02    0.93566E+00
  0    247    0.31934E-02    0.94035E+00
  0    248    0.32063E-02    0.94475E+00
  0    249    0.32192E-02    0.94884E+00
  0    250    0.32321E-02    0.95294E+00
  0    251    0.32451E-02    0.95705E+00
  0    252    0.32580E-02    0.96124E+00
  0    253    0.32709E-02    0.96563E+00
  0    254    0.32839E-02    0.96984E+00
  0    255    0.32968E-02    0.97431E+00
  0    256    0.33097E-02    0.97897E+00
  0    257    0.33226E-02    0.98300E+00
  0    258    0.33356E-02    0.98735E+00
  0    259    0.33485E-02    0.99181E+00
  0    260    0.33614E-02    0.99630E+00
  0    261    0.33744E-02    0.10005E+01
  0    262    0.33873E-02    0.10047E+01
  0    263    0.34002E-02    0.10088E+01
  0    264    0.34131E-02    0.10124E+01
  0    265    0.34261E-02    0.10167E+01
  0    266    0.34390E-02    0.10205E+01
  0    267    0.34519E-02    0.10243E+01
  0    268    0.34649E-02    0.10283E+01
  0    269    0.34778E-02    0.10322E+01
  0    270    0.34907E-02    0.10361E+01
  0    271    0.35036E-02    0.10402E+01
  0    272    0.35166E-02    0.10440E+01
  0    273    0.35295E-02    0.10477E+01
  0    274    0.35424E-02    0.10516E+01
  0    275    0.35554E-02    0.10554E+01
  0    276    0.35683E-02    0.10592E+01
  0    277    0.35812E-02    0.10631E+01
  0    278    0.35941E-02    0.10669E+01
  0    279    0.36071E-02    0.10709E+01
  0    280    0.36200E-02    0.10748E+01
  0    281    0.36329E-02    0.10787E+01
  0    282    0.36459E-02    0.10824E+01
  0    283    0.36588E-02    0.10859E+01
  0    284    0.36717E-02    0.10896E+01
  0    285    0.36846E-02    0.10930E+01
  0    286    0.36976E-02    0.10970E+01
  0    287    0.37105E-02    0.11003E+01
  0    288    0.37234E-02    0.11039E+01
  0    289    0.37364E-02    0.11078E+01
  0    290    0.37493E-02    0.11110E+01
  0    291    0.37622E-02    0.11145E+01
  0    292    0.37751E-02    0.11182E+01
  0    293    0.37881E-02    0.11217E+01
  0    294    0.38010E-02    0.11258E+01
  0    295    0.38139E-02    0.11298E+01
  0    296    0.38269E-02    0.11334E+01
  0    297    0.38398E-02    0.11371E+01
  0    298    0.38527E-02    0.11410E+01
  0    299    0.38656E-02    0.11446E+01
  0    300    0.38786E-02    0.11482E+01
  0    301    0.38915E-02    0.11521E+01
  0    302    0.39044E-02    0.11559E+01
  0    303    0.39174E-02    0.11595E+01
  0    304    0.39303E-02    0.11632E+01
  0    305    0.39432E-02    0.11668E+01
  0    306    0.39561E-02    0.11708E+01
  0    307    0.39691E-02    0.11748E+01
  0    308    0.39820E-02    0.11790E+01
  0    309    0.39949E-02    0.11828E+01
  0    310    0.40079E-02    0.11873E+01
  0    311    0.40208E-02    0.11910E+01
  0    312    0.40337E-02    0.11948E+01
  0    313    0.40466E-02    0.11992E+01
  0    314    0.40596E-02    0.12035E+01
  0    315    0.40725E-02    0.12077E+01
  0    316    0.40854E-02    0.12120E+01
  0    317    0.40984E-02    0.12161E+01
  0    318    0.41113E-02    0.12204E+01
  0    319    0.41242E-02    0.12248E+01
  0    320    0.41371E-02    0.12293E+01
  0    321    0.41501E-02    0.12338E+01
  0    322    0.41630E-02    0.12383E+01
  0    323    0.41759E-02    0.12424E+01
  0    324    0.41889E-02    0.12470E+01
  0    325    0.42018E-02    0.12515E+01
  0    326    0.42147E-02    0.12560E+01
  0    327    0.42276E-02    0.12610E+01
  0    328    0.42406E-02    0.12654E+01
  0    329    0.42535E-02    0.12697E+01
  0    330    0.42664E-02    0.12745E+01
  0    331    0.42794E-02    0.12788E+01
  0    332    0.42923E-02    0.12832E+01
  0    333    0.43052E-02    0.12876E+01
  0    334    0.43181E-02    0.12917E+01
  0    335    0.43311E-02    0.12960E+01
  0    336    0.43440E-02    0.13004E+01
  0    337    0.43569E-02    0.13044E+01
  0    338    0.43699E-02    0.13088E+01
  0    339    0.43828E-02    0.13126E+01
  0    340    0.43957E-02    0.13167E+01
  0    341    0.44086E-02    0.13211E+01
  0    342    0.44216E-02    0.13253E+01
  0    343    0.44345E-02    0.13298E+01
  0    344    0.44474E-02    0.13343E+01
  0    345    0.44604E-02    0.13388E+01
  0    346    0.44733E-02    0.13430E+01
  0    347    0.44862E-02    0.13478E+01
  0    348    0.44991E-02    0.13522E+01
  0    349    0.45121E-02    0.13560E+01
  0    350    0.45250E-02    0.13608E+01
  0    351    0.45379E-02    0.13650E+01
  0    352    0.45509E-02    0.13694E+01
  0    353    0.45638E-02    0.13740E+01
  0    354    0.45767E-02    0.13782E+01
  0    355    0.45896E-02    0.13828E+01
  0    356    0.46026E-02    0.13871E+01
  0    357    0.46155E-02    0.13912E+01
  0    358    0.46284E-02    0.13955E+01
  0    359    0.46414E-02    0.13997E+01
  0    360    0.46543E-02    0.14041E+01
  0    361    0.46672E-02    0.14083E+01
  0    362    0.46801E-02    0.14127E+01
  0    363    0.46931E-02    0.14171E+01
  0    364    0.47060E-02    0.14212E+01
  0    365    0.47189E-02    0.14255E+01
  0    366    0.47319E-02    0.14300E+01
  0    367    0.47448E-02    0.14339E+01
  0    368    0.47577E-02    0.14383E+01
  0    369    0.47706E-02    0.14421E+01
  0    370    0.47836E-02    0.14462E+01
  0    371    0.47965E-02    0.14501E+01
  0    372    0.48094E-02    0.14544E+01
  0    373    0.48224E-02    0.14586E+01
  0    374    0.48353E-02    0.14624E+01
  0    375    0.48482E-02    0.14664E+01
  0    376    0.48611E-02    0.14706E+01
  0    377    0.48741E-02    0.14747E+01
  0    378    0.48870E-02    0.14790E+01
  0    379    0.48999E-02    0.14834E+01
  0    380    0.49129E-02    0.14880E+01
  0    381    0.49258E-02    0.14922E+01
  0    382    0.49387E-02    0.14968E+01
  0    383    0.49516E-02    0.15009E+01
  0    384    0.49646E-02    0.15055E+01
  0    385    0.49775E-02    0.15098E+01
  0    386    0.49904E-02    0.15141E+01
  0    387    0.50034E-02    0.15187E+01
  0    388    0.50163E-02    0.15231E+01
  0    389    0.50292E-02    0.15282E+01
  0    390    0.50421E-02    0.15324E+01
  0    391    0.50551E-02    0.15368E+01
  0    392    0.50680E-02    0.15411E+01
  0    393    0.50809E-02    0.15456E+01
  0    394    0.50939E-02    0.15500E+01
  0    395    0.51068E-02    0.15541E+01
  0    396    0.51197E-02    0.15583E+01
  0    397    0.51326E-02    0.15624E+01
  0    398    0.51456E-02    0.15664E+01
  0    399    0.51585E-02    0.15703E+01
  0    400    0.51714E-02    0.15745E+01
  0    401    0.51844E-02    0.15783E+01
  0    402    0.51973E-02    0.15832E+01
  0    403    0.52102E-02    0.15875E+01
  0    404    0.52231E-02    0.15921E+01
  0    405    0.52361E-02    0.15968E+01
  0    406    0.52490E-02    0.16017E+01
  0    407    0.52619E-02    0.16063E+01
  0    408    0.52749E-02    0.16108E+01
  0    409    0.52878E-02    0.16153E+01
  0    410    0.53007E-02    0.16196E+01
  0    411    0.53136E-02    0.16247E+01
  0    412    0.53266E-02    0.16293E+01
  0    413    0.53395E-02    0.16342E+01
  0    414    0.53524E-02    0.16391E+01
  0    415    0.53654E-02    0.16438E+01
  0    416    0.53783E-02    0.16481E+01
  0    417    0.53912E-02    0.16526E+01
  0    418    0.54041E-02    0.16572E+01
  0    419    0.54171E-02    0.16617E+01
  0    420    0.54300E-02    0.16659E+01
  0    421    0.54429E-02    0.16699E+01
  0    422    0.54559E-02    0.16742E+01
  0    423    0.54688E-02    0.16778E+01
  0    424    0.54817E-02    0.16819E+01
  0    425    0.54946E-02    0.16861E+01
  0    426    0.55076E-02    0.16903E+01
  0    427    0.55205E-02    0.16940E+01
  0    428    0.55334E-02    0.16981E+01
  0    429    0.55464E-02    0.17023E+01
  0    430    0.55593E-02    0.17061E+01
  0    431    0.55722E-02    0.17099E+01
  0    432    0.55851E-02    0.17138E+01
  0    433    0.55981E-02    0.17176E+01
  0    434    0.56110E-02    0.17217E+01
  0    435    0.56239E-02    0.17257E+01
  0    436    0.56369E-02    0.17300E+01
  0    437    0.56498E-02    0.17342E+01
  0    438    0.56627E-02    0.17387E+01
  0    439    0.56756E-02    0.17433E+01
  0    440    0.56886E-02    0.17474E+01
  0    441    0.57015E-02    0.17519E+01
  0    442    0.57144E-02    0.17565E+01
  0    443    0.57274E-02    0.17606E+01
  0    444    0.57403E-02    0.17647E+01
  0    445    0.57532E-02    0.17690E+01
  0    446    0.57661E-02    0.17734E+01
  0    447    0.57791E-02    0.17777E+01
  0    448    0.57920E-02    0.17821E+01
  0    449    0.58049E-02    0.17863E+01
  0    450    0.58179E-02    0.17905E+01
  0    451    0.58308E-02    0.17950E+01
  0    452    0.58437E-02    0.17994E+01
  0    453    0.58566E-02    0.18034E+01
  0    454    0.58696E-02    0.18079E+01
  0    455    0.58825E-02    0.18123E+01
  0    456    0.58954E-02    0.18172E+01
  0    457    0.59084E-02    0.18223E+01
  0    458    0.59213E-02    0.18267E+01
  0    459    0.59342E-02    0.18314E+01
  0    460    0.59471E-02    0.18359E+01
  0    461    0.59601E-02    0.18405E+01
  0    462    0.59730E-02    0.18452E+01
  0    463    0.59859E-02    0.18499E+01
  0    464    0.59989E-02    0.18547E+01
  0    465    0.60118E-02    0.18598E+01
  0    466    0.60247E-02    0.18645E+01
  0    467    0.60376E-02    0.18689E+01
  0    468    0.60506E-02    0.18735E+01
  0    469    0.60635E-02    0.18786E+01
  0    470    0.60764E-02    0.18837E+01
  0    471    0.60894E-02    0.18883E+01
  0    472    0.61023E-02    0.18927E+01
  0    473    0.61152E-02    0.18971E+01
  0    474    0.61281E-02    0.19020E+01
  0    475    0.61411E-02    0.19067E+01
  0    476    0.61540E-02    0.19109E+01
  0    477    0.61669E-02    0.19151E+01
  0    478    0.61799E-02    0.19198E+01
  0    479    0.61928E-02    0.19244E+01
  0    480    0.62057E-02    0.19291E+01
  0    481    0.62186E-02    0.19339E+01
  0    482    0.62316E-02    0.19385E+01
  0    483    0.62445E-02    0.19431E+01
  0    484    0.62574E-02    0.19475E+01
  0    485    0.62704E-02    0.19518E+01
  0    486    0.62833E-02    0.19563E+01
  0    487    0.62962E-02    0.19607E+01
  0    488    0.63091E-02    0.19649E+01
  0    489    0.63221E-02    0.19690E+01
  0    490    0.63350E-02    0.19734E+01
  0    491    0.63479E-02    0.19780E+01
  0    492    0.63609E-02    0.19823E+01
  0    493    0.63738E-02    0.19867E+01
  0    494    0.63867E-02    0.19914E+01
  0    495    0.63996E-02    0.19959E+01
  0    496    0.64126E-02    0.20003E+01
  0    497    0.64255E-02    0.20043E+01
  0    498    0.64384E-02    0.20085E+01
  0    499    0.64514E-02    0.20127E+01
  0    500    0.64643E-02    0.20174E+01
  0    501    0.64772E-02    0.20217E+01
  0    502    0.64901E-02    0.20262E+01
  0    503    0.65031E-02    0.20307E+01
  0    504    0.65160E-02    0.20348E+01
  0    505    0.65289E-02    0.20393E+01
  0    506    0.65419E-02    0.20436E+01
  0    507    0.65548E-02    0.20481E+01
  0    508    0.65677E-02    0.20525E+01
  0    509    0.65806E-02    0.20567E+01
  0    510    0.65936E-02    0.20608E+01
  0    511    0.66065E-02    0.20650E+01
  0    512    0.66194E-02    0.20694E+01
  0    513    0.66324E-02    0.20735E+01
  0    514    0.66453E-02    0.20773E+01
  0    515    0.66582E-02    0.20807E+01
  0    516    0.66711E-02    0.20843E+01
  0    517    0.66841E-02    0.20883E+01
  0    518    0.66970E-02    0.20916E+01
  0    519    0.67099E-02    0.20953E+01
  0    520    0.67229E-02    0.20987E+01
  0    521    0.67358E-02    0.21020E+01
  0    522    0.67487E-02    0.21053E+01
  0    523    0.67616E-02    0.21087E+01
  0    524    0.67746E-02    0.21123E+01
  0    525    0.67875E-02    0.21154E+01
  0    526    0.68004E-02    0.21186E+01
  0    527    0.68134E-02    0.21218E+01
  0    528    0.68263E-02    0.21252E+01
  0    529    0.68392E-02    0.21279E+01
  0    530    0.68521E-02    0.21316E+01
  0    531    0.68651E-02    0.21349E+01
  0    532    0.68780E-02    0.21385E+01
  0    533    0.68909E-02    0.21415E+01
  0    534    0.69039E-02    0.21443E+01
  0    535    0.69168E-02    0.21484E+01
  0    536    0.69297E-02    0.21511E+01
  0    537    0.69426E-02    0.21542E+01
  0    538    0.69556E-02    0.21578E+01
  0    539    0.69685E-02    0.21610E+01
  0    540    0.69814E-02    0.21639E+01
  0    541    0.69944E-02    0.21678E+01
  0    542    0.70073E-02    0.21709E+01
  0    543    0.70202E-02    0.21742E+01
  0    544    0.70331E-02    0.21774E+01
  0    545    0.70461E-02    0.21809E+01
  0    546    0.70590E-02    0.21840E+01
  0    547    0.70719E-02    0.21873E+01
  0    548    0.70849E-02    0.21902E+01
  0    549    0.70978E-02    0.21938E+01
  0    550    0.71107E-02    0.21972E+01
  0    551    0.71236E-02    0.22002E+01
  0    552    0.71366E-02    0.22034E+01
  0    553    0.71495E-02    0.22061E+01
  0    554    0.71624E-02    0.22093E+01
  0    555    0.71754E-02    0.22125E+01
  0    556    0.71883E-02    0.22154E+01
  0    557    0.72012E-02    0.22192E+01
  0    558    0.72141E-02    0.22228E+01
  0    559    0.72271E-02    0.22267E+01
  0    560    0.72400E-02    0.22305E+01
  0    561    0.72529E-02    0.22341E+01
  0    562    0.72659E-02    0.22377E+01
  0    563    0.72788E-02    0.22406E+01
  0    564    0.72917E-02    0.22445E+01
  0    565    0.73046E-02    0.22482E+01
  0    566    0.73176E-02    0.22519E+01
  0    567    0.73305E-02    0.22560E+01
  0    568    0.73434E-02    0.22603E+01
  0    569    0.73564E-02    0.22643E+01
  0    570    0.73693E-02    0.22686E+01
  0    571    0.73822E-02    0.22727E+01
  0    572    0.73951E-02    0.22773E+01
  0    573    0.74081E-02    0.22812E+01
  0    574    0.74210E-02    0.22853E+01
  0    575    0.74339E-02    0.22893E+01
  0    576    0.74469E-02    0.22938E+01
  0    577    0.74598E-02    0.22981E+01
  0    578    0.74727E-02    0.23025E+01
  0    579    0.74856E-02    0.23069E+01
  0    580    0.74986E-02    0.23109E+01
  0    581    0.75115E-02    0.23156E+01
  0    582    0.75244E-02    0.23202E+01
  0    583    0.75374E-02    0.23244E+01
  0    584    0.75503E-02    0.23279E+01
  0    585    0.75632E-02    0.23326E+01
  0    586    0.75761E-02    0.23374E+01
  0    587    0.75891E-02    0.23418E+01
  0    588    0.76020E-02    0.23466E+01
  0    589    0.76149E-02    0.23512E+01
  0    590    0.76279E-02    0.23559E+01
  0    591    0.76408E-02    0.23601E+01
  0    592    0.76537E-02    0.23648E+01
  0    593    0.76666E-02    0.23691E+01
  0    594    0.76796E-02    0.23738E+01
  0    595    0.76925E-02    0.23779E+01
  0    596    0.77054E-02    0.23821E+01
  0    597    0.77184E-02    0.23868E+01
  0    598    0.77313E-02    0.23913E+01
  0    599    0.77442E-02    0.23952E+01
  0    600    0.77571E-02    0.23994E+01
  0    601    0.77701E-02    0.24039E+01
  0    602    0.77830E-02    0.24085E+01
  0    603    0.77959E-02    0.24127E+01
  0    604    0.78089E-02    0.24172E+01
  0    605    0.78218E-02    0.24213E+01
  0    606    0.78347E-02    0.24254E+01
  0    607    0.78476E-02    0.24293E+01
  0    608    0.78606E-02    0.24330E+01
  0    609    0.78735E-02    0.24374E+01
  0    610    0.78864E-02    0.24414E+01
  0    611    0.78994E-02    0.24450E+01
  0    612    0.79123E-02    0.24481E+01
  0    613    0.79252E-02    0.24516E+01
  0    614    0.79381E-02    0.24559E+01
  0    615    0.79511E-02    0.24599E+01
  0    616    0.79640E-02    0.24638E+01
  0    617    0.79769E-02    0.24678E+01
  0    618    0.79899E-02    0.24715E+01
  0    619    0.80028E-02    0.24751E+01
  0    620    0.80157E-02    0.24789E+01
  0    621    0.80286E-02    0.24826E+01
  0    622    0.80416E-02    0.24864E+01
  0    623    0.80545E-02    0.24902E+01
  0    624    0.80674E-02    0.24940E+01
  0    625    0.80804E-02    0.24982E+01
  0    626    0.80933E-02    0.25021E+01
  0    627    0.81062E-02    0.25066E+01
  0    628    0.81191E-02    0.25105E+01
  0    629    0.81321E-02    0.25140E+01
  0    630    0.81450E-02    0.25179E+01
  0    631    0.81579E-02    0.25219E+01
  0    632    0.81709E-02    0.25258E+01
  0    633    0.81838E-02    0.25294E+01
  0    634    0.81967E-02    0.25338E+01
  0    635    0.82096E-02    0.25374E+01
  0    636    0.82226E-02    0.25416E+01
  0    637    0.82355E-02    0.25452E+01
  0    638    0.82484E-02    0.25491E+01
  0    639    0.82614E-02    0.25533E+01
  0    640    0.82743E-02    0.25568E+01
  0    641    0.82872E-02    0.25610E+01
  0    642    0.83001E-02    0.25647E+01
  0    643    0.83131E-02    0.25687E+01
  0    644    0.83260E-02    0.25724E+01
  0    645    0.83389E-02    0.25760E+01
  0    646    0.83519E-02    0.25799E+01
  0    647    0.83648E-02    0.25839E+01
  0    648    0.83777E-02    0.25879E+01
  0    649    0.83906E-02    0.25915E+01
  0    650    0.84036E-02    0.25956E+01
  0    651    0.84165E-02    0.25995E+01
  0    652    0.84294E-02    0.26025E+01
  0    653    0.84424E-02    0.26062E+01
  0    654    0.84553E-02    0.26095E+01
  0    655    0.84682E-02    0.26131E+01
  0    656    0.84811E-02    0.26169E+01
  0    657    0.84941E-02    0.26212E+01
  0    658    0.85070E-02    0.26253E+01
  0    659    0.85199E-02    0.26297E+01
  0    660    0.85329E-02    0.26336E+01
  0    661    0.85458E-02    0.26375E+01
  0    662    0.85587E-02    0.26418E+01
  0    663    0.85716E-02    0.26457E+01
  0    664    0.85846E-02    0.26501E+01
  0    665    0.85975E-02    0.26550E+01
  0    666    0.86104E-02    0.26595E+01
  0    667    0.86234E-02    0.26632E+01
  0    668    0.86363E-02    0.26673E+01
  0    669    0.86492E-02    0.26716E+01
  0    670    0.86621E-02    0.26757E+01
  0    671    0.86751E-02    0.26798E+01
  0    672    0.86880E-02    0.26833E+01
  0    673    0.87009E-02    0.26867E+01
  0    674    0.87139E-02    0.26904E+01
  0    675    0.87268E-02    0.26942E+01
  0    676    0.87397E-02    0.26982E+01
  0    677    0.87526E-02    0.27021E+01
  0    678    0.87656E-02    0.27059E+01
  0    679    0.87785E-02    0.27100E+01
  0    680    0.87914E-02    0.27139E+01
  0    681    0.88044E-02    0.27176E+01
  0    682    0.88173E-02    0.27218E+01
  0    683    0.88302E-02    0.27258E+01
  0    684    0.88431E-02    0.27294E+01
  0    685    0.88561E-02    0.27329E+01
  0    686    0.88690E-02    0.27368E+01
  0    687    0.88819E-02    0.27406E+01
  0    688    0.88949E-02    0.27452E+01
  0    689    0.89078E-02    0.27491E+01
  0    690    0.89207E-02    0.27535E+01
  0    691    0.89336E-02    0.27581E+01
  0    692    0.89466E-02    0.27621E+01
  0    693    0.89595E-02    0.27664E+01
  0    694    0.89724E-02    0.27712E+01
  0    695    0.89854E-02    0.27763E+01
  0    696    0.89983E-02    0.27810E+01
  0    697    0.90112E-02    0.27856E+01
  0    698    0.90241E-02    0.27902E+01
  0    699    0.90371E-02    0.27953E+01
  0    700    0.90500E-02    0.27998E+01
  0    701    0.90629E-02    0.28046E+01
  0    702    0.90759E-02    0.28089E+01
  0    703    0.90888E-02    0.28135E+01
  0    704    0.91017E-02    0.28183E+01
  0    705    0.91146E-02    0.28233E+01
  0    706    0.91276E-02    0.28277E+01
  0    707    0.91405E-02    0.28318E+01
  0    708    0.91534E-02    0.28363E+01
  0    709    0.91664E-02    0.28407E+01
  0    710    0.91793E-02    0.28445E+01
  0    711    0.91922E-02    0.28487E+01
  0    712    0.92051E-02    0.28527E+01
  0    713    0.92181E-02    0.28569E+01
  0    714    0.92310E-02    0.28613E+01
  0    715    0.92439E-02    0.28656E+01
  0    716    0.92569E-02    0.28688E+01
  0    717    0.92698E-02    0.28730E+01
  0    718    0.92827E-02    0.28773E+01
  0    719    0.92956E-02    0.28812E+01
  0    720    0.93086E-02    0.28854E+01
  0    721    0.93215E-02    0.28888E+01
  0    722    0.93344E-02    0.28925E+01
  0    723    0.93474E-02    0.28961E+01
  0    724    0.93603E-02    0.29000E+01
  0    725    0.93732E-02    0.29033E+01
  0    726    0.93861E-02    0.29072E+01
  0    727    0.93991E-02    0.29106E+01
  0    728    0.94120E-02    0.29147E+01
  0    729    0.94249E-02    0.29185E+01
  0    730    0.94379E-02    0.29226E+01
  0    731    0.94508E-02    0.29261E+01
  0    732    0.94637E-02    0.29296E+01
  0    733    0.94766E-02    0.29332E+01
  0    734    0.94896E-02    0.29362E+01
  0    735    0.95025E-02    0.29400E+01
  0    736    0.95154E-02    0.29434E+01
  0    737    0.95284E-02    0.29472E+01
  0    738    0.95413E-02    0.29497E+01
  0    739    0.95542E-02    0.29532E+01
  0    740    0.95671E-02    0.29570E+01
  0    741    0.95801E-02    0.29602E+01
  0    742    0.95930E-02    0.29636E+01
  0    743    0.96059E-02    0.29670E+01
  0    744    0.96189E-02    0.29715E+01
  0    745    0.96318E-02    0.29748E+01
  0    746    0.96447E-02    0.29786E+01
  0    747    0.96576E-02    0.29821E+01
  0    748    0.96706E-02    0.29854E+01
  0    749    0.96835E-02    0.29887E+01
  0    750    0.96964E-02    0.29921E+01
  0    751    0.97094E-02    0.29958E+01
  0    752    0.97223E-02    0.29990E+01
  0    753    0.97352E-02    0.30025E+01
  0    754    0.97481E-02    0.30058E+01
  0    755    0.97611E-02    0.30094E+01
  0    756    0.97740E-02    0.30129E+01
  0    757    0.97869E-02    0.30166E+01
  0    758    0.97999E-02    0.30206E+01
  0    759    0.98128E-02    0.30251E+01
  0    760    0.98257E-02    0.30289E+01
  0    761    0.98386E-02    0.30327E+01
  0    762    0.98516E-02    0.30365E+01
  0    763    0.98645E-02    0.30407E+01
  0    764    0.98774E-02    0.30445E+01
  0    765    0.98904E-02    0.30481E+01
  0    766    0.99033E-02    0.30512E+01
  0    767    0.99162E-02    0.30548E+01
  0    768    0.99291E-02    0.30579E+01
  0    769    0.99421E-02    0.30607E+01
  0    770    0.99550E-02    0.30644E+01
  0    771    0.99679E-02    0.30677E+01
  0    772    0.99809E-02    0.30711E+01
  0    773    0.99938E-02    0.30743E+01
  0    774    0.10007E-01    0.30775E+01
  0    775    0.10020E-01    0.30807E+01
  0    776    0.10033E-01    0.30847E+01
  0    777    0.10045E-01    0.30882E+01
  0    778    0.10058E-01    0.30923E+01
  0    779    0.10071E-01    0.30965E+01
  0    780    0.10084E-01    0.31002E+01
  0    781    0.10097E-01    0.31046E+01
  0    782    0.10110E-01    0.31085E+01
  0    783    0.10123E-01    0.31125E+01
  0    784    0.10136E-01    0.31170E+01
  0    785    0.10149E-01    0.31213E+01
  0    786    0.10162E-01    0.31255E+01
  0    787    0.10175E-01    0.31293E+01
  0    788    0.10188E-01    0.31335E+01
  0    789    0.10201E-01    0.31368E+01
  0    790    0.10214E-01    0.31405E+01
  0    791    0.10226E-01    0.31441E+01
  0    792    0.10239E-01    0.31479E+01
  0    793    0.10252E-01    0.31511E+01
  0    794    0.10265E-01    0.31543E+01
  0    795    0.10278E-01    0.31577E+01
  0    796    0.10291E-01    0.31612E+01
  0    797    0.10304E-01    0.31646E+01
  0    798    0.10317E-01    0.31681E+01
  0    799    0.10330E-01    0.31721E+01
  0    800    0.10343E-01    0.31759E+01
  0    801    0.10356E-01    0.31800E+01
  0    802    0.10369E-01    0.31844E+01
  0    803    0.10382E-01    0.31885E+01
  0    804    0.10395E-01    0.31920E+01
  0    805    0.10407E-01    0.31960E+01
  0    806    0.10420E-01    0.32005E+01
  0    807    0.10433E-01    0.32040E+01
  0    808    0.10446E-01    0.32082E+01
  0    809    0.10459E-01    0.32120E+01
  0    810    0.10472E-01    0.32161E+01
  0    811    0.10485E-01    0.32203E+01
  0    812    0.10498E-01    0.32241E+01
  0    813    0.10511E-01    0.32278E+01
  0    814    0.10524E-01    0.32322E+01
  0    815    0.10537E-01    0.32361E+01
  0    816    0.10550E-01    0.32401E+01
  0    817    0.10563E-01    0.32437E+01
  0    818    0.10576E-01    0.32479E+01
  0    819    0.10588E-01    0.32519E+01
  0    820    0.10601E-01    0.32559E+01
  0    821    0.10614E-01    0.32602E+01
  0    822    0.10627E-01    0.32641E+01
  0    823    0.10640E-01    0.32681E+01
  0    824    0.10653E-01    0.32716E+01
  0    825    0.10666E-01    0.32755E+01
  0    826    0.10679E-01    0.32795E+01
  0    827    0.10692E-01    0.32834E+01
  0    828    0.10705E-01    0.32868E+01
  0    829    0.10718E-01    0.32909E+01
  0    830    0.10731E-01    0.32956E+01
  0    831    0.10744E-01    0.32997E+01
  0    832    0.10757E-01    0.33039E+01
  0    833    0.10769E-01    0.33084E+01
  0    834    0.10782E-01    0.33129E+01
  0    835    0.10795E-01    0.33177E+01
  0    836    0.10808E-01    0.33218E+01
  0    837    0.10821E-01    0.33260E+01
  0    838    0.10834E-01    0.33310E+01
  0    839    0.10847E-01    0.33358E+01
  0    840    0.10860E-01    0.33403E+01
  0    841    0.10873E-01    0.33450E+01
  0    842    0.10886E-01    0.33496E+01
  0    843    0.10899E-01    0.33544E+01
  0    844    0.10912E-01    0.33583E+01
  0    845    0.10925E-01    0.33625E+01
  0    846    0.10938E-01    0.33664E+01
  0    847    0.10950E-01    0.33704E+01
  0    848    0.10963E-01    0.33738E+01
  0    849    0.10976E-01    0.33784E+01
  0    850    0.10989E-01    0.33820E+01
  0    851    0.11002E-01    0.33859E+01
  0    852    0.11015E-01    0.33898E+01
  0    853    0.11028E-01    0.33934E+01
  0    854    0.11041E-01    0.33980E+01
  0    855    0.11054E-01    0.34014E+01
  0    856    0.11067E-01    0.34054E+01
  0    857    0.11080E-01    0.34088E+01
  0    858    0.11093E-01    0.34123E+01
  0    859    0.11106E-01    0.34165E+01
  0    860    0.11119E-01    0.34207E+01
  0    861    0.11131E-01    0.34252E+01
  0    862    0.11144E-01    0.34289E+01
  0    863    0.11157E-01    0.34331E+01
  0    864    0.11170E-01    0.34367E+01
  0    865    0.11183E-01    0.34404E+01
  0    866    0.11196E-01    0.34444E+01
  0    867    0.11209E-01    0.34478E+01
  0    868    0.11222E-01    0.34515E+01
  0    869    0.11235E-01    0.34553E+01
  0    870    0.11248E-01    0.34590E+01
  0    871    0.11261E-01    0.34624E+01
  0    872    0.11274E-01    0.34663E+01
  0    873    0.11287E-01    0.34697E+01
  0    874    0.11300E-01    0.34731E+01
  0    875    0.11312E-01    0.34772E+01
  0    876    0.11325E-01    0.34811E+01
  0    877    0.11338E-01    0.34844E+01
  0    878    0.11351E-01    0.34877E+01
  0    879    0.11364E-01    0.34915E+01
  0    880    0.11377E-01    0.34954E+01
  0    881    0.11390E-01    0.34987E+01
  0    882    0.11403E-01    0.35023E+01
  0    883    0.11416E-01    0.35053E+01
  0    884    0.11429E-01    0.35091E+01
  0    885    0.11442E-01    0.35124E+01
  0    886    0.11455E-01    0.35158E+01
  0    887    0.11468E-01    0.35194E+01
  0    888    0.11481E-01    0.35230E+01
  0    889    0.11493E-01    0.35264E+01
  0    890    0.11506E-01    0.35295E+01
  0    891    0.11519E-01    0.35321E+01
  0    892    0.11532E-01    0.35355E+01
  0    893    0.11545E-01    0.35392E+01
  0    894    0.11558E-01    0.35431E+01
  0    895    0.11571E-01    0.35467E+01
  0    896    0.11584E-01    0.35508E+01
  0    897    0.11597E-01    0.35545E+01
  0    898    0.11610E-01    0.35581E+01
  0    899    0.11623E-01    0.35617E+01
  0    900    0.11636E-01    0.35655E+01
  0    901    0.11649E-01    0.35692E+01
  0    902    0.11662E-01    0.35730E+01
  0    903    0.11674E-01    0.35768E+01
  0    904    0.11687E-01    0.35801E+01
  0    905    0.11700E-01    0.35832E+01
  0    906    0.11713E-01    0.35867E+01
  0    907    0.11726E-01    0.35904E+01
  0    908    0.11739E-01    0.35943E+01
  0    909    0.11752E-01    0.35979E+01
  0    910    0.11765E-01    0.36023E+01
  0    911    0.11778E-01    0.36063E+01
  0    912    0.11791E-01    0.36106E+01
  0    913    0.11804E-01    0.36151E+01
  0    914    0.11817E-01    0.36190E+01
  0    915    0.11830E-01    0.36230E+01
  0    916    0.11843E-01    0.36268E+01
  0    917    0.11855E-01    0.36308E+01
  0    918    0.11868E-01    0.36349E+01
  0    919    0.11881E-01    0.36390E+01
  0    920    0.11894E-01    0.36433E+01
  0    921    0.11907E-01    0.36481E+01
  0    922    0.11920E-01    0.36518E+01
  0    923    0.11933E-01    0.36555E+01
  0    924    0.11946E-01    0.36602E+01
  0    925    0.11959E-01    0.36650E+01
  0    926    0.11972E-01    0.36696E+01
  0    927    0.11985E-01    0.36739E+01
  0    928    0.11998E-01    0.36784E+01
  0    929    0.12011E-01    0.36825E+01
  0    930    0.12024E-01    0.36869E+01
  0    931    0.12036E-01    0.36904E+01
  0    932    0.12049E-01    0.36947E+01
  0    933    0.12062E-01    0.36994E+01
  0    934    0.12075E-01    0.37036E+01
  0    935    0.12088E-01    0.37081E+01
  0    936    0.12101E-01    0.37130E+01
  0    937    0.12114E-01    0.37178E+01
  0    938    0.12127E-01    0.37228E+01
  0    939    0.12140E-01    0.37273E+01
  0    940    0.12153E-01    0.37309E+01
  0    941    0.12166E-01    0.37352E+01
  0    942    0.12179E-01    0.37397E+01
  0    943    0.12192E-01    0.37448E+01
  0    944    0.12205E-01    0.37489E+01
  0    945    0.12217E-01    0.37531E+01
  0    946    0.12230E-01    0.37578E+01
  0    947    0.12243E-01    0.37620E+01
  0    948    0.12256E-01    0.37664E+01
  0    949    0.12269E-01    0.37713E+01
  0    950    0.12282E-01    0.37758E+01
  0    951    0.12295E-01    0.37806E+01
  0    952    0.12308E-01    0.37853E+01
  0    953    0.12321E-01    0.37897E+01
  0    954    0.12334E-01    0.37946E+01
  0    955    0.12347E-01    0.37990E+01
  0    956    0.12360E-01    0.38036E+01
  0    957    0.12373E-01    0.38080E+01
  0    958    0.12386E-01    0.38118E+01
  0    959    0.12398E-01    0.38157E+01
  0    960    0.12411E-01    0.38187E+01
  0    961    0.12424E-01    0.38222E+01
  0    962    0.12437E-01    0.38253E+01
  0    963    0.12450E-01    0.38296E+01
  0    964    0.12463E-01    0.38342E+01
  0    965    0.12476E-01    0.38382E+01
  0    966    0.12489E-01    0.38423E+01
  0    967    0.12502E-01    0.38468E+01
  0    968    0.12515E-01    0.38507E+01
  0    969    0.12528E-01    0.38544E+01
  0    970    0.12541E-01    0.38589E+01
  0    971    0.12554E-01    0.38638E+01
  0    972    0.12567E-01    0.38688E+01
  0    973    0.12579E-01    0.38737E+01
  0    974    0.12592E-01    0.38779E+01
  0    975    0.12605E-01    0.38827E+01
  0    976    0.12618E-01    0.38878E+01
  0    977    0.12631E-01    0.38930E+01
  0    978    0.12644E-01    0.38969E+01
  0    979    0.12657E-01    0.39016E+01
  0    980    0.12670E-01    0.39062E+01
  0    981    0.12683E-01    0.39101E+01
  0    982    0.12696E-01    0.39147E+01
  0    983    0.12709E-01    0.39195E+01
  0    984    0.12722E-01    0.39238E+01
  0    985    0.12735E-01    0.39273E+01
  0    986    0.12748E-01    0.39315E+01
  0    987    0.12760E-01    0.39359E+01
  0    988    0.12773E-01    0.39392E+01
  0    989    0.12786E-01    0.39418E+01
  0    990    0.12799E-01    0.39448E+01
  0    991    0.12812E-01    0.39479E+01
  0    992    0.12825E-01    0.39513E+01
  0    993    0.12838E-01    0.39540E+01
  0    994    0.12851E-01    0.39569E+01
  0    995    0.12864E-01    0.39594E+01
  0    996    0.12877E-01    0.39624E+01
  0    997    0.12890E-01    0.39645E+01
  0    998    0.12903E-01    0.39666E+01
  0    999    0.12916E-01    0.39693E+01
  0    ***    0.12929E-01    0.39719E+01
