  -1.1055256261111375       -6.3432601180274357     
   12.399296682279680      -0.48817527556851836     
   2.1240769848427052        1.1989189574982322     
  -1.6059907380432907       -12.305482755783432     
  -5.9065643972693112        5.1251386939953436     
  -4.4197396995157598       -2.8366725910846946     
  -5.3338667546053973      -0.34844668542774226     
   11.510356978971615        2.7311774974662226     
  -1.3916427550080757       -7.3793051849327860     
 -0.41790314991862831       0.50771100921469070     
  -6.2119631527555610       -4.9545905965405126     
   10.578903257147383       -6.4858788074592839     
  -6.3816442690237309       -7.6689692207971820     
  -8.0132521115361222        2.1825033179397275     
   7.6038049694206320      -0.97479254734530885     
   3.4933773241201727        6.2125569616780068     
  -9.8428736686383083        1.2070419635115572     
  -2.5292634841070214        10.363839665742438     
   2.8883490537306411       -1.4832136675607284     
   8.3597865831454694       -3.4711127658172849     
  -6.8926190299080972        4.9781898944386347     
   8.1524651212246724        4.2158315986042769     
  -5.9087546411660306       -5.9071077991110013     
  -3.5267680798515917        10.436187164707523     
   3.1987005581804153       0.69124711485508850     
   9.4598531859626629        1.1402582378921822     
   4.2869177954070690       -11.645915762399522     
   2.1351659395772526       -11.659706655770863     
  -8.5914254301692061        7.2430796534225443     
  -2.7260937234715934        3.7973416326931022     
   11.290776267496335        1.7495814561374188     
  -1.5400370559710705       -10.891973061961982     
   3.6402939670927599       -9.5404533866516594     
   9.1527874270529725      -0.19237047050943126     
   3.8237554931819475       -10.691067111736892     
  -2.5483702632905931        1.6099090971139449     
   2.1256568218433505       -6.1304651875833311     
  -7.3777546343232672       -1.2295207594249036     
   2.8722144892195414        4.7730406530289455     
  -2.9833253143344378       -9.2677167620434027     
   7.4504370038028123        6.3864357585701503     
 -0.91698726127370633        1.4576433639645181     
   3.9416684986602353       -4.2790185737567272     
   2.8796768925015317        2.7240461133733729     
  -8.5176698556913486       -9.0198447138872080     
   6.4073794347240947        1.6178346325775703     
   7.5847685294545251       -8.0841767668642035     
  -5.0090774842474231       -4.3605117889706815     
   4.8595698017100846        1.7069726585747078     
   8.7986791143796079        5.9078587379487377     
  -1.8177713456781910        2.8068406094259495     
  -4.5094027130717764       -6.8722944558529280     
   10.028435151272511       -7.3098507883799373     
   11.748714199965143       0.27160188025850723     
   4.8635846073434616E-002   6.0103747155510465     
   5.1403208161594058        4.7271253424475610     
   5.3726886254412092       -3.1473522639859204     
   7.7265121622599828        2.6701481429082663     
 -0.78031404542613370       -3.0056071356141034     
 -0.31787256708390987        8.6142086751937974     
  -1.9417173683609772       -9.2972906344398698     
   2.0158584027946880       0.20969966974263021     
  -6.9492768280864814        6.1215772409816083     
  -7.0519164365457545        1.9060831771648721     
   2.6424863467543895       -8.6590312677494428     
   7.3409226168287471        3.6387077227833950     
 -0.89216563222786738        5.5342746159655247     
   8.9402218712037307       -8.6037402904351055     
   9.0030880199905745       -6.4843825737197269     
  -2.9498527494469631      -0.64946955724882582     
   2.1057594961200214      -0.86150958813460332     
  -3.2389734116484101        6.4400232201796968     
   11.871207403295731       -3.6161055753250602     
   6.7231294029156627        9.7112638851033211     
  0.47822541795122048       -12.049713321179576     
  -9.5222811041168480        2.1506025266364115     
   6.9599580376187191      -0.20845100369201691     
   12.123235737047196       -2.6519964459848686     
   4.4372469944368804        8.2381140690959906     
   5.2395750825747739E-002 -0.58956486879024472     
   8.0976579676646310       -7.1769988960864994     
   7.6157817400412959        1.6790770706182676     
   9.1759776162718012        6.8276129396549310     
  -3.7857755350756541       -5.9570623420152735     
  -3.7550833504209846       -7.5326062293260856     
   3.7229834092622149       -7.3077308409820363     
  -6.0963181855677568        6.9206478562914375     
   5.6018779719824607       -8.9457311375098314     
  -5.4060644868221562E-002   4.9562740675766124     
  -4.9042578772448167       -5.9546454769992962     
   10.302509660606280        1.6755939003414284     
   2.5178107525713873        5.9993805384541554     
   3.9233884022030239        1.3729183882628804     
   3.2901278117856281        7.9620786859073593     
  -7.3413240820247614       -7.4120866620802772     
   10.502276622824029       -4.5235629258658872     
  -2.7365449146551701       0.32608104389253195     
  -3.6957104497057753       0.58643251156781484     
  -2.5762562264798503       -3.6570488625949080     
   1.0667158713819851       -3.9846974273255782     
   8.6055073903858244       -1.0352378971158269     
  -3.8083591328169475        1.6300010085055661     
   8.1549435840419928      -0.14529574842370793     
  -7.1754165553467795       -4.5724629926179627     
   8.6821868829359268        1.7664810876855093     
   6.6390053932960713       -2.1454108634289022     
  -8.7892038028054120        2.8162774720623269     
  -6.9826287973399896        2.9738964286200900     
   9.4759605532020821        8.0115125357299863     
   11.015689535428239       -5.5895936750179969     
  -5.6439075073186551       -6.9971042448049356     
  -7.4428805668491353        7.5397990498271259     
  -7.8155251102679522        6.6159345247034622     
   10.454811783735948       -1.5874140501021301     
   7.7396354315317666       -2.2081865113457089     
   6.3249122185503106       0.58754545542746806     
   8.2929943770091423        7.2937716280578702     
   6.8467200234799233       -3.5999633232801020     
   9.5397615738001011       -4.7962422555494895     
  -2.1534509184174517       -6.4755999946502216     
  -3.9203166841997819       -9.9260108758466945     
  -10.836916552115870        1.1956743688567324     
  -1.1688451181734463       -9.9668266092050661     
   4.6666562745310856        2.6874669522132679     
  -10.723342015351564       -4.9274557268873505     
  -10.516753847588021        2.2082864352560003     
   8.7446409482299430       -2.2466476719728021     
   2.9829210689601648        1.7005551065033548     
   11.015603376498476        3.5930334318305159     
   5.8254976990657514        9.1221492190539166     
  -6.6661152039509073       -8.6257277917494513     
  -8.1716078300788908       -4.8971563144373942     
  -8.3094614257804302      -0.28584402286454219     
   4.6632246553486363        6.5489507513065384     
   5.9821655038531913      -0.37726307335010334     
   1.0202433576430034        6.3082992224802563     
   6.6205882213266589       -1.1482064843837896     
   3.0988049082743254       -11.379378555933906     
   10.089963605185757        7.2232500722134230     
   3.3869888479330990       -3.4474765227191382     
  -5.9792158708221566        9.9094685489793761     
  -10.538182508197682        3.9421346139293956     
  -11.592816898980972       0.54606008378064552     
   1.1060173686332362       -4.9808261949287314     
   6.3811000294530302       -9.5703123239108105     
  -6.3955557567455408       -9.5877262656784321     
  0.90571129651887639       -6.8762607501377693E-002
   9.4577809798577270       -1.5499791211425782     
  -10.281934497550250       -3.0946425838971168     
   5.8326753897719259        8.1147770129786743     
   3.0021025596944586       -5.6471687063925344     
  -3.6579891113810623       -8.5292521683726417     
   5.5532655346661075       -10.125970598370612     
  0.88025365448587822        2.7428683062408696     
   2.6283527855721744       -9.7470883750430808     
  0.62030409793115993        8.2723490493461806     
  -3.7256438663168763        3.7628746132809314     
  -1.3477589989770176        6.4275382434052934     
  -12.114549847769654       -1.9552148688595645     
  -3.1162687668487452       -6.7516819131554877     
   5.4216636941734713        5.6842150381888104     
  -1.3501235155282783        12.293929657546538     
   2.1512367404224735        3.6973707682651225     
  -8.1616950553453496       -2.9241097508378893     
  -4.1624153330359661        2.8615826157252964     
  -10.717277522377712        4.9968924058984419     
  -3.1259137874223692       -4.7332551221799317     
   4.8130814765020613       -2.3169481552061844     
   1.7344871182166783       -7.0453079067987510     
   11.501778521666765       -4.5430690100531264     
 -0.54620460879679866        9.7497225725613212     
   5.3600185047199833       0.84259316026918818     
   1.8690398240279478        4.6551054708006729     
   8.3257877607058646       0.83523232244282153     
   6.0999708353987341       -6.2542974421422963     
  -6.2083884424809765       -2.4966025723541190     
   4.1349581679471905        4.5846201110364238     
   11.549004610244383        4.4356907755588955     
  -3.1673185872442229        2.9010026488245768     
  -11.518579667646424        2.1728976970572451     
   10.004972547318751      -0.70562476470885016     
  -6.9226590771896985        3.9799914670693459     
  -9.1821913721308928       -4.9432299129737380     
   4.5913917492977880       -5.5273482555517583     
 -0.97038537668402680      -0.32034280394182912     
   2.9030070047671539      -0.25918649080481426     
  0.15258501100961874        1.3263512967694255     
   1.2610584071446387        9.1328332030862587     
   5.0736795104831476        7.4645776122048559     
  -8.3766072690451399       -1.2923363057760793     
  -2.8256428863805314       -5.6825449395932930     
  -7.1955902505750942       -2.6355307585548360     
   4.6077106521588762        10.614380028375907     
  0.97972185438775372        5.2076322159827120     
   10.014074427600139       -5.6674746795306907     
   9.5182799578936450        2.5513629241830809     
  -4.7928643303045915        3.6383980841900279     
  -11.135503358384160       -1.7417486873602188     
  0.98510369514378615       -2.1389802671875424     
  -10.544581265105700      -0.63285850489898721     


