   1.3376732842104393        2.5166267230259658     
   1.2436185244713511        10.487452706682141     
   7.4279760507860768       -9.8960772036402620     
   2.7216749738205022       -8.1401565622785963     
  -6.6112068945533915        7.0093403939308869     
   4.7672664572516963        8.3007929010462593     
   9.4958128336659602        4.5194816127859507     
  -1.8923013046807347        5.4591743454756916     
   4.1405895940823489       -1.8596613043572584E-002
  -5.5525526477150722       -7.1713874292760762     
  -3.1601107992706843       -10.757075644718745     
  -4.1252867976027980       -1.8986506612717482     
  -4.5149935215378028       -2.8192386434331116     
  -7.7143424955168634       0.53900874580956515     
   11.975671980574763      -0.68014293365061762     
   7.7589956963371494       -2.8127353163337077     
  -1.7001555673539783        1.9263671464777923     
   7.2099492089206363        7.2928344069290327     
   8.8766970568507872       0.36288051208622352     
   4.6977370306031405       -7.8027980942136912     
  -2.6093228108628281        1.5094371838191236     
  -2.9605515264585183       -11.736825778396209     
 -0.33975896566391151       -7.1338391917842712     
   1.7072446780883515        1.5775603378242367     
   6.3231568337900619        9.0848946859494699     
  -3.0666611379764013       0.61990101105518047     
   1.7634604437762751        11.342272990139863     
 -0.33514117927365883        3.3907895995078658     
   8.7622247551215224        8.0606615064431235     
   11.373061799118018       0.11785176033797480     
   4.3221998964380894        9.2012648735643623     
  -8.8579018353088390        2.1684951667191754     
   1.5249563484930166      -0.41199558094602062     
   5.3310136596591171       -8.5770452704531550     
  -1.3237230284074042        3.5417467335475004     
  -2.1757225734048329        6.4178354862525744     
  -4.3695072397415711        9.4753774618870745E-002
   6.2617099688099236        5.3651623049354260     
  -5.2615321230937804       -9.1515314592793668     
  -11.243750219970664      -0.11309708920758547     
  -3.4518733981324772      -0.30280284626699344     
   7.1459924262324144       0.51498228798006096     
  -5.1966065301308886        2.6079307594035437     
  0.68035245353630458       0.12264675930568310     
   4.1821002157575231       0.98029828464244628     
  0.34947286437040792        2.6627507153158496     
   8.2081971588823173        7.2280517500191683     
  -1.6081762776570196        4.5007664305786728     
   7.0219144136217349       -5.3583944285345719     
   6.3304505573687111        6.3630488823903129     
  -4.3112025348043979       -9.4642895024234832     
  -11.174959808191035       0.88413973194365625     
   2.3695170544799788      -0.94680277628961307     
   5.2635669588987639        5.3133958763650684     
  -9.5695296107563905       -6.8886967971285191     
  -1.0038831973779947        1.2084728509681304     
  -3.3279863058835280       -1.2953194703122186     
   6.7663287213556300        8.1889756043128266     
   7.9679001799672964       -5.4431046936167835E-002
   6.4446031599702129       -6.9909785036676624     
   3.9664415641900055       -11.249951892426905     
  -8.2103854061572736        1.4071900731117455     
   5.7681642092015064        8.2522576128017402     
   4.3443605782983292       -8.7386833099849870     
   9.7547067731130319       -5.8597582470996876     
   2.4104502658790858        5.2622687098321082E-002
 -0.23542494374076378        11.387733545556298     
  -2.4583857967396261        7.3768366736294899     
  -6.1914011350595963       -8.7842976905647632     
   6.2616579170858335       -6.0076251772233604     
  -5.8847097466866387        7.6963216125203342     
   10.983643592699698      -0.80267643093836960     
  0.63956764229664920      -0.87648027282693453     
   1.2653153665703860       -11.660434163061346     
   7.3338410223425834       -1.9082020418202830     
   5.3253161801991009        9.1516938512632660     
  -4.9754324888863275       0.89026254361149826     
   7.2356404123346909        1.5217205551022055     
   6.3318553385185092        1.0938367276752194     
   8.3300937269250674       -7.6552654930168869     
   6.4138085682711701        2.0907856601890962     
   3.3245717029925994        9.2639339545335631     
  -1.5693112983856832       -3.1090056578461058     
  -5.1173977442933696       -2.0209052450895113     
 -0.90825624481619283       -8.7704545235418916     
  -7.3382730954651052        6.3222692567002650     
  -4.2495177858509097      -0.90669454030115759     
   8.6515390492012720        6.3320199426852906     
  -9.8440574000039422        2.0016281195437768     
  -8.0774029679961945      -0.39295565026616874     
   7.2045962962591794       -6.3411477991796152     
  -5.3705573216150384       -2.7991101568831601E-002
 -0.27663142707627125        9.6566162188081766     
 -0.15276790565628179       -8.1148920480894464     
  0.76399299566734624        11.364527075900979     
  -1.7554673824311151        10.558098291061722     
  -1.4642152737454304       -10.411494666005479     
   6.2122049949292286        7.3560392826271030     
  -4.8537179902912584       -11.109607637566675     
   10.211247500108081       -6.7495025543903271     
  -2.8642006331011127        5.6928941676728027     
   7.4615597331813790      -0.91692811464762447     
   1.9615524812064105        3.2972134630202774     
  -6.3800018556093123        6.0365633192859933     
  -10.827481384916597        1.8219780527725784     
   2.5874135207380791       -3.7051882421127864     
  -8.0647980436816304        5.6350891383443225     
  -3.2041549991259615       -2.2877427669668844     
   7.7643142799933296        8.1244385122997738     
  -2.2960649902973680        3.7753019087693480     
   3.2960780151953726       0.51704170237434666     
  -3.9840483514024045        1.0169894181699024     
  -4.5895100992742783        1.8133013446063579     
  -10.189432485732960        1.0520994720884151     
   3.8147235390579723E-002  -9.0948578739000983     
  -1.1135285044991026       -3.9994952180085002     
  -7.1211730293139768       -8.4137827685182440     
   8.0619156496699098       0.94132875775044367     
  -7.2146396215539790        10.096724629539304     
   9.7788804483954888       0.79384458568648697     
  -5.4068543468544954       -8.1619771981255056     
  -2.2343777029603866        11.435636623547706     
  -3.3609706987369923       -9.7775852554203091     
   2.3302814761020305       -1.9456626021362342     
 -0.71388778174886636       -9.7519311259506285     
  -7.0889563013097812      -0.24158607201478768     
  -1.7143764385558482        12.289479354461584     
 -0.75554304241026948        10.533970967132097     
  -10.956144017285178       -5.4890161503566191     
   7.5714522048785904       -8.3066355133855989     
   3.7105040533365354       -7.9622786878643819     
   3.0627111131143057       -7.2004276046306552     
  0.70723627695036118        1.7279084915534295     
  -2.7549702370228988        10.582066521534301     
   9.0945943876795532        5.4352415395151770     
   5.6175185099609326        2.6957006856398897     
   2.6840373893446574        10.031343870352996     
  -1.6565889902871560       -4.8390711947089518     
  -5.0569833526409829       -10.130172094361527     
  -3.1476650978336855        6.6521823388133088     
   3.2551841555261238      -0.48225097058279170     
   7.6533602818893263        6.3964791456228172     
  -6.2907237569787373       0.36139760046860447     
  0.97204030698458166        3.4463997051291302     
   3.7695115472307434        8.3674897935703179     
   10.555981403649394        1.8914032046694449     
 -0.71225877224492262       -5.1690482503888235     
   11.509359798796662        1.5897869434698313     
   6.6276474139643016       -7.9743035637999098     
  0.24440867281703471        10.510232779087227     
   8.0965286404735526        5.5003778512961610     
  -1.2350124997810630        11.411843850680507     
  -2.5683142130560284       -3.0590841510776334     
  -5.6924625084731746       -6.1812362973333128     
  -4.6233013521960515       -7.5412639417459664     
   4.3231595649399850       -10.315750828471025     
  -7.1064678883068417        5.3493653542451440     
  -1.2837275840669808       -6.8048387088167104     
  -6.1678928929582524      -0.63132054057704412     
   10.753221990645693       -5.9091861395908349     
   1.4845022005217197       -1.4110224819301180     
  -2.2122754313006183       -11.073507396681590     
 -0.20536163563365353      -0.34182902478822375     
  -2.1123398016166806       -3.9488513682936159     
  -5.6528420138616129        6.7236657429454834     
   2.0785017610767897       -7.3741784309462783     
  -1.4704083139669755       -5.8216755016454700     
  -5.5815669716272316        1.6856626956010765     
   2.9496207471544129        3.1449696647258585     
   8.1000304234865101       -9.1552508624060920     
  -2.0125986656264958       -12.053574378161334     
   3.3357679550656929       -10.474156481719120     
  -1.0970566963755142       -7.7874062169103633     
  -4.1078704707837481       -10.442923454456482     
   10.645527864914595        2.8869481666739563     
   7.3872659749945351       -7.3241150710340390     
  -9.1940684635220844        1.2279846194239874     
   1.5660911405243216       0.58737664619015351     
  -1.6610893568071698       -9.4307619614334275     
   4.4570734083434438        5.9043257124159823     
  -2.5802193974350991        4.7340736086630466     
  -2.4116515913531900       -10.093140096367360     
  -6.4840141896054941       -6.7925739347927081     
   10.025728127117738        3.6716411792126054     
 -0.52631548254234750       -6.1516111879952291     
   2.3244544227748500        2.3647130665141396     
   10.771402286025380       0.91517166621044210     
   5.6848895747975066       -7.6413498917466054     
  -6.6178727478865458       -5.8015271607654597     
  -5.2503285896127512       -1.0297032803179034     
   3.3583356965619204       -8.9173188908858165     
  -10.139875750408274       -6.0670881662399658     
  -6.3362809251812324       -7.7977251598105832     
  -7.2640106491666918       -7.4226123420471612     
   3.9794492915306798       -2.1227023591666967     
  -6.1484375714085093        5.0640960699747319     
  -5.4214524821291912        5.7510449699544139     
   3.0952245257499338       -2.5889039806550200     
   10.380407977563353       -4.8356895509933566E-003
   9.0262097391236740        3.6368684283405859     
