  -9.1166516900716559       0.33795860817548756     
  -8.8339287267646019E-002  -3.7594703944158194     
   3.1708314111919407        9.7379328264623179     
   1.4286759506668232        3.5698230545296288     
  -9.1268877986426258       -4.2666317130928357     
   4.4983966082160762        5.7313006026329472     
 -0.38323628572981161        8.5365667026669616     
  -9.3342613214229253        4.7923315640083182     
   1.6774918099850942       -10.081765297082292     
   3.4750465487096851       -7.9164332957874697     
   5.4392510047980736        3.9665845318362405     
  -3.8316854022546303       0.63673288226386893     
   5.6545352129952997       -6.4161532923539060     
  -1.5702679273930775        11.237212122659992     
   8.3139016549233915        4.6081339078481038     
  0.73242184784101683       -10.408263630137206     
   10.575716687881499       0.21521611624198908     
   1.8665886536134400       -9.0996122616632764     
  -8.4926724776587168       -6.7718765039533215     
  -1.6595588417034939       -1.6307883507067480     
 -0.21244677963142256       -10.734973786106373     
  -7.7998877908337620       -8.3593175776332984     
   1.4264286654530072        8.6765918834275038     
  -5.4011828907203423       -11.077244656448173     
   4.9694848442457484        4.8493828574534685     
   7.6422319353213277       -6.6415527086517230     
  -5.0407928639298092        1.8763633597332876     
 -0.78382772916456189       -11.555930487737527     
  0.16534306508255353       -8.7722153665922882     
  -1.9797415127339235        9.5529511230063289     
   6.4392907815748099        3.9326565409018723     
   6.1762192745184556       -1.8013996755021249     
  -6.4055224945440825        5.4387715874304687     
  0.92195269633465449       -9.4266012981055081     
 -0.91238348013217796       -3.1929056857630513     
   5.8847431868088584        7.3572979791306068     
   1.0686391914113598        2.6368438228099400     
 -0.77926213681659928       -9.1004441850597679     
  -5.5106239774668095       0.21028300986797346     
  -3.5790178371323464      -0.33060070994152563     
  0.35292690348481426       -7.7898898796018239     
  -10.310765970802448        4.5765409354564293     
   4.2270653422879789       -5.4034475400723379     
   7.5955341043451536       -3.7768708628512111     
  -1.6972211993158604        8.5933775297523667     
 -0.87845833206984347        11.958934548028550     
  -6.3096207575496219       -10.659783051139183     
   7.3723663342574195       0.83659008410381508     
   4.4686037455983998       -8.0268098478949170     
   4.3417781069726926       -2.5846717683568361     
 -0.16756785787641923       -4.7565169263964657     
   3.7576988008891874        11.060065578444807     
  -2.3042174025923928E-002  -9.7537380166190655     
   10.223195245121286       -4.0808203162380972     
 -0.59875167290014675        10.999721179259465     
   11.425750180790425      -0.31220557148410322     
  -5.1685609038988263        9.4778953395340206     
 -0.21646193759067342        7.5508398016273128     
   9.0440169870090319        3.0380787566555476     
   3.9696612695372493        4.8826677258553186     
  -5.2883298382243336        2.8447290648637660     
  -9.3433708309416872       -2.2979500919965443     
 -0.83442399702937053       -2.1957112821710858     
  -5.2574886163762429      -0.75688846509176955     
   8.5717155896188935       -3.5610269382320037     
  -6.6587703002422227       -5.9740110502797794     
   11.048485483038682       -2.2758298653034741     
  -4.1688508800209600        9.4989488834197680     
  -5.4941320688480628       -10.081608622435557     
  -9.0979890156948464       -3.2671603065581896     
  0.88691597093200947       -2.3350292883691046     
   12.339073389571936        1.1599202732079390     
  -4.4923839023004213       -11.494876752951866     
   6.7050811179650380E-002  -1.7624584964455452     
   3.3745632068950817       -4.0115888704708409     
   8.2256223717000676        3.6122263532191994     
   2.6376727192342151       -8.4623191264127566     
   4.7425561358454003        10.886389536659141     
   4.6605354179160319       -6.3052760977359812     
   10.523536662227519       -3.1272390268287755     
  -2.5619751713398702       -2.0616633716692521     
   7.2939761217307488       -4.7302022860370689     
   4.4998758326787378       -9.6134625818258375     
   9.8624665532118634        2.4633229386679094     
   12.306976556332028       0.16041384528470726     
   2.4113995725116855        3.3846700908953520     
  -7.3821257447175208        5.2234961057051548     
   6.0507175249954130        8.3433459799643259     
   1.7147854137769327       -2.8948056306782304     
 -0.99121850932001065       -4.1893622955211365     
   3.0393809284335669        2.6064873482723527     
  -9.5889212977944389       -1.3284839425058184     
   4.2773857825022930       -3.5832972536607213     
   1.4875674171530822       -11.063330689062663     
   4.1060116165499476        10.115260813052105     
  -9.0332870703923884        5.7458524982714350     
  -7.7558710149903467        6.9152086070200021     
  -10.009535470440879        5.5298858266118618     
  -7.1938471159880821      -0.21109344172663702     
   9.2805423687855701E-002   11.721993801845070     
  -7.6886063399532656       -7.3657445840623561     
   10.039234685140896        4.4554168034111052     
  -3.6513978232665116        8.6434943069788108     
  -4.6871184304445110        10.354498686868997     
  -4.7940754829829810       0.90738220510063206     
  -7.5763767596880447       -6.3719803373896067     
   4.0285156791572323        6.6140334744078260     
  -1.8941625199951102       -4.6194802011445404     
   2.5431952263008646       -3.4545146936670506     
  -4.0782435362087819        1.6060029664451871     
   5.0611116056338004       -7.2211586521138882     
  -8.3809601634145334       -2.5701548725554799     
   1.7470277098381499        10.693524458380665     
   1.4606700843337326        9.6760214054320119     
  0.17363002426007784       -6.8061648172350644     
  -8.6046068668855202       -7.7656363717428460     
   9.1325037057520166        4.0339087164385097     
   4.7434106219018721       0.38479993485835534     
   1.7859308593579797       -1.8968975342146526     
  -1.8496589084939059        12.196886093219154     
   6.8215327947058046        7.7075861258276568     
  -1.5361621847030293       -8.4468641415386418     
  -7.4176127259109528       -2.8385669843840864     
  -8.3585496465738256        5.0080088976677084     
   11.457210012988703       0.68784383009505845     
   2.0511796106252538        2.4520116903686229     
  -1.0701567206936959       -5.1859015254040983     
   4.5788571524633230      -0.60157605297417249     
  -1.5836185577288393      -0.63338119600060316     
  -5.7571855164289154        1.1792330917725049     
  -1.2894113331904931        10.277309859107252     
  -1.0076219547976191        9.3177364351046759     
  -8.6269790355943492       -1.6006157057393986     
   2.8025231939007815        10.738315770051027     
   2.0066668806736092        11.659118737466990     
  -6.4026179522702762       -9.6639984809319870     
  0.55418218345176129        8.1880442178179020     
   6.0546181857005594       -7.3327747740310087     
   8.0858031342363551E-002   2.4818375644175625     
  -5.0107637897068544       -1.7262265181867744     
   7.0479336742024286       -7.4451916279394030     
  0.44058924093001195        3.4149018940717539     
  -2.2603543453057626        10.513699284517264     
   4.0676045661475815       -7.1109111793547735     
   4.9668624087169073        6.9607560147954919     
   3.5144952269987910       -2.0223959996318270     
   9.2473177250384779       -4.2982546522579881     
  -5.7295970873139055       -2.4213261290074630     
  -5.6501355771852451        8.6017172657398042     
  -8.7322082654145330        6.6990616038541342     
   7.7582792726601495        8.0565707628962286     
   2.4328933833174231       -10.736684348643767     
   3.8760471892234052       -8.8325282759037389     
  -6.4730665361171500       0.48212989067491663     
   8.2706474360852322       -4.5146334782464645     
   9.5474491736835656       -3.3443280760992189     
   7.8675298833488299       -8.0173249967871261     
   7.4071588306254599        4.1864878884812136     
  -7.4341203131518494       0.75924579998785513     
  -8.1546285099939357        6.5535948204085703E-002
   11.264092726793086       -1.2995404150855445     
  -8.0567290317756797        5.9615317642496111     
  0.81518313901812756       -3.3322261064009124     
  -2.6690951332280792        8.8279585655862309     
   1.0401976050676094        11.401062277344163     
  -8.8715500788415227      -0.63135967872975507     
   4.4152671103580854       -1.5875121422187117     
   6.6483977445636988       -6.5285266891169744     
   9.2206454146883452        5.0301011158352402     
  -4.7683601610193627       -2.6959739748306131     
   5.9689951264024250        4.8141820921769165     
 -0.75851666403745910       -1.1983933559741649     
   6.6192659141347407       -3.9929367190036618     
   3.3080666756159536       -5.0092508864427190     
   6.9874429931475177        8.6933926051757879     
   2.0808752986886554        4.3278093736060805     
  -1.7365946205364309       -2.6269576608933480     
  -5.3924121426435212        11.063484430835477     
   9.9508907424387161        3.4593523960527568     
  -6.7720172007469097       -6.9669066081082640     
   7.8956616676566336       -2.8230881150317439     
  -6.9006749479665652       -8.7966561228274625     
  -4.3262593191274332        2.5747075553532559     
   5.5151626750002380      -0.25007081043308160     
  -4.5853152994527582       -10.499378386893744     
   3.0048554582076332        11.717442210971178     
   5.3515186694594430       -1.2362875761562278     
  -4.2949778333937916       -1.0286164038050725     
   2.3380645416381944        9.0875247654272115     
  -6.4549300984825235       -3.1098987977289161     
   2.3062513033561594        9.9871893079846181     
  -8.2463955097626442       -3.7918158142734826     
 -0.59167769647170143       -8.1186396416042061     
  -6.1678342302072187        9.4571731091667797     
   4.4402400987576556        4.0004878388879872     
   2.6139658317118122       -2.4572272996205573     
  -4.6506035133523511        8.6224054636518908     
   2.4775783259764559       -4.4523630302852961     
  -8.6595058812749865        4.0543580163053390     
 -0.54808532013761924        3.2598112264883392     
