   2.9998298423192544        1.1698988362779732     
  -6.4202913396042782E-002  -11.524117827938184     
  -10.083843576571487        6.2394581105584255     
 -0.79425393503411035        12.739622544646183     
   3.5505122094163086        10.817438845714999     
   10.819034599869465        7.1276514341702200     
  -14.639598223539910       -4.3183445645985836     
   4.3625079489840060        1.5006504723056486     
   2.6783741708898257        10.312497317862134     
  -4.1015174640618888       -14.251618722257566     
  -5.7517984983685650       -5.3406700511887299     
  -7.3950058230923092        2.2233805539709559     
  -7.7171974616134467       -13.175323100068132     
   8.8826592891191201        2.6020509201138715     
  -11.261848134748488        8.7871146890817844     
   12.229435330961330       -1.8738189194870278     
  -8.3275605082327750       -3.8486001298704218     
   7.8096158963201550        10.156665783179291     
  -5.9606461414545739        4.0534611403639405     
   3.5133543290385467        2.0287296823766678     
  -5.2757655593486379E-002   13.927217054145562     
  -2.9252225313734077        12.901128627228994     
   1.9762264177269271       -10.667314648076296     
   5.1931548367734202       -2.4999426698578664     
   5.6146835066504233        12.424443711869319     
   7.8197770139302101       -11.290511393945764     
   2.6368699586060962        8.3422135610089914     
  -1.4792497295575504        1.4518101244463455     
  0.22574897447803474        12.634371538902817     
  -1.6248649406101719E-002  -10.421704722410555     
   2.9767367653646621       -10.723754378560104     
 -0.85661413542910869       -13.097442599772236     
  -6.9893039680626554        1.2860374604685967     
   9.5123782184536108        4.2755297111714201     
  -4.4011348861578181        12.094502455373988     
   10.148238760825540       -7.9996842813375162     
   2.6868508312420047        11.322498017805833     
   10.510881795513104       -7.0319597123082120     
   2.5630187473505366       -5.3245001547832400     
  -5.3341039795080309       -6.2511144681267501     
  -8.3746487753893373        3.6509133029611456     
   7.1147577952262839       -5.0515548755352357     
   5.9956090371265987        3.4930717563182836     
   2.3464556804438206       -15.129046020193737     
   11.298331011104830       -5.4129759143939911     
   14.014819198994060        2.6411768504946807     
   8.8935136099958498       -9.5595609473702829     
   9.6919260317414189        3.2716926902048615     
   7.1417048293347341       -4.0485495572030148     
   2.9162726189612678       -13.426150247194657     
   9.1940540785615887        8.6183761904310838     
  -5.5558846457643671        9.9331030715110380     
   3.8691104614065379        6.4214407901378570     
 -0.50274775690250595        1.2332688600418649     
  -7.4039802138279560       -3.2049198636845948     
   8.0488031789094165       -5.5157168891003314     
  -3.8807109915377054        10.672799916171458     
  -12.074557956906553      -0.35288030313209440     
  -6.3976556331825805        2.1206038372431051     
   2.3526830918656327       -12.600841061265436     
  -14.018533924294490       0.24340080165837513     
  -3.1482242323795582        2.0951751407401651     
  -1.2732045791580835       -8.7197800187310719     
 -0.24474253222293463       -1.4920099102227820     
   8.7791860242984328        10.403036004729941     
  -11.391068190413325       -4.1611294980320253     
  -8.4924170981629175       -1.8932995060591793     
  -2.0985963321637127       -8.1520387859347281     
   8.0327741907002785       -4.5159722286092867     
   8.1815814559525979        8.4638451765644263     
   13.181353278574404       -1.5664711477757427     
   13.358407175197375        7.4006444320758797     
  -10.776626787503199        5.4889673518487143     
   6.6709260646343971        12.257847402286194     
  -4.9118532417107188        10.988899440479500     
   14.650206200174066       -2.1909783963217158     
  -5.9436681878445183       -9.4685102641200611     
   11.704640325682787       -8.5416510616457479     
  -13.094335478914447      -0.26165073076568385     
  -4.2581319929841470        7.3604436420880166     
   3.4049442443421047       -12.517662867315909     
   9.4880029216293025       -10.375190075106369     
   13.679262175179240       -2.4620299341406549     
  -6.2136343301108257      -0.47056797931573563     
  -2.3465273293678752       -2.9428427119594067     
  -2.3809240425095424        7.2434789216276316     
  -13.642315883085255        3.0681002835102857     
  -7.8287540901191850       -1.1441735798991064     
   2.0289473655628454       0.90827818755871959     
   4.2061371642692178        8.1731402034730856     
   8.3914565885469337       -7.4796554822100640     
   11.594090957017286       -1.1017156332196518     
  -1.8000914419243297       -12.677238442532486     
  -10.494035502930750       -2.8265630792530190     
   7.5160195257844187       -12.832934490462360     
   8.6773319743462640E-002  -2.4389940818553080     
  -2.8519732394705279       -3.8053662125851555     
   10.778682402063621       -2.9470774658323249     
   4.8701571348309436        13.144450455868862     
  -13.164727066414766        7.7426184615973277     
  -1.2796157007686724        4.2037901332133893     
  -2.7991033815212241       -7.4373683798712662     
  -2.0185782291499845        4.9454868203406006     
   3.4684492655036028        7.4896016495594981     
  -10.838057118581064       -8.9110430418781341     
   8.7451705362876595        3.5939925380680289     
   9.1960331052408915        1.6511316202060420     
   1.7411607909600282        8.8337419007165838     
   3.0715051552857773       -9.0757570795098861     
   12.745339724016441        6.6093197829114585     
   3.5667427152863271       -5.3266255526006212     
   5.9850179329695052       -5.3305545804122438     
  -5.1788592701119462       -4.5077898739403484     
   10.730842201473417       -8.8316416993702429     
  -2.2680435074232999       -4.9108637483358129     
  -5.3469118042705759        3.2242888616405621     
  -3.0243446122314395        5.7179768915398741     
   8.4831459305350503        9.4182641411474854     
  -10.203671401582982        3.1141616611587080     
  -12.952009877406555        2.3431669122763457     
   5.4530282739777185        6.9676576920428026     
   7.5104235497678182        4.4593781240976176     
  0.81467765640678180        8.3559360220231795     
   2.2076540897963861       -4.2529304437804187     
   9.5792925977697916        11.009101075082373     
   5.2299276151430210       -4.6744856426655881     
   1.0699197069752862       -2.6350700520028676     
  -11.009138881743567        6.7516305701157542     
  -7.3908031993632965        3.2607033774095924     
  -11.185404497910080        7.7582554180253078     
  -12.696202706019562        3.3927335739255695     
   5.0100465543799437       0.73677449294921737     
  -8.6361249877211907        12.638497781970733     
  0.84277164393990001        3.0474472319658430     
   12.008585623308816       -9.4986711539938149     
   9.7393388091933826       -8.9616700519733037     
  -3.3572803105832647        3.4179645739927604     
   5.8370862943838135        13.400540422841260     
   6.1867068179752458        7.6660677775588502     
  -6.8310158521375897       -1.2801002727681485     
  -7.4822432676436943       -2.1183591856252182     
   9.4640174554861574        9.6087015754776175     
  -7.2086814564340624      -0.35280124364467264     
   8.4916834573383557       -10.480460025885208     
   4.3500719443216536       -4.1988694453989641     
  -6.3473590638383497        3.1285459635093811     
  -10.351499953354493       -6.7407961158781475     
   5.3761064240784533       -11.531635269448946     
   10.049974867711876       -2.2339069556334543     
   5.1773838121025735        7.9300188183248963     
  -5.9556572363712297        10.856359412362421     
  -9.8204542116069984       -9.1710145565072345     
   4.9854531177885582       -5.6442297421595988     
  -14.119985044958193        1.3192357456779411     
  0.73884354811103248       -1.6809989461525243     
  -1.8612447604203963        12.944379487295521     
   11.760317952259463       -2.7573466871617018     
  -7.6591528030586042       0.54327436982728683     
   2.8088393194624452       -11.711263801923817     
  -11.504661307532110       -3.1661392739068837     
  -11.194323850852060       -7.9736583225142210     
   11.345534185363139       -6.4809363249668834     
  -1.4818941645410662      -0.42507413349176093     
   5.0350545311363861       -9.3431467266223169     
 -0.91172339862116680       -12.098314832341886     
  -4.9649285786278794        4.1512105397125376     
  -4.2137927556853620       -13.210749978179816     
  -6.7611029723645633       -6.9418357717316104     
  -11.807248597691798        5.6088325464727244     
  -5.5818994173986818        11.825270676259095     
 -0.78939794404135821        2.1923008403442172     
   3.5677238610458089        11.817165271233332     
  0.88537387987355731        9.3534945630889208     
  -9.4080648368607953        3.8023818128465035     
  -8.7990478482949648      -0.86777899913901890     
  -4.9691750976617053       -9.6932975326228785     
   5.1374435690335023        14.140597282550395     
  -4.3558062351117952        3.3588558464660014     
   4.4819640628490065        7.2119307582835290     
  0.99553169025427379        1.0621216175006596     
  -9.9733378789544425       -10.277384563373779     
   3.0303750266004172       -6.2132781024971431     
  -2.3124590214083609        8.2414849275500757     
   1.2498504458124402       -7.6811778912225526     
  -2.6389586822633553       -12.073384783061890     
  -4.6840675596090602       -5.4216739056085395     
   1.2525002098346811        2.0464489942176622     
   4.9886742863371705       -13.821732792358725     
  -5.4487173783854335        7.8549407431837679     
   4.5745593982154578        12.189151054849390     
   7.5068727987229993        9.2035045077593161     
  -10.160964541992405        7.3011499262275938     
  -8.6528721822355230       -4.8042997136388479     
  -7.0978289770709431       -12.305423570321462     
   1.6010595497630646       -5.0502240460705128     
   9.0924388967926912       -8.1990499373673913     
   9.5036205849479796       -7.2331386802870616     
   4.2026684501524523        2.7873875358108067     
   11.087203329400845       -1.9634881772889443     
  -2.1264582325660921       -13.643837110179705     
