 -0.11837009926494881       -6.0386077589777756     
   11.430511442963823        6.5702645194105711E-003
   2.1427295505647539        1.0817725306262194     
  -1.7633244590819677       -12.283923602427194     
  -5.8292022997343125        5.2027163271335919     
  -4.6139304969777299       -2.3051516507729497     
  -4.8577208832676497       -9.3137255494475726E-002
   11.339730879290233        2.2030629187946644     
  -1.1056977096277953       -7.8070923155397329     
 -0.39866679243999958       0.53938877291947307     
  -6.4625964827361866       -5.6180795871006053     
   10.730531690760943       -6.2295399975770911     
  -7.3505974880695115       -7.8427047216722254     
  -8.6421843116542370        2.6127791476945288     
   7.8611207693131995      -0.98647464057608325     
   3.3171992552959386        5.9665786031223282     
  -10.374767919155614       0.54561900549510500     
  -3.0623230790070108        11.088269155379415     
   3.6865227488003494      -0.87566355873107571     
   8.9011427698017620       -3.8291472617702436     
  -6.8289046216709259        5.1753452460727480     
   8.2554021067548007        4.1702214664651063     
  -5.7150711623331363       -4.9502485413195023     
  -3.3824129137767271        10.137247431011419     
   3.2518860540702277        2.4976522885486453E-002
   9.2159944874745481        1.1579743666682303     
   4.2794046728846373       -11.648751771112721     
   2.3433019543684437       -11.855659602008592     
  -8.8207741001167719        6.9588960517769172     
  -2.7415897219359135        3.6218092387803100     
   12.069588003546128        2.8862887700517676     
  -1.1792624838494246       -10.407142197774380     
   3.2962528653194747       -9.0084286083358318     
   9.6237584503738329      -0.80551515261991946     
   4.4960840654889163       -10.553198653708431     
  -2.5519265006879097        1.6231236830876368     
   2.2316590464042547       -6.1751721457572595     
  -7.0822595985489665       -1.8184055257692442     
   2.7769285389978666        4.9862965591566928     
  -2.8018053260660811       -9.2045680093339790     
   7.3218624126065235        6.4710965273184922     
 -0.88238709680168992        1.4583052297815171     
   3.9098371988218030       -4.0713177517875474     
   2.8977867771349866        2.9705510184619874     
  -8.5888804173649742       -8.9499527964458618     
   6.6623181386548636        1.8068110042234755     
   7.7409183251364935       -7.8941981235132008     
  -4.6186510663042979       -4.1335508567968597     
   4.8363204487600600        1.2131304041136453     
   9.0016339613322387        5.5809773397626499     
  -1.8874019917156923        2.7638378108560282     
  -4.4802312270419486       -6.8491600321427102     
   9.6490199647253849       -7.8037230312221748     
   12.014309915346468       0.81838591107971148     
 -0.23039664340335556        6.0582574576801500     
   5.2864018259703487        4.4272933237194438     
   5.0338835095425551       -3.2966180373278933     
   7.8174760388824414        2.4333765723880525     
 -0.42080232375052024       -3.1176586727802964     
 -0.20683012014425672        8.9491025309426036     
  -1.8275979328435314       -9.6419359970492557     
   2.2049323222764494        8.4543262549083967E-002
  -7.2185310980807680        6.0999819725712738     
  -6.1746942513872920        1.7042102850457739     
   2.1556416844827422       -8.0114839306539576     
   7.5443605873391695        3.4675965895516541     
  -1.0973171193080353        5.5563958684563177     
   7.4776489200740217       -8.8593206879547335     
   9.4592060138839198       -6.8206884916792347     
  -2.7091916406867811      -0.56876357941636746     
   1.6965018847419067      -0.92206713256755779     
  -3.2525039044101942        6.2106352596264287     
   11.785042703919080       -3.8883789226504550     
   6.8383646475769160        9.5716659386009972     
  0.29259322143116367       -12.324447163361903     
  -9.8195828124867006        1.3942874441789306     
   7.2072194182607854      -0.15321325310670292     
   12.059066627555577       -2.9270607149378032     
   4.3664121631184436        7.6782544552355692     
   7.6215270022901127E-002 -0.55349951746681214     
   7.8785734368899760       -6.9007354836072308     
   8.0561876109021604        1.4626993890396962     
   9.3647006959899510        6.5446420028645749     
  -3.6784466032228296       -6.2505242201530775     
  -3.7287765262135513       -7.5228109776393577     
   3.8067561614041212       -7.2762918138340202     
  -5.7231962024259131        7.2984191192511458     
   5.5816728989124407       -8.3192860700514739     
 -0.19581488952452283        5.0191927730923469     
  -5.0941497119063195       -5.9661457447064299     
   10.018564583979350        1.7577956382413680     
   2.5416138608425478        6.5978576386892023     
   3.8880634648444841        1.5333833002942443     
   3.3680705338487806        7.7453815778632995     
  -7.8502513980425341       -6.9640687169966817     
   9.8900056020789027       -3.9845061043076737     
  -2.9198989543292928       0.40834385055783534     
  -3.6625281089849269      -0.26894932822265188     
  -2.3644397919816020       -3.8532036146535402     
   1.2097248139191881       -3.9882344108214873     
   8.7772513089417572       -1.3897624917652651     
  -3.6157826248797682        1.5994505957990244     
   8.6751481613045733      -0.39625800271177963     
  -7.0457996979504891       -4.7808010517619168     
   8.8395879340450367        2.0847777221413724     
   7.0583920195774370       -2.2787519930863018     
  -7.6549836829505216        2.7711393408544915     
  -7.2026140247160289        1.8633951838614069     
   9.2673575101539001        8.2519004741836497     
   11.111116539617687       -5.3032232898769545     
  -6.4838096530260776       -7.3442253019820312     
  -7.6373337410283266        7.8782571002472910     
  -7.8225641233140895        6.8961365543425037     
   10.642885353964184       -1.5287470728030410     
   7.9055816859770900       -3.1067016561479761     
   6.3668808353115711       0.38802358195079800     
   8.4782824728295321        7.0684394597876086     
   6.7654719934035903       -3.3847439402669064     
   8.9263809371782994       -5.0680448364011452     
  -2.0446062500729085       -6.4243480146266112     
  -3.7772646760485094       -9.9227279056138435     
  -11.187422267900144        1.1262362748446657     
 -0.75607364229416307       -9.4357606594231918     
   5.2993834175693157        3.2399626003412694     
  -10.815130965468807       -4.8907394744818822     
  -10.526295518128121        3.1084621809924950     
   8.1025842087058084       -2.1269855099486716     
   2.9067354261925793        1.7268440306089619     
   11.180030870687039        3.3428080067660684     
   4.5885870841501522        9.5332783526329177     
  -5.8940143078987823       -8.1537148022239556     
  -8.0447349726558386       -4.7945009781401362     
  -8.1652678301946953      -0.30962871283877058     
   4.7413200836431750        6.3940105774417200     
   6.0341383035857747      -0.55395719402249799     
   1.0292769287225041        6.2703441503819315     
   6.8687094006563125       -1.1149709306804889     
   3.2878226556373256       -11.525540963496331     
   9.8393038264490595        7.4304603900467807     
   3.1408914763153919       -3.4147656852964197     
  -5.6752174487071896        9.8748055688397613     
  -9.7557221337553166        3.7448223832383416     
  -12.050072744862408       0.62010934799277817     
   1.0354997480372141       -4.9723756717240502     
   6.6423045964083185       -9.4088077695656605     
  -6.5483425257257286       -8.9125349339400604     
  0.93956296735729639       -4.6627124766925633E-002
   9.6840788267552185       -1.8099353013003414     
  -10.818403920413468       -2.5748663169107782     
   5.7593057539500627        8.1178399882348007     
   2.9451515503919317       -5.4701765699034093     
  -3.8536113556502181       -8.6034318128823735     
   5.4642570610628196       -10.300639673183815     
  0.91616979304807322        2.7500481386629674     
   2.5061109183326522       -9.7201486386235718     
  0.44431877365580424        8.1901091187711046     
  -3.7179465022245815        3.8428083500228385     
  -1.6909691509833589        6.3653881038973763     
  -12.065691741534899       -1.6519741679677180     
  -2.9239736452400233       -6.9098740420785214     
   5.3694028840364956        5.4243751029552305     
  -1.3720300386268649        12.164536589519093     
   2.2349035421279657        3.7265997665629231     
  -8.4733901490227819       -2.8730539964044883     
  -4.4202047082492646        2.8047387993190407     
  -10.035508612835070        4.8306939859350839     
  -3.3636954251094493       -4.3814645626603799     
   5.2796244041050286       -2.3243400428915475     
   1.7985097810070383       -7.0762682615741648     
   10.853683358857317       -4.2509792887119975     
  -1.0288695602535594        10.088425184518393     
   5.8367858369232382        1.2347566724714971     
   1.8292026518836193        4.6404822525608163     
   8.1728109955109449       0.46767260727261084     
   6.1167509072369324       -6.2268294212456317     
  -5.4514344432147004       -2.9280605331011764     
   3.6476514046833479        3.6391072806061127     
   11.495627050526334        4.2910740626373656     
  -3.4227357897829154        2.8883568198877909     
  -10.720868060054311        2.1026973865650951     
   10.585247767210058      -0.53137758667437196     
  -6.8485720897598696        4.1741955601872087     
  -9.0453861651012986       -4.7236193661137706     
   4.5680830446211598       -5.4674212193693164     
 -0.99669705631991357      -0.26204881824360760     
   2.6933033937800817       -1.0081140005505342     
  0.18182126766942139        1.3534873855807581     
   1.5617683139552980        9.4756933546166238     
   5.2697371897372411        7.2458332193769897     
  -7.9450856492774475       -1.3116973315567892     
  -3.2064623257087597       -5.3681214702652369     
  -7.4454471602598327       -2.9746759685808182     
   3.8278891261962427        10.865340384188910     
  0.82300698234413772        5.2179167289034227     
   10.149395345929152       -4.9683792923781178     
   9.4706854303782446        2.8610602403557688     
  -4.9348476791541200        3.6704128872374469     
  -11.058015783166002       -1.6040893375304388     
  0.81208387276389593       -1.7116462475854635     
  -10.156353477927462      -0.43035854671909224     


