  -8.1297048220887085       -4.6662782935748215     
  0.94023166394221591       -3.2503628855627094     
  -8.5872640144357266        2.3211409181675431     
   5.6252189680176636        11.060526770632789     
 -0.86839144694081138        6.9384286775111264     
   8.7036780466809489        1.5748404038382884     
   3.6885510929324079        2.6777307346015147     
  -7.8839362720623871        7.7475865080093040     
  -6.0471146427542504       -5.7309509953599802     
   5.3025609414904595        3.8943349568078021     
  -2.4431019297496999        4.1064054897331870     
  -4.4184793440022645        8.7163808084745558     
   7.1757321476116047        2.1380815746090107     
  -6.6563998309920978        2.6969912725240861     
  0.21410537333715093        1.3747116851053049     
   8.3404804415627876        9.1892931275053602     
   5.1917395432244806        8.3108941132647622     
  -7.8349864689457922       0.76784140980120774     
   4.2917088758826498        1.8802199607008365     
  -1.4265522487228681       -10.385576879494016     
  -3.9533419982459761       -9.3188051011936501     
   7.9662457461690490        6.7799026582397941     
  -7.6137731518372229       -7.1319783459571600     
  -3.4957968495009188        11.270120890823140     
   7.1127627800992421       -1.8519422781852783     
   12.374012425275509      -0.89122294017713699     
  -5.3756137642725177        6.1288284963120168     
   8.6504514748206454       -2.2140675353025676     
  0.69264151822756781        11.854261572775306     
   7.2748154181401619        5.8498611993626914     
   10.643224470489640        3.8720885839118790     
   6.5476455763086188       -7.7510571242241877     
  0.89369403760225452        10.874743880824957     
 -0.18253321318264901       -7.1488915694713668     
   5.2095372970894172       -7.5835026877691556     
  -1.6030861561750380      -0.24692194784062430     
  0.74686832423252913        8.8189667863048911     
 -0.26892320874757447        6.1026649292723674     
  -3.7029953105779403       -7.4523544586569574     
   10.019697992277866       -7.1008859513705156     
   1.5023681787324252        6.2663521809968685     
  -1.0545639079111178       -8.1874192261906238     
  -3.4705375351572094       -1.9465875742306666     
  -1.9415750845846598       -6.2369820152397608     
  -3.8756713341677833      -0.35923091618970127     
   3.3895894717897699        4.2009861146822089     
  -2.0527140283393548        10.991362708739914     
   6.2227658064251026        1.8384170194445981     
   8.6133486987098209        3.3358187206164387     
   5.2088496210179223        10.151151994346764     
   3.8022641578559435      -0.61390766253417772     
   4.2588900418378905       0.82600161667371963     
   6.8828572802751475       -4.8429567840845840     
   7.5397347912990380       -7.6205870908498765     
   9.8584016440713320       -5.1435655059314369     
  -3.1702611778060494       -11.247641721583751     
  -6.5382564029009176        4.0524033633950767     
  -9.4806135666744051       0.74486152116908455     
   2.0376343513712958       -5.4126000441085749     
   6.3024305403803709        3.8634194453978115     
  -4.5678683900195258        4.1459306047650042     
  -5.8572175865783498        2.0961644159136243     
  -2.5740168076563288        1.6614498853009538     
   9.8254228066263973        7.5798703671034033     
   11.087859996843708       -3.5366493346121151     
   3.0886095073490005       -6.4079656738466602     
   4.6451084363285897        7.4244919689233138     
   8.1198064342842837       -4.0146467390894669     
   2.6017074537152847        9.7168789549435211     
  -10.739076395449503      -0.69406116682240404     
   4.5742077499908111       -3.0436465919094564     
  -7.0954041780998161        10.181213167098383     
  -2.9610966037446738        5.9401786356038402     
  -2.7990585306806377       0.62412364146111943     
  -4.7535627350942686       -6.8741387592692673     
  -2.4289521896546868        6.8649886408817880     
  -1.5378130592435075        1.8689891050083283     
  -2.6452266959234323      -0.36400415648823553     
  -5.8443235890814957       -8.9484607887764334     
   1.0984092967985124       -4.2577000988271170     
   1.5032157141136167        2.8476860678868623     
  -3.9958570771006916        4.9724141369327617     
  -2.0917917885327553        7.8390199420665629     
 -0.15231497479486428        3.9276506255071704     
  -2.9234902931188045       -6.0529459227053524     
  -2.2725732646829258       -5.2927784312363224     
   12.188505158350422        2.3338571746348751     
  -8.1153237445696913       -1.3771059419816094     
   2.6827769881739494       -9.2529255435582023     
  -6.3745867320798855        6.1722799999541893     
   11.604968282066537       -4.3957915448024378     
  -7.0260636055948646       0.18156126020402988     
   7.8003642681264314        3.9165029684176740     
   3.7074366467629463        9.5306987051207539     
  -1.0909272189599477        7.9188775923636729     
   2.5506780869579146       -7.9902753922505845     
   9.5958478824835325        4.4347633653849083     
   10.846523491086771       0.93734902974022083     
   7.5496003469113715        7.6903911525849242     
  -4.1731999160579312       -10.294680997484813     
  -6.3631589272015656        9.4155793570584567     
  -6.1930021132605324       -4.7424403933092565     
  -6.0309162074450118       -10.825684579614709     
   5.9977031051467904       -10.006287546012928     
   1.9370549528524710       -11.357870259611785     
 -0.21077252957248271       -11.162177235488103     
   2.7067665972597186        7.8579620702667050     
   10.325155173641493       -1.7808519605280644     
  -9.2115908348497868        4.0597469046865022     
 -0.81030237357686519        1.0974604564135475     
   8.2434401996056899       -6.9035833437482372     
   3.3846910135309374       -1.8958474531092495     
  -9.5963220790058195        1.7382560042219046     
   8.2621021140790933       -8.3171691388399740     
  0.16374818796099780       -3.8900420593354172     
  -9.1305032933291379       -4.6829974146794004     
   10.835329078348122        2.1347699925290398     
 -0.18826293086641813        10.423291132399269     
   12.405735143205934       0.29337886179800693     
  -8.4382133777033808        3.3125328365092308     
  -9.8866293624232853      -0.17004830461172085     
  -7.4775861012406608        1.7023984425558889     
  -3.4020857523078551       -3.9316642252578409     
  -6.0660132886211553        5.1302325847813153     
  -3.9249597871860566        9.8960681100358432     
  -7.3193345621135446        4.6780845376993563     
   8.2203182768191212       0.34712611839276220     
   5.6422907212173037        9.2139588825687841     
  -5.1921882837289264       -4.7270962296512620     
  -7.8455203629059138      -0.41498574647632647     
   1.1851666755974641       0.95322799163874494     
  -9.8751945824648253        4.8067940238481590     
   3.4046546515172245        1.4211873573677241     
  -12.190370583219568       0.98068258837057465     
   6.5132745046218110       -2.6508076788294219     
   6.4586626522048523        7.0798551904561178     
  -7.1910021622328486        8.5394145989573431     
  -2.4058860439260168       -10.579262700000289     
   4.3846980369615283        4.2909404622105267     
   7.1297457646434106       -3.8741325315170720     
   3.0172001760204141        8.8081337722985715     
  -7.4598405008395199        3.6670781388087081     
   8.4137446390140163        8.1928187787736242     
  -3.8356582405462718       -6.4606861262088477     
  -5.7192057961714422        7.0793110075889469     
   1.9862139813150919       0.34607227274948882     
  -9.0588596179934306      -0.73104113229563183     
  -3.5690181189816594        4.0685357162132272     
   9.1043830638357157       -4.2035159857932918     
  -4.5577723959641183       -2.9868316784222433     
  -9.4963619184258210        2.7353185820242718     
   3.7890121311707006        8.1734451080942687     
 -0.50090448319613479       -10.008882263360242     
   1.9953081538702737       -3.1001446321388224     
  -6.0641163083230474       -1.5463897977703507     
   2.0888850407349167       -4.4112934227154597     
  -6.4924285810375640E-002  -6.1558216147524165     
  -5.5467684810650253        10.004933385119983     
  -4.1244954958687003       -5.5047054808689522     
  -8.3388204683017211        5.4541689569793927     
  -1.1327112889116977        3.4060060627206004     
  -1.0314833544212112        5.4554253022074057     
   1.6645622910807858        5.2749644211442650     
   2.9275451415410374        11.901837545961444     
   4.6265056630738179        9.1363622612955808     
   3.6757735697826854        7.1810826789015927     
   5.3031976153863569       -4.7310221546355011     
  -4.1155109739466251        1.1717156752848039     
  -7.1257433149920777       -1.5320198301274444     
   8.7388247773400405       -3.2148994134343027     
   2.2375793322854114       -6.9335994696420009     
  -3.8910253133685586        3.1220929635978028     
  -1.2182699429470845       -11.362946764026786     
  -4.5958900798805313        6.7545586630251551     
  -1.8893138274483683        4.9396138137074042     
  0.33697997013945202       0.38368600789545909     
   4.4096819572785044        6.4528160002493138     
   9.8863220900397888        1.8215716392703363     
  -8.8369425305467040       -2.0686265014967264     
  -6.6275082890743349        1.1793042865362748     
  -8.2924879316907187       -9.0958451362487640     
  -4.0492678121886083       -11.730735371854653     
  -6.5873064887836987       -2.3992452983928287     
  -3.2452843057145286       -5.0289327334344351     
  -9.6563294936759778       -5.5366359865278501     
  -2.6961681587550985       -9.1454154898902029     
   10.165716087525517        2.9928280469486785     
   1.3659391780187444       -1.2837944633736980     
   2.5315234377463049        4.7138412604365900     
  -2.2179109093346017       -1.8327477587523382     
   11.451833648504619       -1.2815126997703237     
  -3.1790355938059465        7.7909865506379381     
   1.5799897243195360       -9.4570014240386957     
  -1.6452188647799688        6.2435085899506140     
   4.2980334437455596       -1.4856331874223727     
   9.7877404870151654       -3.4678025061780575     
   11.229002442024765       -2.4948854391939070     
   4.0911999084518138        10.781915449812153     
  -8.2408825284887204        4.2936415045003207     
   1.6127692700890197        9.5680525401225562     


