  1    ***    0.12929E-01    0.3227486122E-01    0.0000000000E+00
  1    ***    0.12929E-01    0.6454972244E-01    0.0000000000E+00
  1    ***    0.12929E-01    0.9682458366E-01    0.0000000000E+00
  1    ***    0.12929E-01    0.1290994449E+00    0.0000000000E+00
  1    ***    0.12929E-01    0.1613743061E+00    0.0000000000E+00
  1    ***    0.12929E-01    0.1936491673E+00    0.0000000000E+00
  1    ***    0.12929E-01    0.2259240285E+00    0.0000000000E+00
  1    ***    0.12929E-01    0.2581988897E+00    0.0000000000E+00
  1    ***    0.12929E-01    0.2904737510E+00    0.0000000000E+00
  1    ***    0.12929E-01    0.3227486122E+00    0.0000000000E+00
  1    ***    0.12929E-01    0.3550234734E+00    0.0000000000E+00
  1    ***    0.12929E-01    0.3872983346E+00    0.0000000000E+00
  1    ***    0.12929E-01    0.4195731958E+00    0.0000000000E+00
  1    ***    0.12929E-01    0.4518480571E+00    0.0000000000E+00
  1    ***    0.12929E-01    0.4841229183E+00    0.0000000000E+00
  1    ***    0.12929E-01    0.5163977795E+00    0.0000000000E+00
  1    ***    0.12929E-01    0.5486726407E+00    0.0000000000E+00
  1    ***    0.12929E-01    0.5809475019E+00    0.0000000000E+00
  1    ***    0.12929E-01    0.6132223631E+00    0.0000000000E+00
  1    ***    0.12929E-01    0.6454972244E+00    0.0000000000E+00
  1    ***    0.12929E-01    0.6777720856E+00    0.0000000000E+00
  1    ***    0.12929E-01    0.7100469468E+00    0.0000000000E+00
  1    ***    0.12929E-01    0.7423218080E+00    0.0000000000E+00
  1    ***    0.12929E-01    0.7745966692E+00    0.0000000000E+00
  1    ***    0.12929E-01    0.8068715305E+00    0.0000000000E+00
  1    ***    0.12929E-01    0.8391463917E+00    0.0000000000E+00
  1    ***    0.12929E-01    0.8714212529E+00    0.0000000000E+00
  1    ***    0.12929E-01    0.9036961141E+00    0.0000000000E+00
  1    ***    0.12929E-01    0.9359709753E+00    0.0000000000E+00
  1    ***    0.12929E-01    0.9682458366E+00    0.0000000000E+00
  1    ***    0.12929E-01    0.1000520698E+01    0.4493157989E+03
  1    ***    0.12929E-01    0.1032795559E+01    0.6489560488E+03
  1    ***    0.12929E-01    0.1065070420E+01    0.1185954077E+03
  1    ***    0.12929E-01    0.1097345281E+01    0.9118675569E+02
  1    ***    0.12929E-01    0.1129620143E+01    0.7038615825E+02
  1    ***    0.12929E-01    0.1161895004E+01    0.6289444692E+02
  1    ***    0.12929E-01    0.1194169865E+01    0.5930156784E+02
  1    ***    0.12929E-01    0.1226444726E+01    0.5462367412E+02
  1    ***    0.12929E-01    0.1258719588E+01    0.5124706490E+02
  1    ***    0.12929E-01    0.1290994449E+01    0.4976916094E+02
  1    ***    0.12929E-01    0.1323269310E+01    0.4335930815E+02
  1    ***    0.12929E-01    0.1355544171E+01    0.4263358244E+02
  1    ***    0.12929E-01    0.1387819032E+01    0.4227754460E+02
  1    ***    0.12929E-01    0.1420093894E+01    0.4093099263E+02
  1    ***    0.12929E-01    0.1452368755E+01    0.3973651865E+02
  1    ***    0.12929E-01    0.1484643616E+01    0.3841545598E+02
  1    ***    0.12929E-01    0.1516918477E+01    0.4030556150E+02
  1    ***    0.12929E-01    0.1549193338E+01    0.3862070602E+02
  1    ***    0.12929E-01    0.1581468200E+01    0.4221379769E+02
  1    ***    0.12929E-01    0.1613743061E+01    0.4208121000E+02
  1    ***    0.12929E-01    0.1646017922E+01    0.4278084870E+02
  1    ***    0.12929E-01    0.1678292783E+01    0.4685521525E+02
  1    ***    0.12929E-01    0.1710567645E+01    0.4757307983E+02
  1    ***    0.12929E-01    0.1742842506E+01    0.6703665700E+02
  1    ***    0.12929E-01    0.1775117367E+01    0.6337695848E+02
  1    ***    0.12929E-01    0.1807392228E+01    0.6485951065E+02
  1    ***    0.12929E-01    0.1839667089E+01    0.6396394909E+02
  1    ***    0.12929E-01    0.1871941951E+01    0.6960080934E+02
  1    ***    0.12929E-01    0.1904216812E+01    0.7473154360E+02
  1    ***    0.12929E-01    0.1936491673E+01    0.8335332226E+02
  1    ***    0.12929E-01    0.1968766534E+01    0.1046371408E+03
  1    ***    0.12929E-01    0.2001041396E+01    0.1893421070E+03
  1    ***    0.12929E-01    0.2033316257E+01    0.1154023580E+03
  1    ***    0.12929E-01    0.2065591118E+01    0.8166377981E+02
  1    ***    0.12929E-01    0.2097865979E+01    0.6909051793E+02
  1    ***    0.12929E-01    0.2130140840E+01    0.6627843590E+02
  1    ***    0.12929E-01    0.2162415702E+01    0.6238682305E+02
  1    ***    0.12929E-01    0.2194690563E+01    0.5848979526E+02
  1    ***    0.12929E-01    0.2226965424E+01    0.5625302421E+02
  1    ***    0.12929E-01    0.2259240285E+01    0.6218538576E+02
  1    ***    0.12929E-01    0.2291515147E+01    0.5904941866E+02
  1    ***    0.12929E-01    0.2323790008E+01    0.5604390902E+02
  1    ***    0.12929E-01    0.2356064869E+01    0.5711137930E+02
  1    ***    0.12929E-01    0.2388339730E+01    0.5806665243E+02
  1    ***    0.12929E-01    0.2420614591E+01    0.5571491162E+02
  1    ***    0.12929E-01    0.2452889453E+01    0.5566502105E+02
  1    ***    0.12929E-01    0.2485164314E+01    0.5321974860E+02
  1    ***    0.12929E-01    0.2517439175E+01    0.5675198301E+02
  1    ***    0.12929E-01    0.2549714036E+01    0.5979197781E+02
  1    ***    0.12929E-01    0.2581988897E+01    0.5627238320E+02
  1    ***    0.12929E-01    0.2614263759E+01    0.6205184325E+02
  1    ***    0.12929E-01    0.2646538620E+01    0.6407753763E+02
  1    ***    0.12929E-01    0.2678813481E+01    0.6222668902E+02
  1    ***    0.12929E-01    0.2711088342E+01    0.6699527262E+02
  1    ***    0.12929E-01    0.2743363204E+01    0.7521907464E+02
  1    ***    0.12929E-01    0.2775638065E+01    0.7674581658E+02
  1    ***    0.12929E-01    0.2807912926E+01    0.7373896906E+02
  1    ***    0.12929E-01    0.2840187787E+01    0.7452598460E+02
  1    ***    0.12929E-01    0.2872462648E+01    0.8049751300E+02
  1    ***    0.12929E-01    0.2904737510E+01    0.7874453104E+02
  1    ***    0.12929E-01    0.2937012371E+01    0.8298426664E+02
  1    ***    0.12929E-01    0.2969287232E+01    0.8202167402E+02
  1    ***    0.12929E-01    0.3001562093E+01    0.8664085395E+02
  1    ***    0.12929E-01    0.3033836955E+01    0.7157376521E+02
  1    ***    0.12929E-01    0.3066111816E+01    0.6257062906E+02
  1    ***    0.12929E-01    0.3098386677E+01    0.5855568671E+02
  1    ***    0.12929E-01    0.3130661538E+01    0.6062995188E+02
  1    ***    0.12929E-01    0.3162936399E+01    0.6191992436E+02
  1    ***    0.12929E-01    0.3195211261E+01    0.5991593845E+02
  1    ***    0.12929E-01    0.3227486122E+01    0.5911926328E+02
  1    ***    0.12929E-01    0.3259760983E+01    0.5870331099E+02
  1    ***    0.12929E-01    0.3292035844E+01    0.5826544864E+02
  1    ***    0.12929E-01    0.3324310705E+01    0.5796531719E+02
  1    ***    0.12929E-01    0.3356585567E+01    0.5855671723E+02
  1    ***    0.12929E-01    0.3388860428E+01    0.5985809795E+02
  1    ***    0.12929E-01    0.3421135289E+01    0.6112515304E+02
  1    ***    0.12929E-01    0.3453410150E+01    0.6168935259E+02
  1    ***    0.12929E-01    0.3485685012E+01    0.6338008792E+02
  1    ***    0.12929E-01    0.3517959873E+01    0.6328411260E+02
  1    ***    0.12929E-01    0.3550234734E+01    0.6564567282E+02
  1    ***    0.12929E-01    0.3582509595E+01    0.6336469597E+02
  1    ***    0.12929E-01    0.3614784456E+01    0.6713569445E+02
  1    ***    0.12929E-01    0.3647059318E+01    0.6959018056E+02
  1    ***    0.12929E-01    0.3679334179E+01    0.6690397044E+02
  1    ***    0.12929E-01    0.3711609040E+01    0.6802768768E+02
  1    ***    0.12929E-01    0.3743883901E+01    0.7181291507E+02
  1    ***    0.12929E-01    0.3776158763E+01    0.6975385468E+02
  1    ***    0.12929E-01    0.3808433624E+01    0.7215096327E+02
  1    ***    0.12929E-01    0.3840708485E+01    0.7185153995E+02
  1    ***    0.12929E-01    0.3872983346E+01    0.7344088313E+02
  1    ***    0.12929E-01    0.3905258207E+01    0.7163953621E+02
  1    ***    0.12929E-01    0.3937533069E+01    0.7314577796E+02
  1    ***    0.12929E-01    0.3969807930E+01    0.6732682837E+02
  1    ***    0.12929E-01    0.4002082791E+01    0.6707858926E+02
  1    ***    0.12929E-01    0.4034357652E+01    0.6663798292E+02
  1    ***    0.12929E-01    0.4066632514E+01    0.6411851731E+02
  1    ***    0.12929E-01    0.4098907375E+01    0.6358749524E+02
  1    ***    0.12929E-01    0.4131182236E+01    0.6545350017E+02
  1    ***    0.12929E-01    0.4163457097E+01    0.6515815756E+02
  1    ***    0.12929E-01    0.4195731958E+01    0.6352236333E+02
  1    ***    0.12929E-01    0.4228006820E+01    0.6024910986E+02
  1    ***    0.12929E-01    0.4260281681E+01    0.6249427618E+02
  1    ***    0.12929E-01    0.4292556542E+01    0.6159212216E+02
  1    ***    0.12929E-01    0.4324831403E+01    0.6083319185E+02
  1    ***    0.12929E-01    0.4357106264E+01    0.6568212087E+02
  1    ***    0.12929E-01    0.4389381126E+01    0.6451330936E+02
  1    ***    0.12929E-01    0.4421655987E+01    0.6290642850E+02
  1    ***    0.12929E-01    0.4453930848E+01    0.6074510119E+02
  1    ***    0.12929E-01    0.4486205709E+01    0.6328506156E+02
  1    ***    0.12929E-01    0.4518480571E+01    0.6203551640E+02
  1    ***    0.12929E-01    0.4550755432E+01    0.6453738606E+02
  1    ***    0.12929E-01    0.4583030293E+01    0.6345501957E+02
  1    ***    0.12929E-01    0.4615305154E+01    0.6556156129E+02
  1    ***    0.12929E-01    0.4647580015E+01    0.6558026567E+02
  1    ***    0.12929E-01    0.4679854877E+01    0.6768523797E+02
  1    ***    0.12929E-01    0.4712129738E+01    0.6746506938E+02
  1    ***    0.12929E-01    0.4744404599E+01    0.7083557396E+02
  1    ***    0.12929E-01    0.4776679460E+01    0.6964404506E+02
  1    ***    0.12929E-01    0.4808954322E+01    0.7069780465E+02
  1    ***    0.12929E-01    0.4841229183E+01    0.6734968776E+02
  1    ***    0.12929E-01    0.4873504044E+01    0.6875662743E+02
  1    ***    0.12929E-01    0.4905778905E+01    0.6699845314E+02
  1    ***    0.12929E-01    0.4938053766E+01    0.6546371556E+02
  1    ***    0.12929E-01    0.4970328628E+01    0.6284743572E+02
  1    ***    0.12929E-01    0.5002603489E+01    0.6041006575E+02
  1    ***    0.12929E-01    0.5034878350E+01    0.6225527271E+02
  1    ***    0.12929E-01    0.5067153211E+01    0.6086166381E+02
  1    ***    0.12929E-01    0.5099428073E+01    0.5931760307E+02
  1    ***    0.12929E-01    0.5131702934E+01    0.6168102536E+02
  1    ***    0.12929E-01    0.5163977795E+01    0.6358693992E+02
  1    ***    0.12929E-01    0.5196252656E+01    0.6596412126E+02
  1    ***    0.12929E-01    0.5228527517E+01    0.6402305693E+02
  1    ***    0.12929E-01    0.5260802379E+01    0.6319655921E+02
  1    ***    0.12929E-01    0.5293077240E+01    0.6308415232E+02
  1    ***    0.12929E-01    0.5325352101E+01    0.6348705193E+02
  1    ***    0.12929E-01    0.5357626962E+01    0.6250029040E+02
  1    ***    0.12929E-01    0.5389901823E+01    0.5954325760E+02
  1    ***    0.12929E-01    0.5422176685E+01    0.6146212336E+02
  1    ***    0.12929E-01    0.5454451546E+01    0.6273557268E+02
  1    ***    0.12929E-01    0.5486726407E+01    0.6493747030E+02
  1    ***    0.12929E-01    0.5519001268E+01    0.6173083503E+02
  1    ***    0.12929E-01    0.5551276130E+01    0.6124616296E+02
  1    ***    0.12929E-01    0.5583550991E+01    0.6236142763E+02
  1    ***    0.12929E-01    0.5615825852E+01    0.6352841551E+02
  1    ***    0.12929E-01    0.5648100713E+01    0.6379477357E+02
  1    ***    0.12929E-01    0.5680375574E+01    0.6345448635E+02
  1    ***    0.12929E-01    0.5712650436E+01    0.6418570070E+02
  1    ***    0.12929E-01    0.5744925297E+01    0.6337074611E+02
  1    ***    0.12929E-01    0.5777200158E+01    0.6413418148E+02
  1    ***    0.12929E-01    0.5809475019E+01    0.6542252350E+02
  1    ***    0.12929E-01    0.5841749881E+01    0.6368878228E+02
  1    ***    0.12929E-01    0.5874024742E+01    0.6455570020E+02
  1    ***    0.12929E-01    0.5906299603E+01    0.6695914441E+02
  1    ***    0.12929E-01    0.5938574464E+01    0.6623343541E+02
  1    ***    0.12929E-01    0.5970849325E+01    0.6054133267E+02
  1    ***    0.12929E-01    0.6003124187E+01    0.5858411947E+02
  1    ***    0.12929E-01    0.6035399048E+01    0.6283590761E+02
  1    ***    0.12929E-01    0.6067673909E+01    0.6497256514E+02
  1    ***    0.12929E-01    0.6099948770E+01    0.6717301127E+02
  1    ***    0.12929E-01    0.6132223631E+01    0.6421696186E+02
  1    ***    0.12929E-01    0.6164498493E+01    0.6649986443E+02
  1    ***    0.12929E-01    0.6196773354E+01    0.6549304862E+02
  1    ***    0.12929E-01    0.6229048215E+01    0.6272937061E+02
  1    ***    0.12929E-01    0.6261323076E+01    0.6272629422E+02
  1    ***    0.12929E-01    0.6293597938E+01    0.6589685631E+02
  1    ***    0.12929E-01    0.6325872799E+01    0.6600265392E+02
  1    ***    0.12929E-01    0.6358147660E+01    0.6823268042E+02
  1    ***    0.12929E-01    0.6390422521E+01    0.6567466273E+02
  1    ***    0.12929E-01    0.6422697382E+01    0.6531301935E+02
  1    ***    0.12929E-01    0.6454972244E+01    0.6339265038E+02
