   3.4334783976509708       -7.6304588470085735     
   12.259967613611620       -1.9235055383102257     
  -9.7042795063465750       -1.6575522760028591     
   2.5244280068188285        5.6678707313678203     
   1.7219044030291739       -11.517097789851563     
  -7.5128388393227095        3.0469167633685883     
   12.321587507910909      -0.82423834820672448     
   2.1186816747583062        3.9858190601882812     
   1.8258870751594649       -10.063843074770217     
  -5.0596364675529903        10.796099004031907     
   1.1577529831689661        7.4268046036021502     
   5.8954164120550603        8.6139541893071030     
  -7.4043918492435017        4.8970445193617413     
   11.855384690057770        6.1349416141936917E-002
  -5.5887052410905422       0.96150848959536461     
   11.884957903677254        3.5672398030690871     
  -5.2289482897543884        3.2268619870042263     
   9.7565173732541286        5.9776405706331648     
   5.8497484793691674       -3.7313158663935750     
   6.3840518607449459       -9.4568533950863998     
  -2.6419595058355148        2.0425836469723011     
   6.0739809905728013       -10.809694971311259     
   2.8440283053957032        2.1992324496014910     
  -4.5496264960280097       -11.458576485968448     
  0.26096587362435036        8.0412360940409346     
 -0.21458819914852612        3.8019575020154504     
  -3.9315079911873658        4.3811540407721985     
   9.5998318535969435E-002  -7.5944217799135076     
   4.4838373375551792E-002  -11.439704446201423     
   11.043708572253358       -3.3405986924941988     
   1.8902841329519633       -6.3160163883147389     
  -1.4987803299997904       -9.2483576162168131     
  -4.6465331849856728        1.3031996242054158     
  -2.8372596794059488       -10.490489075280575     
  -7.1611514916944019       -7.0635523616562723E-002
  0.58177148134292744       -3.9300863881020511     
   11.558698977003386        4.5162616048829909     
   2.9054457588813132        6.9960262527374812     
   1.9609476517576148       -3.9666081918939442     
  -1.3580589679843362       -3.3026073998579428     
   6.5919264449483705       -1.9352909330893364     
 -0.70107716801169806       -6.9889456612217593     
  -8.7575636411540767       -6.3527661686080457     
   10.995022051941964      -0.45183326583915018     
   9.8206662920070702       -6.0876576135121931     
   5.4479017587477223       -2.0814534549458998     
   4.5604621254444409        5.1684835002856921     
  -6.8859715164083397        5.7612078592348315     
  -4.7194478152623383       -2.7498845575673463     
  -6.5653906061245291       0.73421718258174040     
   9.7000774825888705        2.4558189072900354     
  -7.9610127113985873       -1.7142984416182279     
  -5.2624906605730546       -10.357496598368597     
   9.0505246814164781        1.6944144171241013     
  0.28166758052275048        1.6502617835255409     
  -5.8092536117679296        4.6418319535081407     
  -10.685373027909456       -1.9246285773162874     
 -0.55165420989605540        8.6895229339177273     
   1.6662285644397345       -1.1833502564439820     
  -5.4676880325991819       -5.5152338701862451     
 -0.77123819265080995        1.7186665866624584     
   10.142176201365805      -0.97404072483691972     
  -3.5602827706824174       -9.7669712347712139     
  -9.3077910373032342       -5.4559958728820162     
  -10.426984127088902        1.7634254083271024     
  -7.0195446534106223        7.3728586743883753     
   1.6842220968221868        10.424924920466278     
   10.303750361943774       -5.2113536290285154     
   6.8258799205556748        8.2485563306630461     
   1.4390714631606334      -0.20809926643537566     
   2.5205322488143929       -7.0947079254910657     
   10.761940629772289        2.4782832061111799     
  -9.4070551464878669        1.7867464906176784     
  -3.6729421909565239        5.4626177574690109     
   4.3381386912346498       -7.2027797154719204     
  -7.1466929378065842       -1.1303980896018657     
  -3.0594477266052644       -1.6226442295469579     
  -1.0099129063723380        4.4421457244046536     
   3.6277167451815453       0.38555596081003313     
   9.2565075168853070        8.1305320493769564     
   2.9407924394773919       -4.2218279865420376     
  -9.9679089139264470       -2.6232803632317228     
   6.6961223880561995        4.0984857576182527     
   3.5030882681222835        10.080892656459481     
  -5.0396382111168778       -8.0885845830238843     
   8.8787614286615018       -3.2923532925975820     
   2.2519756080223603        11.317609656512445     
   11.300110287632334       -5.1273036519916957     
  -5.8864593152814155        5.6408465438868207     
  -11.304310679535771       0.86281853124877828     
   3.2118695860036963        11.037990223400913     
 -0.99108831373666051        3.1719121049238241     
  -2.7636429855237385        8.7593162178954138     
   1.5833782779638221        12.308052422480859     
  -5.4824914306817112      -0.95591384457858819     
   3.9828855035704405        4.1848075316694286     
  -4.9111095076248228       0.21959002059107563     
  -5.3234777270008227       -1.9532170605510781     
   3.4641917426192510       -3.1747765384674449     
 -0.41422771779993589        12.337719955807511     
  -6.4609332824636896       -5.6488841165544601     
   6.5483692143002177        9.3716539763808591     
  -8.1975036815305806        1.5249305829799760     
   5.2384880742249305       -6.7644757856850495     
   2.9709784944381576        8.0046460100449703     
   6.9868441015823155       -5.4265451351137619     
  -5.4135152170794871        1.9459746884984290     
 -0.97655337211330684       -2.3626521127636746     
   5.0866610989209091       -10.967353437248113     
  -1.0208516831216135        9.6274880285773303     
   10.499062120399294        5.2833668953757282     
  -10.014151224540402        5.6711208844444467     
   6.8533429493642792       -6.4169143870329677     
   9.7488714312526277       -4.3800013380516321     
  -3.8734390135991617        9.2701938350041271     
  0.68228191158031537       -8.4050699528929407     
   7.6870003520821033        4.2428145394902632     
   4.3349820955462510       -11.626915160798001     
  0.73546824695506940        5.5773095998800040     
   8.4725958176299727       -7.7305019079403037     
  0.81258448014944218       -9.7235224278409387     
  -7.7526784468765575       -3.7033696863708760     
   7.7532031349590618       -4.2750083405866954     
   2.5284503392307518       -9.2804393662620406     
  -11.103667511695823      -0.11799719040796691     
  -10.032578970932306        3.8296379987097504     
  0.88780463304145651       -12.073975482820730     
   10.179225177731118       0.20052323814560796     
  -5.9615304463409524       -3.5690571572806338     
 -0.92133551540681458       0.72506636505225408     
   1.6798912940172313       -8.5947506846989707     
   9.3539628819946472        3.9007399027765630     
   8.0085694908992888       -8.6205552037418194     
  -7.0704789894101587       -2.1697177399581431     
   6.7608048283038160        10.350828187843607     
  -8.8112457701094975        5.7373860880813154     
   8.6501221200577501       -2.2965354075846052     
   10.265715962123359        4.3107661910671684     
  -10.521066613153435      -0.93720256158492010     
  -1.8219850640760700        2.6154492647755192     
  0.19288598639970159       -6.1651057043391058     
 -0.15063126107527874        6.9319053107744137     
   5.6273319709242768        10.710732242836832     
   4.2287894590723871        9.3690917176690842     
 -0.80875347439872658        11.419097936897430     
  -2.7693491475665950        4.2528647462316860     
  -10.769020410713589       -4.8963972428828964     
  -9.7001025666520277        2.8293744936426948     
   6.4417886269378961        6.9751777058540902     
   3.5914863045188281       -9.6173501244772357     
  -2.9631529201041040        6.2111016066468094     
  -9.9808910154825980       0.86493480584263294     
   5.1279529739220671       -5.1664636623552473     
  -5.2495359111666922        9.8062854401309991     
  -3.8207206209616458        6.8788496194217288     
  0.68857776834396089        4.2373346251511466     
   2.2105931738491503E-002  -2.1812089592177784     
  -8.8635352721445901        7.9860258918406428     
  -5.8541216092584643       -6.4431769598634601     
  -4.9709889230674937       -3.7222796978798360     
  -2.8734364453290060        7.2115959439267909     
   6.4106928452643235        5.9754081968078490     
  -1.7023177115106207        1.3513920907941690     
  -6.6577848661394068        9.0039917364724715     
  -1.4680803483480616        10.665828718085603     
  0.58562620507254581        12.395983116405805     
  -4.4930541169931857       -5.2616146754867632     
   10.827848642786392       -6.0627034034683360     
   5.3820464349829225       -7.7642365156786921     
  -4.5149649421880884        7.9196977752198769     
   7.3888259252809547       -9.4053769895414376     
   3.2469121744594331       -2.1975631483199680     
   1.2523493544169779        11.335817837922470     
  -2.0126764342515804        9.4737875151833446     
   3.0750299188294687        1.2246174409556332     
  -8.9795956397062486       0.88034168899427001     
  -8.3216702628289401       -5.2908106101493457     
   10.254608897131314       -6.9873138420994207     
   6.4477198654673575       -2.9280208601071873     
   10.715391723738804        6.2599602543577380     
   4.7065019955427640       -1.4111449009484396     
  -5.2896578172981048       -9.0910812602949598     
   3.8831885082289586        11.779669491081295     
  -2.4760792883192320       -3.8453340437732306     
   5.7152591800499390        3.8894841968874507     
  -8.8275370141162988       -2.2135767137250113     
  -6.2435562858438232        9.9136043051276062     
   11.352607102704610       -2.3462605356758393     
  -8.8603781202358700        3.3766610427085810     
  -3.2512716168854454        3.3730985286791921     
  -3.2742271717206606       -5.4065944946177025     
 -0.48531955126474580        10.473256727297475     
  -1.6129385230970474        5.4211605595173395     
  -2.1206392358971264       -1.9750244520040694     
  0.10854387859249920       -10.433601837326490     
   3.9310015630770070       -4.0653867394109930     
   8.2420494810321312       0.29817589380976650     
  -2.4083233509924247       -7.5637009698046143     
  -6.1039498318455525       -2.5789098248981372     
   1.2509674349277038       -4.6719508015138462     


