  7    ***    0.12929E-01    0.3227486122E-01    0.0000000000E+00
  7    ***    0.12929E-01    0.6454972244E-01    0.0000000000E+00
  7    ***    0.12929E-01    0.9682458366E-01    0.0000000000E+00
  7    ***    0.12929E-01    0.1290994449E+00    0.0000000000E+00
  7    ***    0.12929E-01    0.1613743061E+00    0.0000000000E+00
  7    ***    0.12929E-01    0.1936491673E+00    0.0000000000E+00
  7    ***    0.12929E-01    0.2259240285E+00    0.0000000000E+00
  7    ***    0.12929E-01    0.2581988897E+00    0.0000000000E+00
  7    ***    0.12929E-01    0.2904737510E+00    0.0000000000E+00
  7    ***    0.12929E-01    0.3227486122E+00    0.0000000000E+00
  7    ***    0.12929E-01    0.3550234734E+00    0.0000000000E+00
  7    ***    0.12929E-01    0.3872983346E+00    0.0000000000E+00
  7    ***    0.12929E-01    0.4195731958E+00    0.0000000000E+00
  7    ***    0.12929E-01    0.4518480571E+00    0.0000000000E+00
  7    ***    0.12929E-01    0.4841229183E+00    0.0000000000E+00
  7    ***    0.12929E-01    0.5163977795E+00    0.0000000000E+00
  7    ***    0.12929E-01    0.5486726407E+00    0.0000000000E+00
  7    ***    0.12929E-01    0.5809475019E+00    0.0000000000E+00
  7    ***    0.12929E-01    0.6132223631E+00    0.0000000000E+00
  7    ***    0.12929E-01    0.6454972244E+00    0.0000000000E+00
  7    ***    0.12929E-01    0.6777720856E+00    0.0000000000E+00
  7    ***    0.12929E-01    0.7100469468E+00    0.0000000000E+00
  7    ***    0.12929E-01    0.7423218080E+00    0.0000000000E+00
  7    ***    0.12929E-01    0.7745966692E+00    0.0000000000E+00
  7    ***    0.12929E-01    0.8068715305E+00    0.0000000000E+00
  7    ***    0.12929E-01    0.8391463917E+00    0.0000000000E+00
  7    ***    0.12929E-01    0.8714212529E+00    0.0000000000E+00
  7    ***    0.12929E-01    0.9036961141E+00    0.0000000000E+00
  7    ***    0.12929E-01    0.9359709753E+00    0.0000000000E+00
  7    ***    0.12929E-01    0.9682458366E+00    0.0000000000E+00
  7    ***    0.12929E-01    0.1000520698E+01    0.3203153428E+04
  7    ***    0.12929E-01    0.1032795559E+01    0.4079637351E+04
  7    ***    0.12929E-01    0.1065070420E+01    0.7545413425E+03
  7    ***    0.12929E-01    0.1097345281E+01    0.5929419549E+03
  7    ***    0.12929E-01    0.1129620143E+01    0.5164111971E+03
  7    ***    0.12929E-01    0.1161895004E+01    0.4721674355E+03
  7    ***    0.12929E-01    0.1194169865E+01    0.4259387435E+03
  7    ***    0.12929E-01    0.1226444726E+01    0.3993150837E+03
  7    ***    0.12929E-01    0.1258719588E+01    0.3895253157E+03
  7    ***    0.12929E-01    0.1290994449E+01    0.3753058903E+03
  7    ***    0.12929E-01    0.1323269310E+01    0.3491128518E+03
  7    ***    0.12929E-01    0.1355544171E+01    0.3388596656E+03
  7    ***    0.12929E-01    0.1387819032E+01    0.3301674912E+03
  7    ***    0.12929E-01    0.1420093894E+01    0.3326462708E+03
  7    ***    0.12929E-01    0.1452368755E+01    0.3167476642E+03
  7    ***    0.12929E-01    0.1484643616E+01    0.2981227432E+03
  7    ***    0.12929E-01    0.1516918477E+01    0.2993345097E+03
  7    ***    0.12929E-01    0.1549193338E+01    0.2988440639E+03
  7    ***    0.12929E-01    0.1581468200E+01    0.2996969617E+03
  7    ***    0.12929E-01    0.1613743061E+01    0.3013385033E+03
  7    ***    0.12929E-01    0.1646017922E+01    0.3048917063E+03
  7    ***    0.12929E-01    0.1678292783E+01    0.3254746400E+03
  7    ***    0.12929E-01    0.1710567645E+01    0.3603098146E+03
  7    ***    0.12929E-01    0.1742842506E+01    0.4391177101E+03
  7    ***    0.12929E-01    0.1775117367E+01    0.4565159504E+03
  7    ***    0.12929E-01    0.1807392228E+01    0.4549525776E+03
  7    ***    0.12929E-01    0.1839667089E+01    0.4666772227E+03
  7    ***    0.12929E-01    0.1871941951E+01    0.5024756826E+03
  7    ***    0.12929E-01    0.1904216812E+01    0.5303989472E+03
  7    ***    0.12929E-01    0.1936491673E+01    0.5823776279E+03
  7    ***    0.12929E-01    0.1968766534E+01    0.7051011191E+03
  7    ***    0.12929E-01    0.2001041396E+01    0.1150263237E+04
  7    ***    0.12929E-01    0.2033316257E+01    0.7672684099E+03
  7    ***    0.12929E-01    0.2065591118E+01    0.5495101365E+03
  7    ***    0.12929E-01    0.2097865979E+01    0.5016682247E+03
  7    ***    0.12929E-01    0.2130140840E+01    0.4667482345E+03
  7    ***    0.12929E-01    0.2162415702E+01    0.4450556176E+03
  7    ***    0.12929E-01    0.2194690563E+01    0.4356252347E+03
  7    ***    0.12929E-01    0.2226965424E+01    0.4419349404E+03
  7    ***    0.12929E-01    0.2259240285E+01    0.4264454795E+03
  7    ***    0.12929E-01    0.2291515147E+01    0.4193418956E+03
  7    ***    0.12929E-01    0.2323790008E+01    0.4155284033E+03
  7    ***    0.12929E-01    0.2356064869E+01    0.4074928525E+03
  7    ***    0.12929E-01    0.2388339730E+01    0.4067298764E+03
  7    ***    0.12929E-01    0.2420614591E+01    0.3999852121E+03
  7    ***    0.12929E-01    0.2452889453E+01    0.3974935810E+03
  7    ***    0.12929E-01    0.2485164314E+01    0.3920978626E+03
  7    ***    0.12929E-01    0.2517439175E+01    0.3886814251E+03
  7    ***    0.12929E-01    0.2549714036E+01    0.3909186014E+03
  7    ***    0.12929E-01    0.2581988897E+01    0.3984422980E+03
  7    ***    0.12929E-01    0.2614263759E+01    0.4094358777E+03
  7    ***    0.12929E-01    0.2646538620E+01    0.4185599249E+03
  7    ***    0.12929E-01    0.2678813481E+01    0.4334879071E+03
  7    ***    0.12929E-01    0.2711088342E+01    0.4471800262E+03
  7    ***    0.12929E-01    0.2743363204E+01    0.4756762667E+03
  7    ***    0.12929E-01    0.2775638065E+01    0.4815615334E+03
  7    ***    0.12929E-01    0.2807912926E+01    0.4906078997E+03
  7    ***    0.12929E-01    0.2840187787E+01    0.4999480569E+03
  7    ***    0.12929E-01    0.2872462648E+01    0.4962670526E+03
  7    ***    0.12929E-01    0.2904737510E+01    0.5018527014E+03
  7    ***    0.12929E-01    0.2937012371E+01    0.5186263424E+03
  7    ***    0.12929E-01    0.2969287232E+01    0.5439390657E+03
  7    ***    0.12929E-01    0.3001562093E+01    0.5509754865E+03
  7    ***    0.12929E-01    0.3033836955E+01    0.4828124354E+03
  7    ***    0.12929E-01    0.3066111816E+01    0.4589914035E+03
  7    ***    0.12929E-01    0.3098386677E+01    0.4520413687E+03
  7    ***    0.12929E-01    0.3130661538E+01    0.4411610095E+03
  7    ***    0.12929E-01    0.3162936399E+01    0.4272130027E+03
  7    ***    0.12929E-01    0.3195211261E+01    0.4262056271E+03
  7    ***    0.12929E-01    0.3227486122E+01    0.4217378856E+03
  7    ***    0.12929E-01    0.3259760983E+01    0.4276868641E+03
  7    ***    0.12929E-01    0.3292035844E+01    0.4280995132E+03
  7    ***    0.12929E-01    0.3324310705E+01    0.4191827549E+03
  7    ***    0.12929E-01    0.3356585567E+01    0.4110091061E+03
  7    ***    0.12929E-01    0.3388860428E+01    0.4069980263E+03
  7    ***    0.12929E-01    0.3421135289E+01    0.3987182823E+03
  7    ***    0.12929E-01    0.3453410150E+01    0.4066141296E+03
  7    ***    0.12929E-01    0.3485685012E+01    0.4067165337E+03
  7    ***    0.12929E-01    0.3517959873E+01    0.4123840994E+03
  7    ***    0.12929E-01    0.3550234734E+01    0.4126179835E+03
  7    ***    0.12929E-01    0.3582509595E+01    0.4101006632E+03
  7    ***    0.12929E-01    0.3614784456E+01    0.4138679414E+03
  7    ***    0.12929E-01    0.3647059318E+01    0.4216697748E+03
  7    ***    0.12929E-01    0.3679334179E+01    0.4263277150E+03
  7    ***    0.12929E-01    0.3711609040E+01    0.4315003257E+03
  7    ***    0.12929E-01    0.3743883901E+01    0.4436914614E+03
  7    ***    0.12929E-01    0.3776158763E+01    0.4477606425E+03
  7    ***    0.12929E-01    0.3808433624E+01    0.4489085044E+03
  7    ***    0.12929E-01    0.3840708485E+01    0.4535440428E+03
  7    ***    0.12929E-01    0.3872983346E+01    0.4498765518E+03
  7    ***    0.12929E-01    0.3905258207E+01    0.4594397725E+03
  7    ***    0.12929E-01    0.3937533069E+01    0.4620549630E+03
  7    ***    0.12929E-01    0.3969807930E+01    0.4517391542E+03
  7    ***    0.12929E-01    0.4002082791E+01    0.4464730447E+03
  7    ***    0.12929E-01    0.4034357652E+01    0.4399334092E+03
  7    ***    0.12929E-01    0.4066632514E+01    0.4279545799E+03
  7    ***    0.12929E-01    0.4098907375E+01    0.4169542457E+03
  7    ***    0.12929E-01    0.4131182236E+01    0.4152178955E+03
  7    ***    0.12929E-01    0.4163457097E+01    0.4082927469E+03
  7    ***    0.12929E-01    0.4195731958E+01    0.4110705488E+03
  7    ***    0.12929E-01    0.4228006820E+01    0.4116124898E+03
  7    ***    0.12929E-01    0.4260281681E+01    0.4034474932E+03
  7    ***    0.12929E-01    0.4292556542E+01    0.3995800456E+03
  7    ***    0.12929E-01    0.4324831403E+01    0.3959155055E+03
  7    ***    0.12929E-01    0.4357106264E+01    0.3996438603E+03
  7    ***    0.12929E-01    0.4389381126E+01    0.3960103865E+03
  7    ***    0.12929E-01    0.4421655987E+01    0.3953926477E+03
  7    ***    0.12929E-01    0.4453930848E+01    0.3993545927E+03
  7    ***    0.12929E-01    0.4486205709E+01    0.3984053870E+03
  7    ***    0.12929E-01    0.4518480571E+01    0.4093058977E+03
  7    ***    0.12929E-01    0.4550755432E+01    0.4038915204E+03
  7    ***    0.12929E-01    0.4583030293E+01    0.4056010298E+03
  7    ***    0.12929E-01    0.4615305154E+01    0.4108176637E+03
  7    ***    0.12929E-01    0.4647580015E+01    0.4123131174E+03
  7    ***    0.12929E-01    0.4679854877E+01    0.4075071451E+03
  7    ***    0.12929E-01    0.4712129738E+01    0.4006390428E+03
  7    ***    0.12929E-01    0.4744404599E+01    0.4024584181E+03
  7    ***    0.12929E-01    0.4776679460E+01    0.4016289556E+03
  7    ***    0.12929E-01    0.4808954322E+01    0.4037052479E+03
  7    ***    0.12929E-01    0.4841229183E+01    0.4075661074E+03
  7    ***    0.12929E-01    0.4873504044E+01    0.3990713436E+03
  7    ***    0.12929E-01    0.4905778905E+01    0.4064550413E+03
  7    ***    0.12929E-01    0.4938053766E+01    0.3950398932E+03
  7    ***    0.12929E-01    0.4970328628E+01    0.4007610635E+03
  7    ***    0.12929E-01    0.5002603489E+01    0.3977188286E+03
  7    ***    0.12929E-01    0.5034878350E+01    0.4003359898E+03
  7    ***    0.12929E-01    0.5067153211E+01    0.3930201657E+03
  7    ***    0.12929E-01    0.5099428073E+01    0.3850405728E+03
  7    ***    0.12929E-01    0.5131702934E+01    0.3926429764E+03
  7    ***    0.12929E-01    0.5163977795E+01    0.4022063938E+03
  7    ***    0.12929E-01    0.5196252656E+01    0.3926559695E+03
  7    ***    0.12929E-01    0.5228527517E+01    0.3838356023E+03
  7    ***    0.12929E-01    0.5260802379E+01    0.3842879841E+03
  7    ***    0.12929E-01    0.5293077240E+01    0.3933134296E+03
  7    ***    0.12929E-01    0.5325352101E+01    0.3903094539E+03
  7    ***    0.12929E-01    0.5357626962E+01    0.3817102916E+03
  7    ***    0.12929E-01    0.5389901823E+01    0.3878050594E+03
  7    ***    0.12929E-01    0.5422176685E+01    0.3842492519E+03
  7    ***    0.12929E-01    0.5454451546E+01    0.3898818169E+03
  7    ***    0.12929E-01    0.5486726407E+01    0.3871609718E+03
  7    ***    0.12929E-01    0.5519001268E+01    0.3918620596E+03
  7    ***    0.12929E-01    0.5551276130E+01    0.3904502282E+03
  7    ***    0.12929E-01    0.5583550991E+01    0.3883993243E+03
  7    ***    0.12929E-01    0.5615825852E+01    0.3882096364E+03
  7    ***    0.12929E-01    0.5648100713E+01    0.3896390274E+03
  7    ***    0.12929E-01    0.5680375574E+01    0.3845749309E+03
  7    ***    0.12929E-01    0.5712650436E+01    0.3759728492E+03
  7    ***    0.12929E-01    0.5744925297E+01    0.3821641047E+03
  7    ***    0.12929E-01    0.5777200158E+01    0.3856268099E+03
  7    ***    0.12929E-01    0.5809475019E+01    0.3873882741E+03
  7    ***    0.12929E-01    0.5841749881E+01    0.3848696297E+03
  7    ***    0.12929E-01    0.5874024742E+01    0.3775691905E+03
  7    ***    0.12929E-01    0.5906299603E+01    0.3715040902E+03
  7    ***    0.12929E-01    0.5938574464E+01    0.3661045926E+03
  7    ***    0.12929E-01    0.5970849325E+01    0.3690890256E+03
  7    ***    0.12929E-01    0.6003124187E+01    0.3742541785E+03
  7    ***    0.12929E-01    0.6035399048E+01    0.3723457628E+03
  7    ***    0.12929E-01    0.6067673909E+01    0.3751187789E+03
  7    ***    0.12929E-01    0.6099948770E+01    0.3784027399E+03
  7    ***    0.12929E-01    0.6132223631E+01    0.3780936900E+03
  7    ***    0.12929E-01    0.6164498493E+01    0.3717404981E+03
  7    ***    0.12929E-01    0.6196773354E+01    0.3782990826E+03
  7    ***    0.12929E-01    0.6229048215E+01    0.3767889517E+03
  7    ***    0.12929E-01    0.6261323076E+01    0.3809953841E+03
  7    ***    0.12929E-01    0.6293597938E+01    0.3694685856E+03
  7    ***    0.12929E-01    0.6325872799E+01    0.3598051211E+03
  7    ***    0.12929E-01    0.6358147660E+01    0.3644588261E+03
  7    ***    0.12929E-01    0.6390422521E+01    0.3675284919E+03
  7    ***    0.12929E-01    0.6422697382E+01    0.3717064097E+03
  7    ***    0.12929E-01    0.6454972244E+01    0.3656922673E+03
