  4    ***    0.12929E-01    0.3227486122E-01    0.0000000000E+00
  4    ***    0.12929E-01    0.6454972244E-01    0.0000000000E+00
  4    ***    0.12929E-01    0.9682458366E-01    0.0000000000E+00
  4    ***    0.12929E-01    0.1290994449E+00    0.0000000000E+00
  4    ***    0.12929E-01    0.1613743061E+00    0.0000000000E+00
  4    ***    0.12929E-01    0.1936491673E+00    0.0000000000E+00
  4    ***    0.12929E-01    0.2259240285E+00    0.0000000000E+00
  4    ***    0.12929E-01    0.2581988897E+00    0.0000000000E+00
  4    ***    0.12929E-01    0.2904737510E+00    0.0000000000E+00
  4    ***    0.12929E-01    0.3227486122E+00    0.0000000000E+00
  4    ***    0.12929E-01    0.3550234734E+00    0.0000000000E+00
  4    ***    0.12929E-01    0.3872983346E+00    0.0000000000E+00
  4    ***    0.12929E-01    0.4195731958E+00    0.0000000000E+00
  4    ***    0.12929E-01    0.4518480571E+00    0.0000000000E+00
  4    ***    0.12929E-01    0.4841229183E+00    0.0000000000E+00
  4    ***    0.12929E-01    0.5163977795E+00    0.0000000000E+00
  4    ***    0.12929E-01    0.5486726407E+00    0.0000000000E+00
  4    ***    0.12929E-01    0.5809475019E+00    0.0000000000E+00
  4    ***    0.12929E-01    0.6132223631E+00    0.0000000000E+00
  4    ***    0.12929E-01    0.6454972244E+00    0.0000000000E+00
  4    ***    0.12929E-01    0.6777720856E+00    0.0000000000E+00
  4    ***    0.12929E-01    0.7100469468E+00    0.0000000000E+00
  4    ***    0.12929E-01    0.7423218080E+00    0.0000000000E+00
  4    ***    0.12929E-01    0.7745966692E+00    0.0000000000E+00
  4    ***    0.12929E-01    0.8068715305E+00    0.0000000000E+00
  4    ***    0.12929E-01    0.8391463917E+00    0.0000000000E+00
  4    ***    0.12929E-01    0.8714212529E+00    0.0000000000E+00
  4    ***    0.12929E-01    0.9036961141E+00    0.0000000000E+00
  4    ***    0.12929E-01    0.9359709753E+00    0.0000000000E+00
  4    ***    0.12929E-01    0.9682458366E+00    0.0000000000E+00
  4    ***    0.12929E-01    0.1000520698E+01    0.4659472296E+03
  4    ***    0.12929E-01    0.1032795559E+01    0.7875815200E+03
  4    ***    0.12929E-01    0.1065070420E+01    0.1436057500E+03
  4    ***    0.12929E-01    0.1097345281E+01    0.9833210000E+02
  4    ***    0.12929E-01    0.1129620143E+01    0.6022976629E+02
  4    ***    0.12929E-01    0.1161895004E+01    0.4527711553E+02
  4    ***    0.12929E-01    0.1194169865E+01    0.3767393721E+02
  4    ***    0.12929E-01    0.1226444726E+01    0.4096096498E+02
  4    ***    0.12929E-01    0.1258719588E+01    0.3952664685E+02
  4    ***    0.12929E-01    0.1290994449E+01    0.3886120494E+02
  4    ***    0.12929E-01    0.1323269310E+01    0.4393776760E+02
  4    ***    0.12929E-01    0.1355544171E+01    0.3860830465E+02
  4    ***    0.12929E-01    0.1387819032E+01    0.3439244700E+02
  4    ***    0.12929E-01    0.1420093894E+01    0.3849573906E+02
  4    ***    0.12929E-01    0.1452368755E+01    0.3543325511E+02
  4    ***    0.12929E-01    0.1484643616E+01    0.3637827271E+02
  4    ***    0.12929E-01    0.1516918477E+01    0.4004269914E+02
  4    ***    0.12929E-01    0.1549193338E+01    0.3630475030E+02
  4    ***    0.12929E-01    0.1581468200E+01    0.3635427055E+02
  4    ***    0.12929E-01    0.1613743061E+01    0.3967362977E+02
  4    ***    0.12929E-01    0.1646017922E+01    0.4191353305E+02
  4    ***    0.12929E-01    0.1678292783E+01    0.3922072260E+02
  4    ***    0.12929E-01    0.1710567645E+01    0.4487623721E+02
  4    ***    0.12929E-01    0.1742842506E+01    0.6539929475E+02
  4    ***    0.12929E-01    0.1775117367E+01    0.7416094699E+02
  4    ***    0.12929E-01    0.1807392228E+01    0.7401765887E+02
  4    ***    0.12929E-01    0.1839667089E+01    0.7350085131E+02
  4    ***    0.12929E-01    0.1871941951E+01    0.7526949323E+02
  4    ***    0.12929E-01    0.1904216812E+01    0.8886994374E+02
  4    ***    0.12929E-01    0.1936491673E+01    0.9862363721E+02
  4    ***    0.12929E-01    0.1968766534E+01    0.1124154769E+03
  4    ***    0.12929E-01    0.2001041396E+01    0.1734255775E+03
  4    ***    0.12929E-01    0.2033316257E+01    0.1173580539E+03
  4    ***    0.12929E-01    0.2065591118E+01    0.7901704564E+02
  4    ***    0.12929E-01    0.2097865979E+01    0.7131720662E+02
  4    ***    0.12929E-01    0.2130140840E+01    0.6660500727E+02
  4    ***    0.12929E-01    0.2162415702E+01    0.6496010718E+02
  4    ***    0.12929E-01    0.2194690563E+01    0.6478242804E+02
  4    ***    0.12929E-01    0.2226965424E+01    0.6413409818E+02
  4    ***    0.12929E-01    0.2259240285E+01    0.6038269841E+02
  4    ***    0.12929E-01    0.2291515147E+01    0.6006078624E+02
  4    ***    0.12929E-01    0.2323790008E+01    0.6194176829E+02
  4    ***    0.12929E-01    0.2356064869E+01    0.5829154065E+02
  4    ***    0.12929E-01    0.2388339730E+01    0.5576615976E+02
  4    ***    0.12929E-01    0.2420614591E+01    0.5587898007E+02
  4    ***    0.12929E-01    0.2452889453E+01    0.5712207928E+02
  4    ***    0.12929E-01    0.2485164314E+01    0.5602919743E+02
  4    ***    0.12929E-01    0.2517439175E+01    0.5357134848E+02
  4    ***    0.12929E-01    0.2549714036E+01    0.5500394833E+02
  4    ***    0.12929E-01    0.2581988897E+01    0.5515769801E+02
  4    ***    0.12929E-01    0.2614263759E+01    0.6077385872E+02
  4    ***    0.12929E-01    0.2646538620E+01    0.6652715678E+02
  4    ***    0.12929E-01    0.2678813481E+01    0.6605412426E+02
  4    ***    0.12929E-01    0.2711088342E+01    0.7074027420E+02
  4    ***    0.12929E-01    0.2743363204E+01    0.7738885564E+02
  4    ***    0.12929E-01    0.2775638065E+01    0.7706747710E+02
  4    ***    0.12929E-01    0.2807912926E+01    0.7886136630E+02
  4    ***    0.12929E-01    0.2840187787E+01    0.8256994826E+02
  4    ***    0.12929E-01    0.2872462648E+01    0.8624075850E+02
  4    ***    0.12929E-01    0.2904737510E+01    0.9052377510E+02
  4    ***    0.12929E-01    0.2937012371E+01    0.8640583412E+02
  4    ***    0.12929E-01    0.2969287232E+01    0.9127248986E+02
  4    ***    0.12929E-01    0.3001562093E+01    0.9477857523E+02
  4    ***    0.12929E-01    0.3033836955E+01    0.7821912241E+02
  4    ***    0.12929E-01    0.3066111816E+01    0.7052534469E+02
  4    ***    0.12929E-01    0.3098386677E+01    0.6740836794E+02
  4    ***    0.12929E-01    0.3130661538E+01    0.6514764328E+02
  4    ***    0.12929E-01    0.3162936399E+01    0.6347654132E+02
  4    ***    0.12929E-01    0.3195211261E+01    0.6536566223E+02
  4    ***    0.12929E-01    0.3227486122E+01    0.6691993491E+02
  4    ***    0.12929E-01    0.3259760983E+01    0.6191618212E+02
  4    ***    0.12929E-01    0.3292035844E+01    0.6064383503E+02
  4    ***    0.12929E-01    0.3324310705E+01    0.6393774229E+02
  4    ***    0.12929E-01    0.3356585567E+01    0.6251298619E+02
  4    ***    0.12929E-01    0.3388860428E+01    0.6438083975E+02
  4    ***    0.12929E-01    0.3421135289E+01    0.6244787394E+02
  4    ***    0.12929E-01    0.3453410150E+01    0.6338222320E+02
  4    ***    0.12929E-01    0.3485685012E+01    0.6464977424E+02
  4    ***    0.12929E-01    0.3517959873E+01    0.6375350966E+02
  4    ***    0.12929E-01    0.3550234734E+01    0.6562706841E+02
  4    ***    0.12929E-01    0.3582509595E+01    0.6575216415E+02
  4    ***    0.12929E-01    0.3614784456E+01    0.6770208621E+02
  4    ***    0.12929E-01    0.3647059318E+01    0.6946342249E+02
  4    ***    0.12929E-01    0.3679334179E+01    0.7131038888E+02
  4    ***    0.12929E-01    0.3711609040E+01    0.6902403932E+02
  4    ***    0.12929E-01    0.3743883901E+01    0.7161007864E+02
  4    ***    0.12929E-01    0.3776158763E+01    0.7788510122E+02
  4    ***    0.12929E-01    0.3808433624E+01    0.7982290879E+02
  4    ***    0.12929E-01    0.3840708485E+01    0.7781696269E+02
  4    ***    0.12929E-01    0.3872983346E+01    0.7543544750E+02
  4    ***    0.12929E-01    0.3905258207E+01    0.7600975924E+02
  4    ***    0.12929E-01    0.3937533069E+01    0.7328829696E+02
  4    ***    0.12929E-01    0.3969807930E+01    0.7192504204E+02
  4    ***    0.12929E-01    0.4002082791E+01    0.6928897435E+02
  4    ***    0.12929E-01    0.4034357652E+01    0.6590983308E+02
  4    ***    0.12929E-01    0.4066632514E+01    0.6501942306E+02
  4    ***    0.12929E-01    0.4098907375E+01    0.6521402101E+02
  4    ***    0.12929E-01    0.4131182236E+01    0.6339235004E+02
  4    ***    0.12929E-01    0.4163457097E+01    0.6205085856E+02
  4    ***    0.12929E-01    0.4195731958E+01    0.6384485180E+02
  4    ***    0.12929E-01    0.4228006820E+01    0.6563476678E+02
  4    ***    0.12929E-01    0.4260281681E+01    0.6360194617E+02
  4    ***    0.12929E-01    0.4292556542E+01    0.6602780045E+02
  4    ***    0.12929E-01    0.4324831403E+01    0.6649457757E+02
  4    ***    0.12929E-01    0.4357106264E+01    0.6498538905E+02
  4    ***    0.12929E-01    0.4389381126E+01    0.6344585540E+02
  4    ***    0.12929E-01    0.4421655987E+01    0.6447349255E+02
  4    ***    0.12929E-01    0.4453930848E+01    0.6447129459E+02
  4    ***    0.12929E-01    0.4486205709E+01    0.6559435956E+02
  4    ***    0.12929E-01    0.4518480571E+01    0.6780388480E+02
  4    ***    0.12929E-01    0.4550755432E+01    0.6700230532E+02
  4    ***    0.12929E-01    0.4583030293E+01    0.6983291490E+02
  4    ***    0.12929E-01    0.4615305154E+01    0.7284538498E+02
  4    ***    0.12929E-01    0.4647580015E+01    0.7108137032E+02
  4    ***    0.12929E-01    0.4679854877E+01    0.6724114612E+02
  4    ***    0.12929E-01    0.4712129738E+01    0.7037033074E+02
  4    ***    0.12929E-01    0.4744404599E+01    0.6812396483E+02
  4    ***    0.12929E-01    0.4776679460E+01    0.6891894593E+02
  4    ***    0.12929E-01    0.4808954322E+01    0.6847542290E+02
  4    ***    0.12929E-01    0.4841229183E+01    0.7048381587E+02
  4    ***    0.12929E-01    0.4873504044E+01    0.7113221324E+02
  4    ***    0.12929E-01    0.4905778905E+01    0.7068286381E+02
  4    ***    0.12929E-01    0.4938053766E+01    0.6474903159E+02
  4    ***    0.12929E-01    0.4970328628E+01    0.6479835390E+02
  4    ***    0.12929E-01    0.5002603489E+01    0.6332409490E+02
  4    ***    0.12929E-01    0.5034878350E+01    0.6281205914E+02
  4    ***    0.12929E-01    0.5067153211E+01    0.6504667609E+02
  4    ***    0.12929E-01    0.5099428073E+01    0.6476949354E+02
  4    ***    0.12929E-01    0.5131702934E+01    0.5979165034E+02
  4    ***    0.12929E-01    0.5163977795E+01    0.6020227806E+02
  4    ***    0.12929E-01    0.5196252656E+01    0.6011277242E+02
  4    ***    0.12929E-01    0.5228527517E+01    0.6192911004E+02
  4    ***    0.12929E-01    0.5260802379E+01    0.6315894968E+02
  4    ***    0.12929E-01    0.5293077240E+01    0.6342056790E+02
  4    ***    0.12929E-01    0.5325352101E+01    0.6622393644E+02
  4    ***    0.12929E-01    0.5357626962E+01    0.6627923460E+02
  4    ***    0.12929E-01    0.5389901823E+01    0.6484727531E+02
  4    ***    0.12929E-01    0.5422176685E+01    0.6661285241E+02
  4    ***    0.12929E-01    0.5454451546E+01    0.6667694803E+02
  4    ***    0.12929E-01    0.5486726407E+01    0.6591700090E+02
  4    ***    0.12929E-01    0.5519001268E+01    0.6477764872E+02
  4    ***    0.12929E-01    0.5551276130E+01    0.6565907017E+02
  4    ***    0.12929E-01    0.5583550991E+01    0.6732152603E+02
  4    ***    0.12929E-01    0.5615825852E+01    0.7036207928E+02
  4    ***    0.12929E-01    0.5648100713E+01    0.6942767287E+02
  4    ***    0.12929E-01    0.5680375574E+01    0.6749402925E+02
  4    ***    0.12929E-01    0.5712650436E+01    0.6906224422E+02
  4    ***    0.12929E-01    0.5744925297E+01    0.6751971373E+02
  4    ***    0.12929E-01    0.5777200158E+01    0.6619989673E+02
  4    ***    0.12929E-01    0.5809475019E+01    0.6497422969E+02
  4    ***    0.12929E-01    0.5841749881E+01    0.6572032238E+02
  4    ***    0.12929E-01    0.5874024742E+01    0.6542557185E+02
  4    ***    0.12929E-01    0.5906299603E+01    0.6297966037E+02
  4    ***    0.12929E-01    0.5938574464E+01    0.6452930663E+02
  4    ***    0.12929E-01    0.5970849325E+01    0.6697861098E+02
  4    ***    0.12929E-01    0.6003124187E+01    0.6693053072E+02
  4    ***    0.12929E-01    0.6035399048E+01    0.6731443384E+02
  4    ***    0.12929E-01    0.6067673909E+01    0.6756386226E+02
  4    ***    0.12929E-01    0.6099948770E+01    0.6776741488E+02
  4    ***    0.12929E-01    0.6132223631E+01    0.6528661746E+02
  4    ***    0.12929E-01    0.6164498493E+01    0.6452149748E+02
  4    ***    0.12929E-01    0.6196773354E+01    0.6716853878E+02
  4    ***    0.12929E-01    0.6229048215E+01    0.6950763495E+02
  4    ***    0.12929E-01    0.6261323076E+01    0.6952743321E+02
  4    ***    0.12929E-01    0.6293597938E+01    0.6825873204E+02
  4    ***    0.12929E-01    0.6325872799E+01    0.6695090803E+02
  4    ***    0.12929E-01    0.6358147660E+01    0.6537129323E+02
  4    ***    0.12929E-01    0.6390422521E+01    0.6806770840E+02
  4    ***    0.12929E-01    0.6422697382E+01    0.6902818481E+02
  4    ***    0.12929E-01    0.6454972244E+01    0.7122993439E+02
