  4    ***    0.12929E-01    0.3227486122E-01    0.0000000000E+00
  4    ***    0.12929E-01    0.6454972244E-01    0.0000000000E+00
  4    ***    0.12929E-01    0.9682458366E-01    0.0000000000E+00
  4    ***    0.12929E-01    0.1290994449E+00    0.0000000000E+00
  4    ***    0.12929E-01    0.1613743061E+00    0.0000000000E+00
  4    ***    0.12929E-01    0.1936491673E+00    0.0000000000E+00
  4    ***    0.12929E-01    0.2259240285E+00    0.0000000000E+00
  4    ***    0.12929E-01    0.2581988897E+00    0.0000000000E+00
  4    ***    0.12929E-01    0.2904737510E+00    0.0000000000E+00
  4    ***    0.12929E-01    0.3227486122E+00    0.0000000000E+00
  4    ***    0.12929E-01    0.3550234734E+00    0.0000000000E+00
  4    ***    0.12929E-01    0.3872983346E+00    0.0000000000E+00
  4    ***    0.12929E-01    0.4195731958E+00    0.0000000000E+00
  4    ***    0.12929E-01    0.4518480571E+00    0.0000000000E+00
  4    ***    0.12929E-01    0.4841229183E+00    0.0000000000E+00
  4    ***    0.12929E-01    0.5163977795E+00    0.0000000000E+00
  4    ***    0.12929E-01    0.5486726407E+00    0.0000000000E+00
  4    ***    0.12929E-01    0.5809475019E+00    0.0000000000E+00
  4    ***    0.12929E-01    0.6132223631E+00    0.0000000000E+00
  4    ***    0.12929E-01    0.6454972244E+00    0.0000000000E+00
  4    ***    0.12929E-01    0.6777720856E+00    0.0000000000E+00
  4    ***    0.12929E-01    0.7100469468E+00    0.0000000000E+00
  4    ***    0.12929E-01    0.7423218080E+00    0.0000000000E+00
  4    ***    0.12929E-01    0.7745966692E+00    0.0000000000E+00
  4    ***    0.12929E-01    0.8068715305E+00    0.0000000000E+00
  4    ***    0.12929E-01    0.8391463917E+00    0.0000000000E+00
  4    ***    0.12929E-01    0.8714212529E+00    0.0000000000E+00
  4    ***    0.12929E-01    0.9036961141E+00    0.0000000000E+00
  4    ***    0.12929E-01    0.9359709753E+00    0.0000000000E+00
  4    ***    0.12929E-01    0.9682458366E+00    0.0000000000E+00
  4    ***    0.12929E-01    0.1000520698E+01    0.5737843572E+03
  4    ***    0.12929E-01    0.1032795559E+01    0.6396432110E+03
  4    ***    0.12929E-01    0.1065070420E+01    0.1239547668E+03
  4    ***    0.12929E-01    0.1097345281E+01    0.9884899725E+02
  4    ***    0.12929E-01    0.1129620143E+01    0.9037417383E+02
  4    ***    0.12929E-01    0.1161895004E+01    0.8521738474E+02
  4    ***    0.12929E-01    0.1194169865E+01    0.6834331277E+02
  4    ***    0.12929E-01    0.1226444726E+01    0.6247362033E+02
  4    ***    0.12929E-01    0.1258719588E+01    0.5836397788E+02
  4    ***    0.12929E-01    0.1290994449E+01    0.6506092904E+02
  4    ***    0.12929E-01    0.1323269310E+01    0.6008433131E+02
  4    ***    0.12929E-01    0.1355544171E+01    0.5743384163E+02
  4    ***    0.12929E-01    0.1387819032E+01    0.5550725243E+02
  4    ***    0.12929E-01    0.1420093894E+01    0.5142131568E+02
  4    ***    0.12929E-01    0.1452368755E+01    0.5244030197E+02
  4    ***    0.12929E-01    0.1484643616E+01    0.5097435505E+02
  4    ***    0.12929E-01    0.1516918477E+01    0.4759999193E+02
  4    ***    0.12929E-01    0.1549193338E+01    0.4891384255E+02
  4    ***    0.12929E-01    0.1581468200E+01    0.4717024359E+02
  4    ***    0.12929E-01    0.1613743061E+01    0.4934510591E+02
  4    ***    0.12929E-01    0.1646017922E+01    0.4796457247E+02
  4    ***    0.12929E-01    0.1678292783E+01    0.4845727199E+02
  4    ***    0.12929E-01    0.1710567645E+01    0.5558600070E+02
  4    ***    0.12929E-01    0.1742842506E+01    0.6918807485E+02
  4    ***    0.12929E-01    0.1775117367E+01    0.6720835821E+02
  4    ***    0.12929E-01    0.1807392228E+01    0.7401765887E+02
  4    ***    0.12929E-01    0.1839667089E+01    0.7461859789E+02
  4    ***    0.12929E-01    0.1871941951E+01    0.8022959163E+02
  4    ***    0.12929E-01    0.1904216812E+01    0.8653675948E+02
  4    ***    0.12929E-01    0.1936491673E+01    0.9622695100E+02
  4    ***    0.12929E-01    0.1968766534E+01    0.1183755007E+03
  4    ***    0.12929E-01    0.2001041396E+01    0.1999089601E+03
  4    ***    0.12929E-01    0.2033316257E+01    0.1183196044E+03
  4    ***    0.12929E-01    0.2065591118E+01    0.8694120734E+02
  4    ***    0.12929E-01    0.2097865979E+01    0.8390352498E+02
  4    ***    0.12929E-01    0.2130140840E+01    0.8064757593E+02
  4    ***    0.12929E-01    0.2162415702E+01    0.7595783341E+02
  4    ***    0.12929E-01    0.2194690563E+01    0.7549650302E+02
  4    ***    0.12929E-01    0.2226965424E+01    0.7556909041E+02
  4    ***    0.12929E-01    0.2259240285E+01    0.7064189474E+02
  4    ***    0.12929E-01    0.2291515147E+01    0.7004442908E+02
  4    ***    0.12929E-01    0.2323790008E+01    0.7087403340E+02
  4    ***    0.12929E-01    0.2356064869E+01    0.7165265300E+02
  4    ***    0.12929E-01    0.2388339730E+01    0.6841886947E+02
  4    ***    0.12929E-01    0.2420614591E+01    0.6410974739E+02
  4    ***    0.12929E-01    0.2452889453E+01    0.6487956525E+02
  4    ***    0.12929E-01    0.2485164314E+01    0.6323257096E+02
  4    ***    0.12929E-01    0.2517439175E+01    0.6893565329E+02
  4    ***    0.12929E-01    0.2549714036E+01    0.6681182589E+02
  4    ***    0.12929E-01    0.2581988897E+01    0.7191641323E+02
  4    ***    0.12929E-01    0.2614263759E+01    0.7422432963E+02
  4    ***    0.12929E-01    0.2646538620E+01    0.7142639507E+02
  4    ***    0.12929E-01    0.2678813481E+01    0.7789448037E+02
  4    ***    0.12929E-01    0.2711088342E+01    0.7604670967E+02
  4    ***    0.12929E-01    0.2743363204E+01    0.7736474696E+02
  4    ***    0.12929E-01    0.2775638065E+01    0.7731765750E+02
  4    ***    0.12929E-01    0.2807912926E+01    0.7429242347E+02
  4    ***    0.12929E-01    0.2840187787E+01    0.8069573965E+02
  4    ***    0.12929E-01    0.2872462648E+01    0.8243111068E+02
  4    ***    0.12929E-01    0.2904737510E+01    0.8511784183E+02
  4    ***    0.12929E-01    0.2937012371E+01    0.8717118474E+02
  4    ***    0.12929E-01    0.2969287232E+01    0.9243023335E+02
  4    ***    0.12929E-01    0.3001562093E+01    0.1046891966E+03
  4    ***    0.12929E-01    0.3033836955E+01    0.8247868743E+02
  4    ***    0.12929E-01    0.3066111816E+01    0.7867407777E+02
  4    ***    0.12929E-01    0.3098386677E+01    0.7305061899E+02
  4    ***    0.12929E-01    0.3130661538E+01    0.7350748344E+02
  4    ***    0.12929E-01    0.3162936399E+01    0.7450867227E+02
  4    ***    0.12929E-01    0.3195211261E+01    0.7133243760E+02
  4    ***    0.12929E-01    0.3227486122E+01    0.7374808185E+02
  4    ***    0.12929E-01    0.3259760983E+01    0.7548726869E+02
  4    ***    0.12929E-01    0.3292035844E+01    0.7225477613E+02
  4    ***    0.12929E-01    0.3324310705E+01    0.7255353691E+02
  4    ***    0.12929E-01    0.3356585567E+01    0.7513958589E+02
  4    ***    0.12929E-01    0.3388860428E+01    0.7774437212E+02
  4    ***    0.12929E-01    0.3421135289E+01    0.7149451245E+02
  4    ***    0.12929E-01    0.3453410150E+01    0.7172224110E+02
  4    ***    0.12929E-01    0.3485685012E+01    0.7323436980E+02
  4    ***    0.12929E-01    0.3517959873E+01    0.7317900277E+02
  4    ***    0.12929E-01    0.3550234734E+01    0.7638972158E+02
  4    ***    0.12929E-01    0.3582509595E+01    0.7663865032E+02
  4    ***    0.12929E-01    0.3614784456E+01    0.7593303746E+02
  4    ***    0.12929E-01    0.3647059318E+01    0.7779323853E+02
  4    ***    0.12929E-01    0.3679334179E+01    0.7894758256E+02
  4    ***    0.12929E-01    0.3711609040E+01    0.7958358754E+02
  4    ***    0.12929E-01    0.3743883901E+01    0.8223694376E+02
  4    ***    0.12929E-01    0.3776158763E+01    0.7811242639E+02
  4    ***    0.12929E-01    0.3808433624E+01    0.7766436140E+02
  4    ***    0.12929E-01    0.3840708485E+01    0.8033550572E+02
  4    ***    0.12929E-01    0.3872983346E+01    0.8473489081E+02
  4    ***    0.12929E-01    0.3905258207E+01    0.8512213919E+02
  4    ***    0.12929E-01    0.3937533069E+01    0.8540241147E+02
  4    ***    0.12929E-01    0.3969807930E+01    0.8339978863E+02
  4    ***    0.12929E-01    0.4002082791E+01    0.7841918440E+02
  4    ***    0.12929E-01    0.4034357652E+01    0.7528578500E+02
  4    ***    0.12929E-01    0.4066632514E+01    0.7703961599E+02
  4    ***    0.12929E-01    0.4098907375E+01    0.7757400648E+02
  4    ***    0.12929E-01    0.4131182236E+01    0.7606283109E+02
  4    ***    0.12929E-01    0.4163457097E+01    0.7410749574E+02
  4    ***    0.12929E-01    0.4195731958E+01    0.7673652509E+02
  4    ***    0.12929E-01    0.4228006820E+01    0.7895060840E+02
  4    ***    0.12929E-01    0.4260281681E+01    0.7647570510E+02
  4    ***    0.12929E-01    0.4292556542E+01    0.7499909433E+02
  4    ***    0.12929E-01    0.4324831403E+01    0.7540630065E+02
  4    ***    0.12929E-01    0.4357106264E+01    0.7901847679E+02
  4    ***    0.12929E-01    0.4389381126E+01    0.7618013016E+02
  4    ***    0.12929E-01    0.4421655987E+01    0.7239835934E+02
  4    ***    0.12929E-01    0.4453930848E+01    0.7394604879E+02
  4    ***    0.12929E-01    0.4486205709E+01    0.7808221947E+02
  4    ***    0.12929E-01    0.4518480571E+01    0.7907045752E+02
  4    ***    0.12929E-01    0.4550755432E+01    0.7694897952E+02
  4    ***    0.12929E-01    0.4583030293E+01    0.7671470716E+02
  4    ***    0.12929E-01    0.4615305154E+01    0.7826357769E+02
  4    ***    0.12929E-01    0.4647580015E+01    0.8193451743E+02
  4    ***    0.12929E-01    0.4679854877E+01    0.8022554607E+02
  4    ***    0.12929E-01    0.4712129738E+01    0.7771399140E+02
  4    ***    0.12929E-01    0.4744404599E+01    0.7633527351E+02
  4    ***    0.12929E-01    0.4776679460E+01    0.7534125252E+02
  4    ***    0.12929E-01    0.4808954322E+01    0.7362668430E+02
  4    ***    0.12929E-01    0.4841229183E+01    0.7762417730E+02
  4    ***    0.12929E-01    0.4873504044E+01    0.7764307804E+02
  4    ***    0.12929E-01    0.4905778905E+01    0.8082171653E+02
  4    ***    0.12929E-01    0.4938053766E+01    0.7943678901E+02
  4    ***    0.12929E-01    0.4970328628E+01    0.7864721868E+02
  4    ***    0.12929E-01    0.5002603489E+01    0.7862604433E+02
  4    ***    0.12929E-01    0.5034878350E+01    0.7422945606E+02
  4    ***    0.12929E-01    0.5067153211E+01    0.7747154147E+02
  4    ***    0.12929E-01    0.5099428073E+01    0.7542751904E+02
  4    ***    0.12929E-01    0.5131702934E+01    0.7524082569E+02
  4    ***    0.12929E-01    0.5163977795E+01    0.7348547933E+02
  4    ***    0.12929E-01    0.5196252656E+01    0.7444921171E+02
  4    ***    0.12929E-01    0.5228527517E+01    0.7371702191E+02
  4    ***    0.12929E-01    0.5260802379E+01    0.7484924753E+02
  4    ***    0.12929E-01    0.5293077240E+01    0.7624796960E+02
  4    ***    0.12929E-01    0.5325352101E+01    0.8048421934E+02
  4    ***    0.12929E-01    0.5357626962E+01    0.7785609784E+02
  4    ***    0.12929E-01    0.5389901823E+01    0.7843461479E+02
  4    ***    0.12929E-01    0.5422176685E+01    0.8185219951E+02
  4    ***    0.12929E-01    0.5454451546E+01    0.8215833188E+02
  4    ***    0.12929E-01    0.5486726407E+01    0.7793578127E+02
  4    ***    0.12929E-01    0.5519001268E+01    0.7886468143E+02
  4    ***    0.12929E-01    0.5551276130E+01    0.7747829673E+02
  4    ***    0.12929E-01    0.5583550991E+01    0.7723581795E+02
  4    ***    0.12929E-01    0.5615825852E+01    0.7678478389E+02
  4    ***    0.12929E-01    0.5648100713E+01    0.7536410665E+02
  4    ***    0.12929E-01    0.5680375574E+01    0.7549766381E+02
  4    ***    0.12929E-01    0.5712650436E+01    0.7280188944E+02
  4    ***    0.12929E-01    0.5744925297E+01    0.7358535519E+02
  4    ***    0.12929E-01    0.5777200158E+01    0.7263671110E+02
  4    ***    0.12929E-01    0.5809475019E+01    0.7289597857E+02
  4    ***    0.12929E-01    0.5841749881E+01    0.7003170194E+02
  4    ***    0.12929E-01    0.5874024742E+01    0.7079071567E+02
  4    ***    0.12929E-01    0.5906299603E+01    0.7343348029E+02
  4    ***    0.12929E-01    0.5938574464E+01    0.7308325600E+02
  4    ***    0.12929E-01    0.5970849325E+01    0.7164370546E+02
  4    ***    0.12929E-01    0.6003124187E+01    0.7263574209E+02
  4    ***    0.12929E-01    0.6035399048E+01    0.7255758650E+02
  4    ***    0.12929E-01    0.6067673909E+01    0.7261607678E+02
  4    ***    0.12929E-01    0.6099948770E+01    0.7612148739E+02
  4    ***    0.12929E-01    0.6132223631E+01    0.7695070110E+02
  4    ***    0.12929E-01    0.6164498493E+01    0.7694243380E+02
  4    ***    0.12929E-01    0.6196773354E+01    0.7597682990E+02
  4    ***    0.12929E-01    0.6229048215E+01    0.7325922700E+02
  4    ***    0.12929E-01    0.6261323076E+01    0.7391764212E+02
  4    ***    0.12929E-01    0.6293597938E+01    0.7499348187E+02
  4    ***    0.12929E-01    0.6325872799E+01    0.7394297951E+02
  4    ***    0.12929E-01    0.6358147660E+01    0.7329712840E+02
  4    ***    0.12929E-01    0.6390422521E+01    0.7275580864E+02
  4    ***    0.12929E-01    0.6422697382E+01    0.7648930440E+02
  4    ***    0.12929E-01    0.6454972244E+01    0.7770399050E+02
