   2.6304051451798398       -9.9899512032300013     
  -1.4937376328142613       -3.5410400146588841     
  -3.0923186099858819       -1.1602355344174977     
  -6.0045805451928933        7.3462725499829924     
  -7.9256361277816945       0.11351066741662054     
  -4.5741355484224968        11.536083447296980     
   4.2387074731363521        7.2894798829209542     
 -0.52196136434617713        9.2455475476222251     
   4.6216211270018004        5.3590785205049789     
  -3.4583960207102380       -2.0911833562269346     
  -1.4104472581198761       -2.2019334376965971     
   5.7668336963265139       -5.3861268890760403     
   11.394800479804589       -3.4046172495222295     
  -9.3497198908577079       -6.7134935789289596     
  -6.4544587498540080        9.5072800844176584     
  -2.4127340481368176        3.2932605307668985     
   1.3566750188350802        1.0635588258393460     
   2.6011420153643252        11.149641471828192     
   6.5800932051261611        10.290893526443067     
   9.5648146245691965        6.4152601160696632     
  -11.670782972738300        7.9087064993561315E-002
   9.8429794888709203       -7.5496699799799876     
 -0.83328244962673648        6.4371486068290400     
   1.4889519596504914        7.2827188520190811     
   6.9915124219246083       -1.5825311479411535     
   5.6311911377603643       -2.4935423677930730     
  -12.384699453207380       0.78199976403090832     
 -0.83625811370238323        5.4065976495674812     
  -11.707420326627547       -2.6356286034251997     
   9.4278353298801321       -3.1204916606886806     
   2.5338499769989205        12.148088269454464     
   6.6306564934408145       -2.5150336459000342     
   7.5577949569955702        9.8402932081979984     
   7.9801376037255247       -3.3027083880031300     
  -7.4048980850291741        3.7585833332380476     
  -8.7215279430686117       0.71832270827624134     
  0.15551091245396306        5.5341426549873756     
  -5.5130053907872484E-002  -6.5711543868526325     
  -6.0024197926732814       -10.553020257592477     
   11.610166435833177       -4.3812148322813700     
   1.3677177761515391       -9.8291183323717046     
   4.6178866368236182        3.8470534699399814     
   11.201377754019378       -1.4332817372558373     
  0.63635799164126916       -9.1466551860064111     
 -0.25171813663186432      -0.96578928654941865     
 -0.53989671239740433       -9.3393008001950104     
   1.0421303421667745        8.8415530313005100     
   9.5442899530117451        3.3911527550866309     
   6.6942619304349469       -5.0119136061496699     
  0.11200644048219893        8.4731354818051940     
   1.5722322358741059        5.2200879634146506     
   5.4795217652299817       0.21155472418256849     
  -3.9629325790835113        5.0678056039060184     
  -5.0835615629167723        8.6180198046354217     
   8.6042544666388991       -6.3391802639120938     
  -11.374166899333243       -4.4960586027688185     
  -7.8503601339860776       -8.5649818963846105     
  -6.6265400564402324        3.1112596523512641     
  -2.6892013769561034        9.8682769844233604     
   3.4565161619146093E-002  -12.000644385583099     
  -2.6957418059858727        6.6278914677452310     
  0.24832106192028905       -10.069015791718748     
  -10.004578288987457       0.10630286605886803     
   1.1832356559727542       -7.9435076893173040     
   4.8521801360323993       -10.013628954458595     
  -11.923068171909662        3.2318740791855118     
  -5.8547821561867330        1.2737687482886526     
  -10.384128244498759       -4.6545159728242895     
  -2.4934645350977500       -3.5051863729975845     
   3.2694929569521181        7.0308714566229877     
   9.4683904863221819        4.7981460288102413     
   6.6928541100465608        1.0720307309566313     
  -1.9829818474805161       -4.8000522950099720     
   9.9906032598531329        1.6829616763425399     
   4.8074867832217825       -7.6819845152585611     
 -0.11395668762163000       -11.001405466952404     
  -12.051589726664869       -1.5066656398999323     
   2.2279053866974925        4.3777462547366284     
  -4.1077682860423330        4.0789089954545270     
  0.73476782240346461        9.8356649534156251     
  0.52932602866181955        12.398499188231487     
  -10.339792820743805        6.1418887808651084     
   4.9963576149494342       -1.7217115854821048     
  -7.6226162667802360       -6.5186554978274556     
  -7.7545087308661422      -0.87189834993603998     
  -2.6589645740985492       -7.6120928808426465     
  -2.6001844781480838       -9.2298015062850460     
  -4.1539495366694750        9.8301300346718925     
  -6.4605724807940632        2.0690413366077749     
   2.2166631999464075       -11.997650511551544     
  -7.8650315178811274       -3.7826078197199378     
   6.3817595686057187       -10.297084746975067     
   8.5412814708044831       0.50710862614640395     
  -3.7722846403140036       -6.1798458649022381     
   8.7952701289783146        1.5378419834398231     
   1.5385410835036739        12.249588718546756     
   4.0742961408837290        3.0068397399141324     
   7.0137184122875551       -8.9182119535703972     
  -4.3409491297060647       -3.5014574857801879     
  -4.7141760258457266        7.5047636024718898     
  -9.8907016300166575       -5.5241324975356871     
  -6.5992483274506943       -6.7036516024693222     
   9.1759562640162731       -5.5193253100882176     
   4.0903438814895754       -4.0680315752152367     
 -0.71183415508469583       -2.9170129791910231     
  -3.8385873964754840       -8.4485905054335788     
   5.5684537417816129       -3.4933036609612236     
  -6.9873229307250568      -0.23088205571534182     
  -7.4529735641050836       -4.6958040859553343     
   3.1545895089186002        1.5501701183769199     
  -1.0095615705251977        10.396901244619956     
  -9.2287708191682913        8.2411889077475884     
   2.6893106826748472       -4.5106239261840724     
   7.6855653241615016        3.1916095973756722     
   11.160503054029546       -2.4322713537914669     
  -2.4353547299257876       -6.6274703380884628     
   2.5632691095929565        5.3602771706245562     
  -7.2105937420694737        5.9459285019556187     
  -2.7694983041479353        5.0428151914252854     
  -1.5144272456851384       -9.5663334522148222     
   8.8737667181886088       -7.3013074176089727     
  -7.5557955271581863        2.7414044245476727     
  -5.6427704062769122       -7.0207238233127640     
   2.5271770013512116       -2.2035077001536103     
 -0.43783060099085447       -1.9499082653902138     
   6.3691081813553270        4.6902499387261951     
   12.389663838579537       0.70919119164241951     
  -7.0821820966409357       -2.0296228077399308     
  -8.4717083144954834        3.1427678813604758     
   8.6240489457248515       -4.0838799419131320     
  0.25379916493353999        2.7230786499763533     
   7.8408408381190471        1.2380559334006236     
  -7.2137976732440920       -3.0233371042797672     
   5.3858111258073871        4.4858206908517957     
  -11.397587395909271        2.2428648688399404     
  -6.7573190505475986E-002  0.21347524242299806     
   2.7759003756083072        2.4857649981532646     
   2.0704676957282762        8.4662481834092880     
   6.1388899023276284       -8.2422526203308575     
  -8.2014953211640886       -7.5865184465659663     
  -1.7118951601572163        6.9240140097049165     
  0.73657426777271773      -0.82098016550492381     
   4.4887564509901576        6.8344453017682327E-002
   3.2724546939492849       0.55189443523336656     
   11.763430476449011        3.9527938429813845     
   11.108361199711025        5.5307100540099228     
  -8.3544067856615012       -2.9088211157162980     
  -4.9163717313454445        4.7663175481540163     
   3.4632627428675682        11.664921628701032     
   3.0575905737404931       -5.4384935827317440     
  -11.118332273521418        5.5119890061761092     
  -1.0416785072428187       -6.3989550351624001     
   10.616659271239975       -4.2677523486571447     
   5.9998756140045435       -1.4543177383906034     
  -5.4878978295837557        11.128305906672496     
  -6.7776685399744121       -3.9583152523294536     
   10.684233965703859       -6.3125840394586126     
  -5.4617155974520459       -4.9851979112094087     
   5.5856077647551716       -9.3334063663463276     
  -10.184053958306961        4.1918564023088969     
  -1.0331751124731887       0.47237785500116242     
  0.87225444391147855        1.9386327625198918     
  -7.8116341230775355       -9.6421734685438398     
  -6.9590179833380601       -5.7707515901093860     
  -5.6056505845975906       -8.8058024425071242     
   6.1605311776012535        8.6138098806859613     
  0.55411813479285166       -1.8042121066685526     
  -10.303682663556517       -1.9551133749589846     
  0.92923179908063147       -6.7472433062356361     
   6.9907000812662572       -3.4483316806197903     
   6.0400114262193307        7.3002148788040122     
  0.27632530208808259        6.5635498487174413     
   8.6041900705041154        7.1643739679508602     
   3.5888427378285872        3.8831114412377414     
   7.5673228700622106       0.27466844663692791     
   10.177250199742041        8.7896731840053199E-002
  -9.8925700506183585        7.0356908521457360     
   3.9029631538601972        10.761178953226892     
   7.6368353747558597       -2.3478369257284935     
  -6.3656760574364197        10.650241819778415     
   5.7169612834531733        3.5423399667406823     
  -10.051396833625093        5.1834843149505332     
   10.528080812019880        3.6077289696066392     
   2.9146506031113213       -7.0417368574446284     
  -6.0763186046836859       -7.9235713730736341     
   10.856490125309339        4.5522286443015290     
  -8.8398619798731506       -8.7086503779882278     
   5.6498710858612995       -6.4996274047510134     
  -1.6946567698937536        5.9245416347085742     
   2.0894551218724868       -10.829160339790798     
  -1.4728584556982471        12.321937962136049     
   6.6660001002495655        5.6446185829548865     
   9.2467429530596554        2.4295847342914629     
  -6.1425422564329661        8.4927853392118529     
   5.0744016511186727       -4.4272311207417987     
   4.7020110528483929        6.3639422837740520     
   5.6700079073640364        10.810407311104361     
  -11.864277492630844       -3.6250362641850389     
   11.024719486609461        2.0605551143645027     
   1.6007477183551257       -8.8520421155317450     
