  7    100    0.35618E+00    0.5000000075E-01    0.0000000000E+00
  7    100    0.35618E+00    0.1000000015E+00    0.0000000000E+00
  7    100    0.35618E+00    0.1500000022E+00    0.0000000000E+00
  7    100    0.35618E+00    0.2000000030E+00    0.3637827162E+00
  7    100    0.35618E+00    0.2500000037E+00    0.1414710563E+01
  7    100    0.35618E+00    0.3000000045E+00    0.3781135505E+01
  7    100    0.35618E+00    0.3500000052E+00    0.4048248688E+01
  7    100    0.35618E+00    0.4000000060E+00    0.6677433858E+01
  7    100    0.35618E+00    0.4500000067E+00    0.1028577798E+02
  7    100    0.35618E+00    0.5000000075E+00    0.1630640070E+02
  7    100    0.35618E+00    0.5500000082E+00    0.2190780358E+02
  7    100    0.35618E+00    0.6000000089E+00    0.2900771746E+02
  7    100    0.35618E+00    0.6500000097E+00    0.3249307221E+02
  7    100    0.35618E+00    0.7000000104E+00    0.3873163142E+02
  7    100    0.35618E+00    0.7500000112E+00    0.4314379386E+02
  7    100    0.35618E+00    0.8000000119E+00    0.4780808987E+02
  7    100    0.35618E+00    0.8500000127E+00    0.5321883918E+02
  7    100    0.35618E+00    0.9000000134E+00    0.5381558982E+02
  7    100    0.35618E+00    0.9500000142E+00    0.5677959963E+02
  7    100    0.35618E+00    0.1000000015E+01    0.5195252483E+02
  7    100    0.35618E+00    0.1050000016E+01    0.4823817969E+02
  7    100    0.35618E+00    0.1100000016E+01    0.4694207050E+02
  7    100    0.35618E+00    0.1150000017E+01    0.4779835423E+02
  7    100    0.35618E+00    0.1200000018E+01    0.4627006548E+02
  7    100    0.35618E+00    0.1250000019E+01    0.4545551654E+02
  7    100    0.35618E+00    0.1300000019E+01    0.4508765783E+02
  7    100    0.35618E+00    0.1350000020E+01    0.4389873570E+02
  7    100    0.35618E+00    0.1400000021E+01    0.4449393331E+02
  7    100    0.35618E+00    0.1450000022E+01    0.4384113577E+02
  7    100    0.35618E+00    0.1500000022E+01    0.4352033342E+02
  7    100    0.35618E+00    0.1550000023E+01    0.4408330883E+02
  7    100    0.35618E+00    0.1600000024E+01    0.4323624950E+02
  7    100    0.35618E+00    0.1650000025E+01    0.4434791144E+02
  7    100    0.35618E+00    0.1700000025E+01    0.4487377446E+02
  7    100    0.35618E+00    0.1750000026E+01    0.4491398492E+02
  7    100    0.35618E+00    0.1800000027E+01    0.4679304629E+02
  7    100    0.35618E+00    0.1850000028E+01    0.4452268558E+02
  7    100    0.35618E+00    0.1900000028E+01    0.4452377084E+02
  7    100    0.35618E+00    0.1950000029E+01    0.4409487469E+02
  7    100    0.35618E+00    0.2000000030E+01    0.4566470805E+02
  7    100    0.35618E+00    0.2050000031E+01    0.4418088692E+02
  7    100    0.35618E+00    0.2100000031E+01    0.4316742135E+02
  7    100    0.35618E+00    0.2150000032E+01    0.4333008800E+02
  7    100    0.35618E+00    0.2200000033E+01    0.4400237682E+02
  7    100    0.35618E+00    0.2250000034E+01    0.4250807852E+02
  7    100    0.35618E+00    0.2300000034E+01    0.4370056476E+02
  7    100    0.35618E+00    0.2350000035E+01    0.4287029364E+02
  7    100    0.35618E+00    0.2400000036E+01    0.4289700261E+02
  7    100    0.35618E+00    0.2450000037E+01    0.4274759444E+02
  7    100    0.35618E+00    0.2500000037E+01    0.4202119073E+02
  7    100    0.35618E+00    0.2550000038E+01    0.4281950685E+02
  7    100    0.35618E+00    0.2600000039E+01    0.4317476878E+02
  7    100    0.35618E+00    0.2650000039E+01    0.4249790532E+02
  7    100    0.35618E+00    0.2700000040E+01    0.4150522803E+02
  7    100    0.35618E+00    0.2750000041E+01    0.4334465501E+02
  7    100    0.35618E+00    0.2800000042E+01    0.4135543095E+02
  7    100    0.35618E+00    0.2850000042E+01    0.4224601172E+02
  7    100    0.35618E+00    0.2900000043E+01    0.4140058199E+02
  7    100    0.35618E+00    0.2950000044E+01    0.4130954844E+02
  7    100    0.35618E+00    0.3000000045E+01    0.4197053926E+02
  7    100    0.35618E+00    0.3050000045E+01    0.4159249056E+02
  7    100    0.35618E+00    0.3100000046E+01    0.4148207412E+02
  7    100    0.35618E+00    0.3150000047E+01    0.4077761727E+02
  7    100    0.35618E+00    0.3200000048E+01    0.4027580718E+02
  7    100    0.35618E+00    0.3250000048E+01    0.4066470363E+02
  7    100    0.35618E+00    0.3300000049E+01    0.4072422545E+02
  7    100    0.35618E+00    0.3350000050E+01    0.4069260699E+02
  7    100    0.35618E+00    0.3400000051E+01    0.3864360498E+02
  7    100    0.35618E+00    0.3450000051E+01    0.4083040559E+02
  7    100    0.35618E+00    0.3500000052E+01    0.3945515805E+02
  7    100    0.35618E+00    0.3550000053E+01    0.3945537460E+02
  7    100    0.35618E+00    0.3600000054E+01    0.3998981146E+02
  7    100    0.35618E+00    0.3650000054E+01    0.3994752365E+02
  7    100    0.35618E+00    0.3700000055E+01    0.4093421707E+02
  7    100    0.35618E+00    0.3750000056E+01    0.3874977685E+02
  7    100    0.35618E+00    0.3800000057E+01    0.3924275937E+02
  7    100    0.35618E+00    0.3850000057E+01    0.3960634788E+02
  7    100    0.35618E+00    0.3900000058E+01    0.3815885111E+02
  7    100    0.35618E+00    0.3950000059E+01    0.3880271737E+02
  7    100    0.35618E+00    0.4000000060E+01    0.3844275760E+02
  7    100    0.35618E+00    0.4050000060E+01    0.3948887746E+02
  7    100    0.35618E+00    0.4100000061E+01    0.3857733442E+02
  7    100    0.35618E+00    0.4150000062E+01    0.3790909869E+02
  7    100    0.35618E+00    0.4200000063E+01    0.3749067705E+02
  7    100    0.35618E+00    0.4250000063E+01    0.3783053241E+02
  7    100    0.35618E+00    0.4300000064E+01    0.3794402647E+02
  7    100    0.35618E+00    0.4350000065E+01    0.3728948074E+02
  7    100    0.35618E+00    0.4400000066E+01    0.3796921470E+02
  7    100    0.35618E+00    0.4450000066E+01    0.3704623424E+02
  7    100    0.35618E+00    0.4500000067E+01    0.3695951105E+02
  7    100    0.35618E+00    0.4550000068E+01    0.3644794640E+02
  7    100    0.35618E+00    0.4600000069E+01    0.3668506834E+02
  7    100    0.35618E+00    0.4650000069E+01    0.3684365131E+02
  7    100    0.35618E+00    0.4700000070E+01    0.3626803444E+02
  7    100    0.35618E+00    0.4750000071E+01    0.3586178999E+02
  7    100    0.35618E+00    0.4800000072E+01    0.3622844139E+02
  7    100    0.35618E+00    0.4850000072E+01    0.3568149264E+02
  7    100    0.35618E+00    0.4900000073E+01    0.3594235421E+02
  7    100    0.35618E+00    0.4950000074E+01    0.3523706493E+02
  7    100    0.35618E+00    0.5000000075E+01    0.3585118276E+02
  7    100    0.35618E+00    0.5050000075E+01    0.3557469189E+02
  7    100    0.35618E+00    0.5100000076E+01    0.3506949013E+02
  7    100    0.35618E+00    0.5150000077E+01    0.3414766248E+02
  7    100    0.35618E+00    0.5200000077E+01    0.3414988281E+02
  7    100    0.35618E+00    0.5250000078E+01    0.3464754779E+02
  7    100    0.35618E+00    0.5300000079E+01    0.3455246169E+02
  7    100    0.35618E+00    0.5350000080E+01    0.3414433832E+02
  7    100    0.35618E+00    0.5400000080E+01    0.3405965031E+02
  7    100    0.35618E+00    0.5450000081E+01    0.3387482067E+02
  7    100    0.35618E+00    0.5500000082E+01    0.3374762979E+02
  7    100    0.35618E+00    0.5550000083E+01    0.3373028461E+02
  7    100    0.35618E+00    0.5600000083E+01    0.3322983825E+02
  7    100    0.35618E+00    0.5650000084E+01    0.3302123082E+02
  7    100    0.35618E+00    0.5700000085E+01    0.3246854225E+02
  7    100    0.35618E+00    0.5750000086E+01    0.3204782759E+02
  7    100    0.35618E+00    0.5800000086E+01    0.3242443119E+02
  7    100    0.35618E+00    0.5850000087E+01    0.3211332261E+02
  7    100    0.35618E+00    0.5900000088E+01    0.3209647165E+02
  7    100    0.35618E+00    0.5950000089E+01    0.3196529563E+02
  7    100    0.35618E+00    0.6000000089E+01    0.3215240517E+02
  7    100    0.35618E+00    0.6050000090E+01    0.3141714080E+02
  7    100    0.35618E+00    0.6100000091E+01    0.3156376456E+02
  7    100    0.35618E+00    0.6150000092E+01    0.3133035336E+02
  7    100    0.35618E+00    0.6200000092E+01    0.3058867706E+02
  7    100    0.35618E+00    0.6250000093E+01    0.3055774816E+02
  7    100    0.35618E+00    0.6300000094E+01    0.3102443356E+02
  7    100    0.35618E+00    0.6350000095E+01    0.3017862810E+02
  7    100    0.35618E+00    0.6400000095E+01    0.3038798290E+02
  7    100    0.35618E+00    0.6450000096E+01    0.3001938749E+02
  7    100    0.35618E+00    0.6500000097E+01    0.2976463630E+02
  7    100    0.35618E+00    0.6550000098E+01    0.2910726331E+02
  7    100    0.35618E+00    0.6600000098E+01    0.2889559773E+02
  7    100    0.35618E+00    0.6650000099E+01    0.2901384516E+02
  7    100    0.35618E+00    0.6700000100E+01    0.2895229011E+02
  7    100    0.35618E+00    0.6750000101E+01    0.2880960768E+02
  7    100    0.35618E+00    0.6800000101E+01    0.2867529566E+02
  7    100    0.35618E+00    0.6850000102E+01    0.2831286679E+02
  7    100    0.35618E+00    0.6900000103E+01    0.2865329052E+02
  7    100    0.35618E+00    0.6950000104E+01    0.2809400673E+02
  7    100    0.35618E+00    0.7000000104E+01    0.2793216705E+02
  7    100    0.35618E+00    0.7050000105E+01    0.2778773481E+02
  7    100    0.35618E+00    0.7100000106E+01    0.2758235690E+02
  7    100    0.35618E+00    0.7150000107E+01    0.2733220808E+02
  7    100    0.35618E+00    0.7200000107E+01    0.2722455206E+02
  7    100    0.35618E+00    0.7250000108E+01    0.2714482012E+02
  7    100    0.35618E+00    0.7300000109E+01    0.2685908220E+02
  7    100    0.35618E+00    0.7350000110E+01    0.2644977633E+02
  7    100    0.35618E+00    0.7400000110E+01    0.2640569255E+02
  7    100    0.35618E+00    0.7450000111E+01    0.2598494634E+02
  7    100    0.35618E+00    0.7500000112E+01    0.2561808988E+02
  7    100    0.35618E+00    0.7550000113E+01    0.2598367401E+02
  7    100    0.35618E+00    0.7600000113E+01    0.2559365486E+02
  7    100    0.35618E+00    0.7650000114E+01    0.2567908400E+02
  7    100    0.35618E+00    0.7700000115E+01    0.2561686000E+02
  7    100    0.35618E+00    0.7750000115E+01    0.2514613688E+02
  7    100    0.35618E+00    0.7800000116E+01    0.2472513760E+02
  7    100    0.35618E+00    0.7850000117E+01    0.2487088289E+02
  7    100    0.35618E+00    0.7900000118E+01    0.2408241581E+02
  7    100    0.35618E+00    0.7950000118E+01    0.2461596380E+02
  7    100    0.35618E+00    0.8000000119E+01    0.2391082593E+02
  7    100    0.35618E+00    0.8050000120E+01    0.2412676482E+02
  7    100    0.35618E+00    0.8100000121E+01    0.2378816102E+02
  7    100    0.35618E+00    0.8150000121E+01    0.2359214865E+02
  7    100    0.35618E+00    0.8200000122E+01    0.2306367588E+02
  7    100    0.35618E+00    0.8250000123E+01    0.2348849538E+02
  7    100    0.35618E+00    0.8300000124E+01    0.2352864547E+02
  7    100    0.35618E+00    0.8350000124E+01    0.2281380097E+02
  7    100    0.35618E+00    0.8400000125E+01    0.2280935729E+02
  7    100    0.35618E+00    0.8450000126E+01    0.2227098659E+02
  7    100    0.35618E+00    0.8500000127E+01    0.2226228605E+02
  7    100    0.35618E+00    0.8550000127E+01    0.2196493726E+02
  7    100    0.35618E+00    0.8600000128E+01    0.2156959289E+02
  7    100    0.35618E+00    0.8650000129E+01    0.2163892070E+02
  7    100    0.35618E+00    0.8700000130E+01    0.2154110874E+02
  7    100    0.35618E+00    0.8750000130E+01    0.2124011578E+02
  7    100    0.35618E+00    0.8800000131E+01    0.2111425287E+02
  7    100    0.35618E+00    0.8850000132E+01    0.2065076654E+02
  7    100    0.35618E+00    0.8900000133E+01    0.2086199943E+02
  7    100    0.35618E+00    0.8950000133E+01    0.2021015090E+02
  7    100    0.35618E+00    0.9000000134E+01    0.2066265562E+02
  7    100    0.35618E+00    0.9050000135E+01    0.2019548315E+02
  7    100    0.35618E+00    0.9100000136E+01    0.2030401954E+02
  7    100    0.35618E+00    0.9150000136E+01    0.1990904734E+02
  7    100    0.35618E+00    0.9200000137E+01    0.1945824518E+02
  7    100    0.35618E+00    0.9250000138E+01    0.1951840509E+02
  7    100    0.35618E+00    0.9300000139E+01    0.1905855362E+02
  7    100    0.35618E+00    0.9350000139E+01    0.1952300577E+02
  7    100    0.35618E+00    0.9400000140E+01    0.1897749338E+02
  7    100    0.35618E+00    0.9450000141E+01    0.1877324670E+02
  7    100    0.35618E+00    0.9500000142E+01    0.1888022699E+02
  7    100    0.35618E+00    0.9550000142E+01    0.1831994482E+02
  7    100    0.35618E+00    0.9600000143E+01    0.1846141878E+02
  7    100    0.35618E+00    0.9650000144E+01    0.1806787491E+02
  7    100    0.35618E+00    0.9700000145E+01    0.1788896024E+02
  7    100    0.35618E+00    0.9750000145E+01    0.1754386570E+02
  7    100    0.35618E+00    0.9800000146E+01    0.1757786920E+02
  7    100    0.35618E+00    0.9850000147E+01    0.1734802327E+02
  7    100    0.35618E+00    0.9900000148E+01    0.1719356843E+02
  7    100    0.35618E+00    0.9950000148E+01    0.1724806566E+02
  7    100    0.35618E+00    0.1000000015E+02    0.1688930400E+02
