   15.802221871066664        6.3325839532978145     
   2.1842111939361453        10.547265119357597     
   13.365133228926535       -8.8663815221959297     
   5.9336582900765658        7.4963767559743202     
  -11.557344507899227      -0.81641238142224071     
  -11.182740483829322        8.2898393808163320     
 -0.15191569645578701        13.121666012594435     
  -1.3281021741772685       -12.736432904749057     
   16.045618074561336        4.0718643158437260     
   12.020714859235879      -0.47168114591299465     
  -4.9066747805862958        14.058829300855276     
  -9.6809315620434475        12.256063335665026     
   6.7919000584443099       -1.0910231587337231     
   10.178336326694859       -14.118132066966258     
   2.5234409882458686      -0.69387956969433273     
  -6.6529432020260977       -1.3129248785174357     
  -16.472243742366700       -2.0375571243232882     
   8.1955273774739794        1.4338896160458920     
   11.175847191057036       -13.341187999827627     
  -6.9998321555439187       -2.4164715956682215     
   6.0803551194674252        2.8347259075014790     
  -1.3526259839305901       -9.3995703449302574     
  -7.7348407642816142        4.2426264466778241     
  -6.7566081874206736        13.376707731849271     
   8.8091009826594480        11.457371197111147     
   6.4860571988731994        5.6112848751925757     
   2.5466258629238152        2.4076737848008918     
  -9.8579937797461381E-002  -9.5141972759505080     
   8.4049756095165389        5.8810996089768670     
   14.632137109325560        9.4240786984701561     
  -3.3016700695468075       -5.6635538383230770     
  -9.1163424037007825       -4.5608795948264911     
  -1.2880267460791777        7.4330961720475930     
  -15.794696842708740       -5.5906155686044974     
   8.7300772624919514       -1.2023837031885036     
  -6.4820133575437282        8.1197508772868439     
  -15.344856565602784       0.65699986003704058     
   4.5032309286848875        1.8020516253295176     
   3.5712199862317329        9.0021283776081411     
  0.81591027465264354       -16.181721812180179     
  -6.1471926787046360       -10.719856934095153     
 -0.40734421628876716        1.4510075475561872     
  -6.5718161426763846        14.895160798866204     
   4.7751813308266167       -14.736984308585354     
  -8.8413304177089831        9.7354658418885851     
  -2.6529015292362290        12.799100093552488     
  -3.9327863491546342        13.284949560226314     
  -12.988391721599335        11.586421060097889     
  -10.214298599815779        7.3059988772183138     
   8.8301974380268842        2.4339753948860974     
   8.8777508846700623        14.612255015278757     
   13.220062459011634        3.5469765519784460     
   1.0107577935139960        15.234302714002222     
  -14.244880476611058       -3.0424925451451217     
  0.47135863248530951        8.7959497574054666     
   9.0334264091305805       -9.1916029805312096     
   6.9706225776900386        7.0945056819554742     
   5.1435008131824880       -11.509800968911451     
 -0.55635443945568508        11.193699227519451     
  -12.334945169522005        4.0665609279303165     
  -14.492504754651591        2.8772818174025137     
  -9.4240074020327516       -6.0539528995097323     
   9.2248415498848217       -13.165870564562111     
  -11.465974671178097       -4.6316363453590625     
   7.5222956481295187       -12.104986557009518     
  -3.6040465819364984       -11.704946301453509     
  -7.7596359670371227        5.4083373034199482     
   9.8460373658621734        14.351705099450983     
  -3.3205768628423677        6.7746277985239258     
  -3.4393293344387650        12.175314293787579     
  -8.9852600361257711      -0.97399504961567995     
  -2.2178233190555305       -16.992156778999782     
   3.4585984951353788        3.6723988126397664     
   2.0495265909809763        15.395004774044132     
   11.035121867052991       -3.8115870898221544     
   11.277746878458162       -5.9478319421227264     
   10.101443484189623        9.1331767477139909     
  -2.1223694319267241       -4.7134919740285577     
   6.7079440385568116E-004 -0.99905222386031078     
  -5.8111990821450048        16.310639086329342     
   3.7012225583962621       -9.9828236242569925     
   15.288513227922090        7.6227624013988589     
  -1.2768883758831486       -17.338908934743831     
   6.4098139398983562        8.8795751465819563     
  -12.339848454694335       0.15580420285326882     
   3.7439511327159645        5.2751025249104631     
   14.524237677538199       -9.5923391799196427     
   9.2271017885314475        12.366051319452684     
  -7.8292231211524959       -13.018818823677121     
  -4.1463123525423766       -14.017213111540523     
 -0.25750079756100325        4.5019185512585196     
   5.7015047289013570       -16.388348100904615     
  0.14283992281670305        10.170957295952993     
  -8.7734415511804489        1.4974281347836051     
  -1.4692401205748289        10.757203287515415     
  -8.2314708579043820        3.1434115616980729E-002
  -8.2198308949361625       -5.2366914656580041     
   5.6169717122214164       -13.639437361814835     
   6.4087515824038848       -2.2567394897901525     
  -7.2422326990763040        11.426737738789191     
  -15.926151290160188      -0.15834183422780976     
  -4.2563468486384135        5.1094466846264393     
   7.1495204044059379        3.2004454715640374     
   6.0188299567052459       -10.700835391124352     
   4.5706158659511162      -0.20723685900009703     
  -15.393518469917030        5.7723093879117240     
  -15.139416360594256       -3.7959781088667666     
   15.097163544929685       -7.6417529470263350     
  -14.236233496144745       0.38031178937482746     
   16.950197383072375       -3.8768914101289407     
  -2.0904454168688797        13.933746775602147     
  -9.8581915489097369        9.5255281657902344     
   3.9788684572009014       -5.7601536767409760     
   7.6153206436222165        9.4749590708053706     
   8.2073187292504262        13.868724162121097     
  -6.9728578611923577       -15.332151284558533     
  -3.0633613674883966       -4.3715505495512819     
  -7.2169023513958157       -11.210169092292054     
  -1.2744862919927857        15.977012021370848     
  0.55041985648685388        2.7335846960983416     
   4.1734557697208290        4.3717381226965069     
  -4.9652178029021679       -11.533459709488334     
  -13.874011791383383       -1.3851910306693738     
  -7.2621392745242286        3.3619540713110023     
   3.6120613497560616        7.9889879462847260     
  -6.8534596606959166       0.62152786667165583     
  -7.7473248091882043       -10.354122724510756     
  -6.2159796810865089        11.017980798442974     
  -8.1648430485048085        14.843612792250269     
  -12.176807562326502       -10.633864153952072     
  -6.7263054936112212       -7.5771029518698629     
   3.6442886342252669        14.668022563288613     
   10.264292129155901        7.7818164581123108     
   6.3105904851303256        15.470826028908387     
  -13.811179280052663       -4.2640207891684572     
  -1.4979528077808544       -7.3939340438155492     
  -4.0037843042383150       -4.0314313704159401     
  -2.6686873829113749       -11.275615400381337     
  -1.7118260574043209       -6.3935258869325287     
  -5.0738938396637945        11.258404421234875     
  -10.659533284115554       -11.285999207508034     
  -2.2211350456882761        5.2412733749498628     
 -0.39416043244061610        9.3280799265137020     
  -4.9111564004085571        13.003222252545688     
   11.947191239692700       -7.3909723681922159     
   15.109195887897434       -8.6418211546272161     
  -14.329160900731921       -6.5616084271172070     
  -16.153003425293434       -3.0015075513028906     
   13.686626473277414       -4.5529562595211646     
  -3.7542269027352608       -2.8414981183715438     
  -8.8020763557818960        5.3825424456461315     
   1.4536474732388511       -14.836043498773654     
  0.48577904478802075       -3.1855404194904713     
   12.102882608193250        1.6109523066637448     
  -8.0885808607524101        12.017888330522615     
  -3.7969548057813185       -9.0762415059614501     
  -4.0368810706466132       -10.194032529495738     
  -9.3233997897814493       -12.682708568901864     
   15.975298445907457       -1.1931774646843110     
 -0.63059748873654020        3.3968821636254636     
   5.0361558426919508        6.6128105662657068     
   12.458503557074021        11.691809994606187     
   5.2416754831527212        8.2199818980426915     
  -11.852999098211477       -8.5412381268752675     
  -11.886793189804212        12.710049292625998     
   5.4528061607428402       -9.7114973616318423     
  -5.2212352447016821        9.3430264255198843     
   2.6346403943343262       -13.574157470545790     
   10.219533108060157       -13.047799194705641     
   14.616463437039878        8.3649632248423860     
   7.3244350487476213        4.1928029388146388     
 -0.28270674544796842        7.2030124637972124     
   15.355401062930852       0.72876732201986327     
   6.5405990426447351       -13.117147340984838     
 -0.75211023342339611       -6.6813253615767509     
  -12.669832721870707       -9.4640532424116905     
   9.1247998039104772       0.40924512485976738     
  -1.9549318567575065        3.2075492558884373     
  -10.718590646437997       -5.7796980392155017     
  -7.9260049251512799        2.5564779530293658     
   7.4528938574441765       0.27956340245236488     
   13.257278766719079      -0.18827842337368775     
  -9.6938263019390138       -7.7242526470593864     
   12.579309653313571       -1.3019913212600740     
  -1.3679725791100663        11.779692986408827     
  -7.6343398875755790       -1.6429725823422665     
  -3.1465172397956493        4.8590412070762543     
  0.88738660932429947        10.841588149031796     
   6.6847179378543267        9.8413267000842986     
  -2.7851194665549164        2.6471744061114095     
  -6.6108307585291248       -4.1236299435635644     
   11.848386080349140       -11.263128335747252     
  -7.8306605709171517       -6.1599719069941132     
  -13.777197475819525       -5.3492176056645544     
  -15.165288093758177       -7.3584103008940467     
  -5.3881151235461564       -5.8967514893604811     
  -8.8826686320745534       -10.997412490576105     
  -8.6887924222784765       -10.016692632899449     
   7.4620780020504958       -1.8330900198494862     
  0.37738587526231610        3.7234227454857236     
  -11.349909552650605       -6.6217687798551506     
  0.79302012643775610       -5.4381914609996809     
  -12.472055178537031        1.4271299530734833     
   7.2465388426201978        15.825212452189565     
  -1.4002991241178451        9.1731284794921351     
   13.355755439692548       0.89127590963520575     
   5.1093478185553698        2.5971735710678159     
  -9.2123266024728050        10.683484512112656     
  -8.6913822565996899       -7.7242525466786764     
   6.3829335214948539        3.8452218007706063     
  -3.5145434887357720        5.7885861947788078     
  -6.7591484702140656        12.305109390526109     
   9.6838582704356231        1.9117887514636005     
  -9.5314657296760625        3.5445665862599602     
 -0.72010835365050896        2.4008419853234706     
   10.655950681402308        13.762357639560786     
   7.9152860132616496        11.990784995423729     
  -10.205601533295946        1.3965630140682632     
   6.5623375453668817        1.9176074595412378     
  -2.1281433803281313       -13.335722052629198     
  -6.8566145489446795       -13.257889669516580     
   11.168405706590704        9.5852913641664443     
  -8.7085037497624835       -9.0164151767269036     
  -4.1891175368033888        14.799660464279691     
   8.7380441261681341       -2.8696385859445468     
   17.342638742981674      -0.95220707542922334     
  -7.0003753085571701        8.9775413602812648     
   12.052907618097498       -4.1141750832849837     
   1.5409877658118276        16.995434545185024     
   9.1963954926163876        7.6386956955254668     
   13.386336801824701        4.5346749367566241     
   9.2322423010471351       -11.937689753075139     
   1.5254840009388875        14.269841587546244     
 -0.81279396850925878       -10.309003864200584     
   8.1965528126739660       -9.7465013607315996     
  -3.8196276873613475       0.26294055650378600     
  -3.0947608379096121E-002   12.128684129789324     
 -0.64840101938647732        8.3594837475611481     
  -4.9772384469405191       -10.533825016295532     
   13.182618510935486       -11.364585942998559     
   2.6136893193697381        8.0579167866008810     
  -1.9471876205650060       -10.582317975908412     
  -4.9637648376815804       -3.7533977048456997     
  -2.0309842828787237       -8.6503590768601875     
  -5.8644565228133958       0.47551883331799361     
   5.3909189739662891        5.6772106253309778     
  -3.1157610610107285        13.861022117677793     
   7.5034864445657208        2.2562117162666002     
   11.425258169360092        4.2856070690802603     
   7.5522196641232497        14.624289593146312     
   5.8834172094380319      -0.67146502556298149     
   6.0548502083007989        1.0555769714061063     
   9.2973533074026644       -5.4471632100642582     
   11.123109079261601       -10.571886321110432     
   13.026065033962420       -7.7819463456089384     
  -4.6453368679522837       -15.718281366241889     
  -9.6857340367354681        6.4541619901129517     
  -13.434578236789692      -0.45246857085715603     
   3.0184683128525540       -8.1530495950923338     
   8.3334457049155990        4.4445688084866397     
  -5.7175778752576427        6.0132659997015914     
  -8.9243099721295263        2.4892621774195924     
  -4.1254527804797165        3.1153614848704132     
   13.901553191290523        10.122176237149276     
   15.220301086157999       -5.3524656829642314     
   4.6329125961191204       -9.1082740013257624     
   6.3168398049791668        10.991224529155048     
   11.342618865230934       -4.8175516401519483     
   3.1091558827884374        12.581084634715390     
  -15.115772288729131       -2.2914652420858186     
   7.2240474283946554       -2.8455343843591732     
  -9.8345404147235644        13.500283711144164     
  -4.5114216567837238        8.4761449607489983     
  -3.5611019676266147        2.0034800444491112     
  -6.9985339957949337       -9.4847149561910378     
  -3.1957967440760724        8.6533207195854374     
  -2.3198863110518921        4.1395687016302940     
  -4.1777596510887811      -0.77587266011063882     
  -8.5612035500002399       -11.947959465077167     
  0.10339882278297680       -6.1636080590213167     
   1.3736770568496217        3.8513984415600024     
  -5.4971002275815115        8.3084137906355231     
  -4.5312010128336144        10.138634028679427     
 -0.65032253013562669        5.7130901369977956     
  -4.5248409712018196       -8.2840379715213945     
  -2.5413017502373783       -6.9535078625549707     
   16.996379750718681        3.7497434612333613     
  -11.475558991418628       -1.8139495607940297     
   4.5977193146316679       -12.566314063661936     
  -9.1960281403058506        8.7624716193508583     
   15.852965900825483       -6.9870884912922673     
  -9.0880778401331188       0.54732146864066933     
   10.264926415530923        5.0859183149824574     
   5.1544328832984565        12.641889839524682     
  -2.3354887055246714        10.255597371763521     
   3.2890937805299965       -10.894109250661081     
   14.582081584265550        6.9143641514227792     
   14.515000826995346       0.18153319312284974     
   9.3190158439903659        10.139200602755851     
  -6.0106813333087814       -15.668267769313029     
  -8.3604597634974134        13.862127245150642     
  -8.6748757694658067       -6.7220585687767418     
  -9.8057978198777995       -13.736472929407443     
   8.2257348311093512       -13.196917867072868     
   2.4156338789401981       -14.550460042497864     
 -0.50559456139849634       -13.953944258596863     
   3.6051906143106658        10.037052010872703     
   13.038668351422192       -2.8162887001419739     
  -12.848063238547416        4.9257673507339854     
  -1.5646719803900415        1.8636012147274328     
   12.453903362242841       -10.465626346713325     
   5.0384181423683616       -3.1949066580757526     
  -13.315770636486889       0.85742856703382597     
   10.127449982346468       -10.751202073645166     
 -0.18098486820216605       -5.2049822577639198     
  -12.524072609944119       -5.2303704577516434     
   14.455783256132181        1.8735903745026272     
  -1.6547855485842866        12.737146190294675     
   16.432808937925568      -0.30221605952512698     
  -11.376909119938849        4.3535754145767678     
  -14.786010185697995      -0.97122596574823117     
  -10.882535203808613        2.1367695251793264     
  -4.3151040842422503       -6.3745368748890687     
  -7.8973898433125509        8.4831755271812508     
  -5.7663305935001086        13.521554675583065     
  -10.394247496176424        5.5629580479639031     
   11.468226966245936       0.40123646999195473     
   7.2528280419676197        13.571375568110993     
  -7.7746022476007912       -7.3245803425470566     
  -10.580568811959381        2.0802850598478397E-003
   1.9780066374904186        1.0862545989989625     
  -14.602984179148692        6.4051996020715949     
   3.6279556391009553        2.3494704457482931     
  -16.856189968808316      -0.52518166777445763     
   8.0068443159514544       -4.6471853702828589     
   8.3175903089476328        10.185826604068762     
  -10.700495019290079        12.147431696858938     
  -2.9274429003557523       -14.180236691947117     
   6.0323848414229504        6.5019099343942885     
   10.410577310561020       -5.4497433740583974     
   3.8269412925121120        11.884298316856679     
  -10.539521874849877        3.5303980164276192     
   10.577468436285779        10.854941112610632     
  -4.9613125579877932       -9.5333313323318443     
  -7.4646550323201009        10.442135728064750     
   3.0534122523926541        1.5313857121596053     
  -12.577271342261545       -1.1542424526231536     
  -4.7158884173849511        5.9973237291537842     
   13.088891562691293       -6.7816780031747834     
  -5.6002397566692812       -4.5249915576965396     
  -12.918003086248298        3.1192061455608040     
   5.5368262934808392        11.686497373608841     
  -1.8975375584540950       -14.447237017677006     
   2.1346876104429695       -2.7648517681310416     
  -10.214220593527662       -2.3243599449630854     
   2.2730999014203714       -5.1235514869833825     
  0.33411521708161995       -8.3226147322379145     
  -7.3776692545056353        14.227020701632759     
  -6.1296202758378202       -6.5973411675014013     
  -11.130127846703589        6.2803845077357678     
  -1.3686715315199245        4.4667982876843553     
  -1.9022722751338603        8.2229850909814068     
   1.3095319038519571        8.2417319738891983     
   5.1749983729613556        16.210857952768379     
   6.3967386951382545        12.755248457549653     
   4.9027371307654430        10.793219065835043     
   6.0097983578736143       -8.8145402596173117     
  -5.8894323333417358        1.8742714342157558     
  -10.574176265501302      -0.99934171500473057     
   12.730757003192847       -4.8503711321138567     
   2.8108814281866183       -9.5281532010254821     
  -5.8161033232093251        3.6260225648678572     
  -2.5648562703789648       -16.025832376644082     
  -5.5229831096212587        10.297886637487878     
  -2.7762114545069561        7.6136796428796183     
  0.72878106724678293        1.5365815897018495     
   5.4622625475452944        9.1976725763013683     
   13.585576710424046        2.3781778742917683     
  -12.925911871838276       -3.0003176017591304     
  -9.9217143038702957        2.4117141978813410     
  -11.475778196275606       -12.965178114024791     
  -5.3154193280722790       -16.463477009959192     
  -9.7581327635842516       -3.7167132617800993     
  -5.1752632125797353       -6.9132062767522786     
  -12.070439134689297       -7.3389380681105107     
  -4.3494673411251803       -12.857078936616160     
   14.711920320041246        2.8426733149215053     
   1.4086794386357260       -1.0970990629980730     
   3.5389673885194366        6.4511849634936169     
  -4.2365721747856337       -1.9615990083661894     
   16.751551292402628       -2.8015068772510046     
  -5.5091635753651547        12.200278198125222     
   3.0955234980899333       -12.179265608837246     
  -2.3972774781109840        9.2570909796469802     
   5.5685187530575844       -1.6217037549190518     
   14.576055883048484       -4.0921477207483150     
   15.578463761059881       -3.7784034496854115     
   5.5140690611311891        13.592277276193430     
  -12.058338638681191        5.8532303889020536     
   1.1282818338115439        12.545477581478726     
   2.1766351165326978        6.4410451495898577     
   5.5223756867197915        14.638182261620750     
   8.8578196418754196       -14.662705731322948     
   3.6427847198130126       -8.9734095364015474     
  -12.057857089300716        8.7738807149347497     
   8.3707700060614769        12.882648866465022     
   13.317294383115845        5.6948259091185900     
  -3.1211432845574194        11.186452137198749     
   5.4618957061049853       0.24923127053368913     
  -7.9286593150752900       -8.3880647362802048     
  -3.8505038803390046       -16.328453714570426     
  -7.0341131021855272       -5.0406656602666171     
  -7.2821488160940859       -3.3757752544206192     
  -12.139517822930243        2.4878462570795405     
   16.799064646918598       -1.8004035371015639     
   9.9527590952407810       -4.5570245699115670     
  -3.6197616177086527        3.9785309479288040     
   11.527006429262405        10.532736751320014     
   12.469814611195906       0.42802653221108544     
   6.9343401697412714       -9.6173615576278486     
  -2.9767399204870881        1.0129670483584123     
  -3.2189795199499875       -17.103549263071368     
 -0.61129995939174997       -8.6529872275674435     
   2.7394218899184195        4.3761765541065287     
   11.646658504260071        12.932038095497559     
  -4.1856631398803223        1.1949800693372155     
   3.8060053371260900        13.298936963843262     
  -2.4985755190552577        6.2055194907963767     
   13.249738241168242        8.3753445055266909     
   17.377399682188127        5.3454614155840317E-002
   9.1738680555285406        13.611289250815615     
  -13.816558787556250        1.8961156562815356     
   1.1403993681904809       -2.0612796651320933     
   7.7590104472246209       -10.741647123250390     
  -4.3106307487420281        6.9110432273922555     
  -8.2705659156400859        11.034336407890580     
  -7.1064782116626679        1.5910576220759962     
   4.2133819659782414        7.1897782931386596     
  -7.5638020580169423       -14.442161528338771     
  -13.091378094902666       -2.0118212661175616     
  -4.8093254642369976       0.41147887378060322     
   10.280568330794688       0.54366104189767628     
  -6.5116365838538517        7.1169274705064138     
  0.13119721785294530       -2.0114207674090991     
   6.4625828970761638       0.14260395895142808     
  0.15735956653595415        6.3038875793002296     
   12.321115090935439        9.9252824637308255     
  -3.3716526292908431        10.132123866191971     
   7.5529547313698382       -5.9533320560088470     
   9.1219118132055268        6.6410060707682934     
  -5.9459410314357957       -12.842807252406075     
  -15.664111949914208       -1.4490280856585660     
   3.3811221772780349       -2.6421604520022037     
   4.4666178074683112        9.5213077450036696     
  -10.178763429339904       -6.7105553840293179     
   1.5457621743501742        2.3943840183466971     
  -5.1781447333720205      -0.72891115879486656     
   11.457308157746537        11.766717665747034     
   9.7274859014459327       -1.8920332671940525     
   10.285799787581269       -9.7629005990248974     
   2.3972518255017183       -15.551022780938236     
  -13.335006991813835        4.0464113615422148     
   10.373106665543130        12.102587958973027     
   4.3104030957637214       -10.951289875087648     
   14.187364188557071       -8.0674020749593183     
   2.8231021635123237       0.55059904640506452     
 -0.37407076674683531        14.445513382885784     
  -7.8507258625467786        9.5082629136194541     
  -9.7872467178823612       -11.796443597262599     
   10.539638143067780       -8.7730358533908621     
  -10.810395183493830        9.2215134889312615     
   15.314242642237806       -2.2901262646878444     
  -1.1473569581783343       -2.2263070096622917     
   1.3920428339199715       -17.068725054530667     
   9.3769034247186944       -3.6383491102176291     
   9.9817778284996947        13.022958865248793     
  -6.6897292562613160        2.5413765870396832     
   10.896570045593451        1.3395538670363203     
   10.899992136206460        3.0405078043393603     
   12.504844493256916       -12.107483590410872     
   10.154429893822122        3.7073235279289736     
   5.7357799344188516        10.159822957420424     
  -2.7591423992131547       -2.7490392944497675     
  -9.2524461823474358       -2.6374005499421433     
   1.3666641594673936       -11.925840662512389     
  -12.987014334633585        8.3899053293744199     
  -7.3013569928667579      -0.33704959572479337     
   12.226054968608533        6.6282088663570127     
  -14.863418639938851        1.9491296654336967     
  -11.119891090709858       0.99190869392674497     
   11.389204102205518       -8.2221715173408381     
  -7.8971547871192245       0.97515617095182150     
   2.3230222030651131        13.245177195795476     
   1.2306099183197610       -9.4547998985681847     
   2.6094210302886420        14.381443633096151     
  -4.4100511421646269        15.887157760121106     
 -0.32754675808542810       -12.673049230448292     
   7.2202023512713520        8.2158518742165967     
  -8.0028080651669260       -15.456767603477223     
   14.212390303774054       -5.4130941481710106     
  -3.9646650289717238        9.3145878980333290     
   6.2515955504083349       -4.8904953673394855     
   5.3948724057674520        3.6896487242080771     
  -12.326830167230460        6.9989572946212606     
  -15.702530548868610        2.5394217515690247     
   1.3099233406457504       -8.0551379465831374     
  -13.458478279389819        7.2948869576308839     
  -5.1866231827381792       -2.2984099283686250     
   13.310290285792687        10.961344273401126     
  -3.7931298458433931        7.7720441852860489     
   4.6320785147149515       0.80921312263282241     
  -4.8896164047039878        1.9129658308290576     
