   1.7901122464663035       -11.373049701773567     
   4.4161432231252693       -8.5957035396754460     
  -1.5047118726371462        4.1242214485909585     
   5.6439821474974279        7.8378201450390756     
   9.0880689193487179        4.0277904285936428     
   6.0257738784791348        10.795098105711718     
  -1.0900686968371405      -0.52580284619155471     
   6.2517454401109704       -6.5168690113523562     
   5.7666972028144262E-002   1.0202715608937667     
   3.4087494779762713       -1.7102506445798253     
   6.2553066789804070        4.1776908837910165     
  -3.3056180532625699        1.3405477307464955     
   9.9163349099795450        4.5909648693499854     
   7.1365920266133998       -6.9834714762001466     
   4.5633548024959634        6.8934813036389890     
   5.4319353826336902       -7.0900547803362359     
  -3.8493782000016816        10.682748450147171     
  -10.074525363307293       -4.2571177561381583     
   11.253490577526222        1.9614237502101983     
   6.9297260809896395       -1.3873377924525283     
   3.6673499322715033       -3.6927403019346223     
   2.8720204694082425       0.74748305868893261     
  -4.1794641852846777       -1.1614377820326494     
   3.4960908727362039       -2.7068239220022026     
  -4.8804599644410631       -1.8751310480395720     
   5.1514051727964079        11.280132228871409     
   8.7291893776334586       -3.2960997130438754     
   6.9687908960440756       -3.3898281535073953     
   8.2612450993840909        6.3326262460234846     
  -7.4752716620375574        1.4330357704951573     
  -9.1006486715936870       -4.0313612946321093     
   5.8165919326264159        7.7635583991616075E-002
  -7.9996717527523042        8.2658358176896094     
   5.1679613615987172        10.279920294107253     
  -1.5217158117038037       -8.5872629627862018     
   10.495488966286977        2.6136523181917868     
   3.1920551703020990        4.9494906377582355     
   2.6721140721976573       -4.9825960327867653     
   7.2559366929932363        4.2060966436185110     
  -9.0977939204914797        3.3935495183638373     
  -2.2460170929975285        3.4528756502117863     
  -7.0861036598704112        7.8581797838569551     
  0.92672385576604688        12.299196740094271     
   3.2150453660228258        3.9484611490186379     
  -3.9987029184935026E-002   5.5001554273406876     
  0.97483940964423510       -11.952197477616636     
  -5.9075194877760859        9.6684023947703128     
  -4.5439029540293845        3.6461248953642413     
  -1.3171030610278391       -1.5010971696445985     
  0.80325304090641358       0.35431754341681437     
  -8.0849813574389255       -5.4089926843053009     
  -1.9564397057884182        6.0737307311778377     
  -1.9734202138053170       -6.6985270968241748     
 -0.69106830524486818        1.6848801455610756     
   2.0222057235611599       -8.0524767885790016     
  0.62665563462777074        10.183442085572610     
  -5.5444178074617332        3.6402343829963972     
  -10.312010154197729        1.6417016549131918     
  -1.7933087805678360       -5.7154159243169360     
  -4.7346531492320638        11.147346909178959     
  -4.6947250114942563        10.148286854179206     
  -7.8274400859721975       -2.8663439020460548     
  -10.747514872934326       -3.0441270208266586     
  -1.0520789345012753        10.522363606347280     
   6.7798669609053253        3.3261072158064140     
  -6.0136888636103540        1.7728916322825146     
  -6.8627769328730750        5.2291470169222878     
   3.0690686610528672        2.9590449799628824     
   5.7485160105900528       -5.6525183434019173     
  -2.4455692167109571       -8.9736326321809265     
  -9.2499357866985807      -0.16453987139666645     
   4.2280202826838282       -1.1368040705658702     
  -9.7203185883859966       -1.3260716606288521     
  -8.7523468712932786        5.3637281367791987     
  -3.8079233657885618        9.6838889824904761     
   6.6111535766056688        8.0976563569299618     
   1.2989866014837437        3.4024555386667203     
  -10.857952931630228        2.4796365208286724     
   2.2844608757538833        3.5798353570851287     
   9.4072600280087855      -0.70697468649041251     
  -5.4640177130431056       -4.8501470848673129     
   8.5612271818852577       -7.7356782071046366     
  0.59691047347052539       -1.6513227139803019     
  -5.4558782328038937        6.5322037539378845     
  -6.7434686501241153E-002   12.409200798662091     
   6.5456518474128673        6.0941060306689305     
  -4.8298470558548265       -6.4646708109163908     
  -8.9904752686751603        8.1258534233570110     
 -0.62053677885547043        3.6562830196404765     
  -8.3995691064081583       -7.9554709510902768     
   5.0460020895619024      -0.56196155182530116     
   2.7797458622364379       -11.224926464025259     
   2.9925606440784298        1.7396191454860557     
  -10.544424877547867       -6.1498989791465908     
  -10.085990844700451       -5.2597575148961067     
   3.0453071133497214        11.839715177055878     
  -4.6818381891590342       -5.4730784553365366     
   6.0925534760349729       -2.9035095776884501     
   7.6577641977969382        2.8474667520613162     
   8.5385677702089318      -0.21137996688990554     
   9.8383238538852211        7.5614001366059362     
   1.3787908880576152        9.5237721580952854     
   2.6452003735294931        10.922901488430544     
  -5.6114118948178966       -5.8395013973701593     
  -7.6992139558844990       -1.8735313069692456     
   6.8282887265856855        1.0836153063734142     
  -2.9004401681048528        6.4030884100783529     
   6.2657018065967280       -9.7108711896812299     
 -0.25983322925891433        6.4779131142053750     
  -1.8373475445095639       -11.392237930021139     
   10.704256897942235       -1.9563513434064823     
   1.3390446238169680        8.5233783538988011     
 -0.38281301122592748       -1.8610096015059687     
   5.2710652538950908        4.0031650106541488     
  -11.444542530087961        3.2886587404390859     
  -8.8056657608866740       -3.0757700543322151     
  -7.8960225927166627        7.2708371994813463     
 -0.64610211703053211       -8.1036499768258672     
   2.6800896472737823       -9.6194376654315512     
 -0.99473375604329206        5.7991690392257240     
   6.0435605320477519        9.7951586309680323     
   8.6999390715877780       -5.7428734966003203     
   5.1342851895870876       -1.5601512509944477     
   4.3150048458133332       -2.1332533524393980     
  -1.7133689471118074        5.1029762912962466     
   3.0638118372869849       -5.9029622620550528     
   4.8343576318908319        5.9306700869141462     
  0.30480430824624610        3.2749090489768200     
  0.25837030949513023        1.9996416046908765     
   11.951331260907958       -3.1623899104120499     
  -3.8902110999396498        11.683623390794748     
   3.5942211646259348        7.1405911913925353     
  -5.4004688872156867       0.98167847603538938     
   8.9121205658636526        7.9390419319696557     
   1.0878521255556308       -8.4104214111872668     
  -8.8776656415255601       -6.0195798842694188     
 -0.68845435724434301       -2.8127562469262157     
  -6.0435285902700269        2.7736329913647815     
   5.9015429734917495        8.8048414471487639     
   10.309816407505945        1.6312040607536242     
  -2.9155248947237800       -7.0373797557174083     
   7.8693353763032565       -6.3007030548852843     
   6.1087563168776091       -3.9029550213303228     
  -2.4560884772103884        4.4308922302110583     
  -11.234577643850415       0.19147617333041497     
   10.284253004340780       -5.4486453329806688     
  -2.4169673288163516       -2.1039834721908965     
 -0.19881112673818968       -5.0661272853035486     
  -8.7619965127942709       -1.0389900876922655     
  -3.3110067860354784       -1.6565313960142425     
   11.068645724332146       0.97900864744127913     
   8.1232730532403092        7.3235713249228160     
   1.0071045208146097        1.3344390625318108     
   2.7110263384304711       -3.9835785603077736     
  -2.7120493750643861       -10.906314583687587     
  -12.181360311456141      -0.13145370878900031     
   3.7773518947363356       -11.287862897721732     
  -6.5443524066050989        3.6404813035470656     
  -7.2666502034235689       -4.8313060588831913     
   11.438935046492954        2.9448597815109538     
   8.1347238518656955        3.7264833516773805     
  -10.039196035101224        3.0561135922227396     
  -2.8204964331018170        9.5273998142226670     
  -9.7807465189810632       -3.2988423183513316     
   4.6075394025827023        2.6985942050296843     
   7.8242064940868010       -2.8715531073820282     
  0.30342830332675530       -7.7900775041316006     
  -2.6688094528044659       0.56916111501429689     
  -3.2525054558797830       -2.6552075572789993     
   3.8647640615351064        6.1779346039332061     
   5.7382741148878589        5.5018878542432699     
   9.7541349499762209       -1.6458253390065729     
   1.8636253240246883       -9.0420146690675764     
  -6.9830345635356847        6.8630277868175362     
  -3.9916195023867185       -4.7487673148590526     
  -1.6081745464258752       -4.0099926141035205     
   9.0494444988752996        6.9475546283097591     
  -1.7198748982568219       0.25238718963296786     
 -0.48888609848300413        2.6642319571963116     
  -3.6443955990854309        5.7346395429656400     
  -6.8942930941120917        2.2475794088508230     
   7.4719252711951603        5.7182236904845372     
   7.8044440356377756       -1.8712747984754228     
  -9.8600817814992041        4.0411322397051448     
  -1.1881820035617006       -4.9180992216209738     
 -0.79058608468359770        11.718287850641406     
  -6.3609145930736828       -4.4059996774372951     
   9.5428268185332268       -7.9324233842372820     
  0.28941240997236267       -2.6028265468650829     
  -8.1761444251855835       -4.4131313895908502     
  -3.7095590398621932       -10.818882178434640     
  -7.1312261714686578       -8.5158277373221836     
   7.4480475516437101        1.8694494834622553     
   7.3344316043232842        6.7090703453728056     
   7.7867909975030321      -0.87110552813234210     
   9.5598959122560760       -3.8517408306178553     
   12.012521076484699        1.3094439602632999     
  -8.9175361600910996        4.3773568494445296     
   6.0740241884455903       -1.9039223956631328     
  -5.5803891404399844        10.613833406665139     


