  -1.1544883909878589       -1.6065052888988485     
 -0.71552354762001580      -0.13245549051379329     
   3.4815162187475712       0.44520959300970331     
   4.4688614105903905       0.72199486154657733     
   4.5076830661664715        3.2637390526506085     
  -4.7402956114052737       -2.7100766124874962     
   6.6887989680290430E-002 -0.70386145204864192     
 -0.55136306506021293      -0.95082870248704576     
  -1.8885001005134479       0.93348241288996514     
   3.7625192520403474      -0.61600437089115445     
 -0.36105116734626441       -2.2547630918328467     
  -2.7127227136535095       -3.4027092094683815     
   2.1606373626292701       -2.4477711733500960     
   5.7411147405965339       -9.3361654732512081E-002
   3.6214234987368692        3.2658237175197540     
   5.3339679229149741        3.0513015729142414     
   4.8614724573265402        1.6029551693715773     
   3.4346211525402781        2.3933830016451738     
 -0.73798418746016192        3.5157247403990111     
  -1.0132478959229245        1.2014958406269252     
   1.6101365394275473        2.0882359304290503     
  -2.6716540730696270       0.10452796666869882     
  -4.5683884814884417       0.97534865229518464     
  -2.0832758861354330        3.2628258377551784     
  -1.0180088630044057        1.8328228576249881     
  -3.2280155480568395        2.0798931746870220     
  -5.9924893996067796        2.7482672957506349     
  -8.7458334670502875       -1.0451676487087074     
 -0.49616011888153461       -4.2910003336631473     
  -2.9934326963618592       -4.0666466033722788     
 -0.74045733444263806       -3.2484056101871768     
   2.4806916170715567       -3.8150846399804506     
  0.24255613119114183       -4.4455783738527250     
   2.8227265996737967        1.7241810843456293     
   5.0069256668058353       -3.3817852331030362     
  0.82603946743641710      -0.21940634924516342     
   5.2928315353766493       -1.9299759620104391     
   8.5487118373507993       -1.3220613575374893     
   9.8351445131126116        1.0470937073203512     
   5.7784477695542842       -3.3337587259891066     
   4.5086482367990257      -0.35857838999914415     
   6.9120442055151763        5.3594587641270399     
   5.7623611898811626        6.5924366798679346     
   3.7999973213592813        1.5394663484876423     
   7.4379018458159925        3.9000996285195395     
  -1.3027438780651643        11.071697962775868     
   7.4772732949872980        8.7148778532046567     
  -3.8404319076888584        4.4244727794498981     
 -0.23051038277720348        4.3008822623293828     
  -3.3335932866333868        5.8557365470926328     
  -4.5752133449487049        4.5268966461887077     
  -5.4724417867135413        6.4847216501521157     
  -7.6576134945958376        4.9279735325154972     
  -8.2070178756283578       0.33375884200323663     
  -5.1823726393084311        3.2941489316620332     
  -6.8680745873300362      -0.43813216100508401     
  -12.180077662054680       -5.2264773972370868     
  -6.0316835913901663       -4.2709990247313847     
  -8.5061557635264453       -5.3100098684070272     
  -3.6159136695152978       -2.6111517790881491     
   2.0221592807656172       -3.3664969913018181     
  -3.6718164435170508       -4.7191761607315810     
  -1.4579302404001435       -9.0984723959506510     
   3.5881976304854297       -9.4909877298816152     
 -0.48803902861692566       -7.2082555989544090     
   1.8979290143772882       -5.5681245029576782     
   3.0946689736538757       -6.5835540610919683     
   4.3145331223413583       -8.9604808477460196     
   10.165763824990540       -5.9558347210165525     
   3.2262354641078170       -3.0477445512123214     
   7.3529281306889445       -3.5389060812871924     
   8.9468484179417107       -3.0211974660526191     
   11.823129092267406      -0.46927995223682600     
   12.151705463779168        3.7888558830188499     
   14.548622866155199        4.3246802057083693     
   9.5991721236702308        3.6645438224470506     
   5.2123217303482736       0.27922168108588585     
   6.4150364539304370        5.6469952032619943     
   6.9307196065995003        4.7686533548921695     
   5.5058640866072830        5.0774099697354407     
   6.7533530484997062        11.058788257341128     
   9.3154196431260665        7.4846390162214869     
   3.4078763052262535        4.9348464529617457     
   2.4333353031971519        6.3725734773013976     
  0.65928977937130029        7.2960632685431070     
  -1.9632805470214365        6.1432874733985710     
  -1.4361583882372997        8.9517370844620601     
 -0.79635246145144767        9.4247806115374004     
  -5.2874175818874667        7.7715269226791852     
  -8.6550312181254512        8.5857648557174606     
  -4.1055254870655853        9.0434499336378646     
  -7.9704622521018100        8.3112196633610473     
  -7.3633541425913647        5.7898105324258315     
  -9.5568781972078050        4.9647986044927128     
  -9.7213097332011049        3.8878068304905358     
  -10.745882215003546        2.0024835043648057     
  -8.7930507221466456       -1.8143692794968387     
  -7.5966039383369282      -0.73306789327906818     
  -16.046341517080066        1.1124419310258511     
  -5.2291393122592300       -1.0966060054751805     
  -7.2550975533303923       -2.0971555683347201     
  -10.163208508339654       -5.0550268720252109     
  -5.4849490402238432       -5.2520992487883627     
  -7.4339731623329666       -5.9650797331022911     
  -9.5790571745485309       -10.182657878544394     
  -5.6691793262059544       -5.5135306681285909     
  -6.2905500066276456       -8.2485338496014418     
  -2.0764488497552662       -5.0287982209849504     
  -1.5558607053249072       -9.7624780750066016     
  0.39927977676737991       -10.706161600878241     
   1.9118082817471507       -8.2852827039753993     
   3.6663608227981768       -12.484892247401437     
   2.6352365726451072       -5.8080588477291366     
   4.7131535152541852       -7.3925934345564368     
   3.2033697129945935       -5.1181478492762098     
   6.4308834008600400       -9.7929725308565061     
   4.2164817912978041       -5.2299288280013849     
   12.636842047798906       -2.6373261790029825     
   8.8500522984622609       -6.6924643609829264     
   9.5199075904475965       -4.5933395754232400     
   9.8656387604132796       -3.2563180266304168     
   12.979442050282776      -0.83967598188939152     
   13.544563699665183        1.6880687788707818     
   13.840374790947717       -1.4593839178647499     
   7.5938473328436036       0.54185633907177799     
   9.8215600207168148        4.4385708603276299     
   12.168463674443929        7.8159029290475095     
   7.9638012488085783        5.2671339303354738     
   6.9781908539402782        3.2107387371770471     
   8.6303408750676365        10.492224010845396     
   7.6552194024060052        7.3784237187843384     
   11.473974899979693        9.7651816192585521     
   2.4604562784977975        12.456629764286712     
  0.50118438904522955        15.041476890997290     
   2.8803141243895483        9.1622011166525006     
   1.7759454662412231        14.522789185933425     
  0.82420596483022779        8.6934760908337054     
   4.7457350398477613        7.2854571476563299     
   9.2408378630071453E-002   8.9279028196686134     
  -2.4358413775547034        12.433317568996110     
  -8.5971582770717720        11.991641921689535     
  -5.9643418158419301        14.159050348671389     
  -6.8680878674330952        10.619029696296751     
  -7.6875908732686780        10.453179082485400     
  -8.5372118239279580        10.633548821421215     
  -15.310793103716264        3.2046226694671338     
  -10.415602801843301        3.4297439760439321     
  -9.3996644447948725        3.0460299570010183     
  -11.379553468196047        5.8216209538568826     
  -11.660001838373512        3.4268560022183308     
  -15.890437758385552        2.0265512912430990     
  -10.157544773359716       0.68458203276317198     
  -10.458036744943628       -1.1835054499970104     
  -13.131216156464538       -2.0230987583557347     
  -8.6013440224162991       -4.7851470555442406     
  -12.590568782703524       -7.1824220690398359     
  -8.5964120960837054       -6.6214494951690401     
  -8.3524367965009603       -8.7308607257343169     
  -10.522333883187184       -11.445984968381003     
  -8.5635120637356987       -11.526003711232535     
  -6.5099611584170258       -8.9453456144039709     
  -4.8625835515971811       -14.954325862655857     
  -3.3835973714278720       -6.7565961847462050     
  -7.8373948856807374       -10.985570861140628     
 -0.70514568569383163       -9.4390939893625578     
   2.4266113521659105       -15.338653068397120     
  -2.4451326209579713       -17.623291385263045     
  -5.9291987511886995E-002  -11.587338250898014     
   3.9220812495509061       -11.932442178631993     
   2.8279475827138301       -10.484893551949190     
   5.5061937553253451       -11.196893529604910     
   5.2551890541622441       -9.9255753731201999     
   6.9181922883119755       -11.328225237987640     
   6.1157734198543947       -9.0056428202538115     
   5.4301004549337053       -8.3860591732629945     
   10.758445797442715       -9.4908984609487153     
   11.832363853362214       -4.8028043354129135     
   15.270816323504381       -6.1465125567226266     
   12.248936725067864       -4.1722338615487820     
   9.4721056308545517        7.4265117051880575E-002
   12.019540420834534       -1.5156471882807403     
   14.586881700820081       -1.6614231778515427     
   18.002656187647450       -1.5795241753158518     
   12.009839816498920        4.5449164866722569     
   11.353627730347974       -1.4331279919000697E-002
   12.485367506648984        7.1022828835553051     
   12.488948732026989        5.1131743555765619     
   11.795373225283438        5.8165391976973719     
   9.4265020124516834        11.540373730924550     
   10.578948225964668        8.5671276521088391     
   6.6048015257160202        12.345630710755987     
   10.191720482824200        8.9046535562362550     
   10.532997237577467        12.835569190791658     
   6.7206891552573964        14.364325563084213     
   2.9008036926728433        11.751370753428874     
   9.2401560465523129        12.811418284206038     
   5.2228040729959986        14.794524746789930     
   1.6889911029080815E-002   12.390968322528895     
   1.9860004897533046        15.195242187760794     
   2.5969125537688886        14.208616430699166     
  0.33800458842171921        8.0678602887171795     
  -1.1624434113737097        13.214804572365068     
  -8.0398532900656505        21.019608349879238     
  -1.2362063566956238        12.478321623498983     
  -7.8621900875155859        11.628696954558928     
  -8.3787798182306119        13.271944584285979     
  -8.4880118062722598        19.114202561159434     
  -7.7630064874988021        12.826521487460649     
  -8.7378214601355761        11.206971903645520     
  -9.6318745979550915        10.199744830717069     
  -9.2857893560323674        7.6215470046074101     
  -14.651140064759762        4.6712181841492502     
  -9.2798968458528623        1.9411248104678356     
  -16.899931199903680        4.9564842911153297     
  -11.415986301369283        4.5759139391258659     
  -16.353398560354528       0.84514227317002233     
  -16.737609676286247       -1.9580429408155675     
  -13.680129742396417       0.25876379907056835     
  -14.971296038458290       -1.8395771121200579     
  -17.044380195431106       -3.4298857776465597     
  -14.982466483227256       -6.8968245937009263     
  -11.957001956963648       -4.1431718561503823     
  -15.961989985348119       -11.415935159934936     
  -9.4811876648491875       -4.9541787690465977     
  -12.487450832976464       -10.048746395946196     
  -8.1603795512338522       -13.360447114105375     
  -6.5638845752562167       -15.235937050765111     
  -10.443798530666440       -9.8129757472480836     
  -7.4730839005029566       -10.557240320461696     
  -9.8084067789133638       -13.598972530536166     
  -5.0342431532793857       -9.6719556480778941     
  -6.7435570315152926       -14.551035907693217     
  -9.7779710483636375       -16.698151932398378     
  -1.5097732501834937       -10.910004379212092     
  -2.2035616464243302       -18.338050010162156     
  -3.7114705132977579       -13.351985931508107     
   5.4740949839815620       -11.990714457614855     
   4.3267502205195898       -14.701244053917685     
   7.8684466376560902       -11.419818227028356     
   4.8664613695524652       -13.544475788095280     
   7.6747742108434789       -12.013324456388869     
   9.8808233347858767       -10.222582000606964     
   9.1010696656407859       -13.020412085740174     
   9.4836310118522853       -8.7617511219385680     
   13.924001118378326       -7.9669344367296322     
   12.704978642811618       -9.7294679460206073     
   11.773043926116788       -8.7908428556900251     
   9.2325762274683676       -5.7496257978970151     
   11.984270626548064       -6.7379616034570864     
   13.237539528732794       -4.4908534798953772     
   19.564439471934055       -1.6246974134921168     
   15.132269087713869       -3.1589566039994308     
   14.914632411567911       -2.2402323360227356     
  -14.387653528519369       -2.8618837098309986     
  -13.213370398891213       -1.1236066277720265     
  -11.109983426098301       -3.2320579203620063     
  -14.902561273361860       -5.1917549890943242     
  -13.010340969230000       -2.9168936969773345     
  -14.201013888238577       -8.3479524250750199     
  -10.807614223428004       -4.1377086066304125     
  -13.788103408659374       -9.0428332182128592     
  -11.334069541417181       -6.4365134707888085     
  -11.387929138105410       -9.3313183639953117     
  -10.407044855201756       -15.967515967572981     
  -10.100030290474038       -9.1318173390919117     
  -11.668867063015142       -13.017553840895458     
  -6.7227551633800413       -15.690698684343678     
  -7.8468423881308675       -14.690414914031766     
  -3.7706488838247183       -16.268489333089089     
  -3.0223856142052474       -16.348196321181998     
  -2.0925439344331425       -16.017540298268973     
  -2.2664915656779314       -14.786281768678297     
 -0.91119488552216577       -19.367144081536747     
   1.6780102046572098       -17.900293029015209     
   2.2895765425714250       -14.287514190543902     
   2.9757134230269613       -13.103083685677397     
   8.0719602999984907       -18.098448187961981     
   7.8210527499282652       -13.917495267698881     
   5.0520662769971185       -14.861808699595446     
   9.4174623660086905       -15.531975621556532     
   10.203881105691183       -14.719020241757866     
   9.1823693045482795       -10.913863440380005     
   14.424882464693082       -13.774954781692161     
   10.794975432773748       -11.353650441787718     
   14.351863103956157       -10.159225512462486     
   13.040655750126742       -5.5809874914981572     
   12.592661583515520       -3.3029914495750772     
   17.480489763584458       -1.8648035696618401     
   13.209203963205359       -7.0423461059397203     
   15.177500968447886       -1.3270409696166283     
   15.626310595017159       -3.9030519606140675     
   18.584979327391856       0.10085118342718094     
   16.774843534953703        5.5110356296367273     
   14.572791916229988        2.0931827873641842     
   16.277166918926095        4.7376734899922450     
   17.310257655851192       -1.0593605683028136     
   13.769012136189318        3.3136656711894448     
   18.152844378051935        8.8783705844980503     
   15.876120918139677        5.4658641276057960     
   13.938393723070890        7.6734448972995493     
   15.981781022406251        11.344461359126026     
   16.402977137054204        13.141033681346558     
   13.235982981256303        11.139647741883634     
   8.0440850313507255        6.5533970934826113     
   5.9725572281715964        14.543656564081168     
   12.288062839637407        10.912103832693724     
   13.319984892224339        16.146010242709718     
   4.7671367197639443        18.275221157954629     
   7.3835074948868122        17.495188086547742     
   4.8952960137357850        18.933919245890198     
   4.8018292223604293        13.147488704907001     
   3.0027370215944904        17.044880442837936     
 -0.21455192019263092        18.125093965629453     
  -3.1131227089536520        14.205130916438941     
 -0.13022320005709362        13.156931266643914     
  -5.0452504202274877        15.510543980923897     
  -4.4709842607007397        16.387225677979444     
  -7.2234316945781458        15.333965313920066     
  -6.3417337978712158        16.445035544288739     
  -10.625953954363869        12.061414061410753     
  -5.9579716151071640        11.580208674320106     
  -7.0965284109987374        16.290072119355514     
  -9.4808380274559170        12.284788465219798     
  -13.703526911738249        13.419568439908597     
  -10.852295305076398        8.1957695681338638     
  -12.310079933522843        14.037973951411409     
  -10.523735406097000        7.6956781760114445     
  -14.887175817481969        6.0138431999711797     
  -17.895436316286769        6.4113681940366467     
  -17.266067219271243        2.9379673546830856     
  -18.796973983224305        7.1465890009954540     
  -17.736451009392507        5.0927857727705863     
  -18.133598102754974        1.2000673631980638     
  -24.647634473036586       -3.7245302360809274     
  -16.185371071476883      -0.67469761558316521     
  -13.388878930077890       -5.6318687308377502     
  -11.919991414816840      -0.69389665678045387     
  -15.107574606773083      -0.62014076933424034     
  -8.7380618057927073       -9.7681012758967789     
  -14.550404882022539       -3.4847884634273747     
  -9.6450457093954540       -7.1018890479660355     
  -13.105892082640455       -4.6823903679836834     
  -15.800703656639183       -7.5559913582641762     
  -9.1221240905235703       -12.208710415476020     
  -10.763010003308059       -7.4373148622974528     
  -10.174765097726731       -14.462328873249138     
  -10.980583577656276       -10.456955086097945     
  -8.0615263094375607       -18.035981849543536     
  -9.1479444012352449       -18.418566455817626     
  -7.1127931842920287       -16.390774658412706     
  -3.1946182596240971       -14.804050306432870     
  -3.4598884373044716       -13.828143977389177     
  -3.5932345399718049       -17.843212083654315     
  0.10679619571351831       -12.730300492800026     
  -1.5156456486293302       -17.107602927759800     
  0.17815509236424626       -15.669727748674870     
 -0.13096992840382579       -14.024741822806373     
   7.4417156406825065       -15.923225653855985     
   8.4757827547564375       -14.931123849333362     
   5.7814825094621183       -13.067947956582636     
   6.5781491695515655       -14.000808137507381     
   11.953093070310754       -11.996304393062447     
   9.4429844263123872       -16.347720681794026     
   14.333512487623208       -11.074738579464206     
   9.1740966151785486       -10.087000317802106     
   13.213014029480066       -7.5292787613330443     
   14.118970810995524       -6.3796822535324349     
   14.286314354348388       -4.3751802236709878     
   10.795519972659898       -7.4804104471362951     
   16.383627766340133       -7.2747105076359420     
   21.210356279444486       -4.7319297688797342     
   15.754554432820564       -4.2382107421596498     
   14.709686853476571      -0.35535687153534357     
   18.457597957016105      -0.69381206407390184     
   19.286395092175525       -2.8398418746317771     
   20.186222326704439       -4.5316516327488037     
   21.293665734881198       0.42902439878911364     
   18.827735811754785        1.9764121552954643     
   16.723501556576622        1.1731385645505297     
   14.024150991818047        6.6626058019318872     
   17.074639576605257        6.9004666194988005     
   16.778080057291064        9.1695395144702871     
   12.896373756970679        10.457047143534336     
   15.974029066034863        12.426525528705005     
   16.914133975124727        10.743055521016572     
   12.906190100499318        12.800174092422074     
   11.875309107621819        13.452998625774544     
   11.927042222852592        12.361443545294511     
   9.7070000309528055        17.034655044660340     
   11.185642651504592        14.462662131463796     
   8.0738642339280133        16.165978225703700     
   14.117087215044814        21.668113612079804     
   6.8222055924607492        16.132944818961029     
   9.6299261768506881        14.253670150353086     
   1.5179545116925761        13.670791083825703     
   3.2647160688554626        18.593667145465659     
   4.3918628649565941        19.017260326475348     
   3.6275182132591337        19.331304511686692     
  -2.1770866878828339        18.462493323905296     
  0.21188223920601024        16.691004152239380     
  -5.5483916696823439        18.057650449453796     
  -1.1287856782965566        18.809631175698691     
  -6.7931952523839128        19.130357015066160     
  -5.3073973790802755        18.812883671982437     
  -9.1886458720709001        17.701017135683568     
  -10.115439818651168        23.258877341733950     
  -7.5507373636370660        17.748927361168992     
  -12.543512647566263        11.809531021681897     
  -16.168132942721087        8.9906899783385921     
  -13.305657352195361        11.178439591665898     
  -13.428395128685178        11.715250670017829     
  -17.570769027507453        13.795729406814324     
  -12.795054219114267        8.9343905662207384     
  -15.925575920782050        7.8173908100739142     
  -15.554161096583535        11.410149890428709     
  -15.931997036979379        4.5857965909710936     
  -14.510836400186870        9.0560964600797522     
  -20.571903410567288        6.0545707222322598     
  -19.579522574984548       -1.7865627706838141     
  -14.295020156847341      -0.61368472519686723     
  -17.422799169169277        3.1749447572261897     
  -17.918341273422445       -1.0814200293282950     
  -19.211772917352519       -5.1141255978642270     
  -20.376892192903583       -2.8187773749262153     
  -15.944740152027670       -3.4537329709274509     
  -16.895982271930325       -4.2988681871083774     
  -18.043430115628617       -7.1817010879858287     
  -17.835197627529467       -4.6432530460886925     
  -15.146047302498800       -9.9790629219745171     
  -15.773728452357167       -14.023093266409568     
  -14.569012933007970       -12.505327447197960     
  -14.119622638606650       -10.051551316832397     
  -13.707021828934719       -13.859923545447909     
  -7.7707657353396717       -15.815885034987945     
  -13.738652494314744       -12.786661275122105     
  -11.149142003111525       -17.273477936762735     
  -5.7995661106948271       -25.727427045367630     
  -10.001894216462889       -17.415035327611491     
  -5.6796868357401209       -15.674848583227885     
  -9.5374882305147324       -17.301829472626842     
  -4.3204272784881814       -15.758734864725186     
  0.54861316452809605       -11.944582686421448     
   5.1554717597011903       -16.355948980159766     
   1.5106059938124770       -14.013267240786696     
  0.74953281029962926       -21.565548592635452     
   1.4205396028647204       -21.724566934430808     
   5.3349108302046089       -20.862247011639592     
   7.5982119808328097       -18.904368487891574     
   5.0541089088251896       -12.548199509755904     
   3.7632917537244315       -16.597204423688293     
   13.928028365071308       -17.018911655602157     
   12.150797877071913       -20.474701532489529     
   8.6154706981808928       -14.402048296430127     
   10.803570331645373       -14.670515707113250     
   12.704330863986197       -12.662359041842533     
   10.927599004694525       -8.8522667930057199     
   19.164845795062778       -13.853820207855572     
   13.830191211416391       -11.911144722287084     
   15.282662681193971       -7.6065773224440774     
   17.609008840655893       -3.2425298831549552     
   18.644177214511277       -6.5930404258547535     
   16.003215199702403       -1.0809712783840000     
   16.781510027757832       -2.9915242596193243     
   16.657253406514382       -3.6068605236008113     
   20.338568478462591       -3.0801465257009295     
   24.478698296572041       -1.2222540147870242     
   21.721269495368016        1.6203652930151571     
   22.654710397280841        3.9132698934616523     
   21.638061984900396        5.9548947602523814     
   19.230452309339480       0.67776942277904451     
   20.487708081533476        6.8352566349668411     
   18.368597500334722        7.3776754030717209     
   17.810584046528859        11.542482044592960     
   19.203116927303398        10.603261211612391     
   14.956403558288487        9.4789209396441212     
   16.138758176279385        8.4463882734814586     
   16.408710680936785        10.970977201567409     
   14.469964550042954        12.313520253423617     
   12.255937559555129        14.277163214383824     
   11.641020594977139        18.632020810588735     
   11.132806778088998        20.678686117892983     
   5.8977030836313133        15.942461385495847     
   5.2155952669112402        16.792698712483627     
   3.4261437926776548        16.150454979804703     
   6.6189178111056961        19.065608362623507     
   2.5073229686014273        21.715557356498454     
 -0.48503578871432340        14.127567409600818     
   9.6398421737907558        19.677169681900732     
   2.5335728117898557        15.699869874189718     
  -3.3424861368923233        17.181826883292306     
  -1.5375235787136505        13.612873802565302     
  -5.5767784893210717        21.420955296351742     
  -1.7554555329511117        21.644058376778862     
  -5.3810651753821812        16.631728676399639     
  -6.5919291663624211        17.184720766341893     
  -9.2217799204087108        18.800029873150766     
  -6.7844526386072257        20.160732392859611     
  -10.683188552740368        19.361800660758846     
  -11.077052562892352        14.829343162818226     
  -10.400608835759988        13.989298494560479     
  -11.197950166535147        17.450236944363422     
  -15.196244573064776        15.551028597951953     
  -14.606422389185202        11.214433915258878     
  -14.840466828006678        7.5942674521817617     
  -14.285187736271768        12.898028791973520     
  -17.358051068822103        8.8445249297302624     
  -17.242443457760650        11.928481354846831     
  -18.069395373838649        7.6443090111825081     
  -21.888747654420637        4.8023933114874984     
  -16.811369557092874        1.9744823391891515     
  -18.181707299749650        4.5448653725359405     
  -19.863905635091218       -4.0780200257717167     
  -23.261524793057841      -0.43806648075779753     
  -22.792057906850065       0.37300757785164640     
  -20.134139612872932       -4.9762306251451536     
  -18.793969403209040       -1.5338662417732689     
  -18.658719557027833       -2.9560720033098731     
  -18.989177323151033       -6.3669466115224642     
  -15.367776194929217       -2.6075665715590999     
  -17.168627373294360       -5.5164086408539958     
  -16.759894500554910       -7.1157681313400882     
  -20.132208745759339       -9.6364239158635812     
  -11.367423559804648       -7.1122064780269012     
  -11.536309075739615       -10.814548323193421     
  -18.490268870295523       -12.145978414498341     
  -10.509106569898094       -12.150326322270995     
  -10.749413034105343       -15.283006386087413     
  -12.096864743387513       -21.805265431417340     
  -7.2028856185548102       -11.306161234956074     
  -11.066923182947773       -24.393722457980157     
  -8.8302426684533355       -16.750258909104527     
  -8.2464359813204773       -17.340452961735089     
  -8.7102854311587503       -15.262097399409656     
 -0.17941839859495126       -18.809037789190995     
  -1.3572988626065854       -18.700511215838013     
 -0.91736576111295753       -22.653892919253128     
  -3.9233835006436122       -17.079608178576716     
   3.6223487986145417       -19.206824805891770     
  -1.9491570675785621       -21.053770285354211     
   3.5745146751451080       -15.132998348050105     
   3.1220831675791683       -16.693260843836079     
   5.2256831177338992       -18.670001626887686     
   9.7604926174040880       -18.356961057560053     
   5.4413163098548694       -15.526608821508244     
   10.727001343411322       -15.898445580551694     
   5.4335283411944673       -16.693578525317736     
   5.9749863543224393       -14.099667408195794     
   13.210416613828258       -13.368386704726850     
   10.671892797618085       -16.852338586780849     
   11.447634652956705       -18.295014809313773     
   13.285183819269260       -11.521078334420022     
   16.182924145571388       -12.042676528651942     
   17.915765184418515       -10.014174388981177     
   16.366670757856067       -9.7025973242916681     
   18.570418685856705       -5.8354555665353747     
   15.628930390069407       -8.7688550290887495     
   17.590337695690618       -6.4647351383770282     
   16.681093673698921       0.37252733700111323     
   17.339742811294322       -5.3782290988766333     
   20.122990925883254       -3.6681171615402417     
   19.703603812551325      -0.77980782381681313     
   22.393058379541586        3.0921491488508339     
   19.527986267693560        2.1555738138214124     
   21.617727013355857      -0.97032890161849161     
   19.684191885629794        7.7198929130688470     
   17.551688185020083        4.4169355554743799     
   15.921492299245525        9.6067630266677124     
   19.907873579595968        4.9311551318142675     
   18.726186603537595        3.9466488987328323     
   16.705158645025008        7.5641380333163664     
   12.406482079358859        9.0974208329855752     
   15.649107072294932        7.6790905030106602     
   14.897144851975444        10.815046544285284     
   16.962741791789991        13.828371092700959     
   18.330940488145469        13.031377617682400     
   14.053525666480711        17.339748940137806     
   15.987866492462498        17.284090985427003     
   12.117057830872218        16.218472621543619     
   14.328832951668048        19.576922739343932     
   11.370393445618738        14.828216920208215     
   7.6800535620251607        19.091051998603749     
   7.8458157224475968        15.791640543793433     
   8.8434734546374294        16.957694939729237     
   5.6727010330105969        18.869166105354243     
   6.5776205891267985        13.656971527004478     
  0.93188094673514665        15.015938988335735     
   3.5120690170971582        20.271502178856050     
 -0.23772980198160407        21.280983094443389     
  -1.0765685868233614        20.938717145454984     
  -7.4462284452675487        18.593097831675415     
  -2.0233711260029210        15.350173408746805     
  -4.1014603464688264        23.124982557900022     
  -3.8403876307586970        18.568325082940994     
  -11.264680809677136        24.462694696922881     
  -8.7192548411154895        19.620164159610255     
  -9.3803132998996777        14.350266873799267     
  -11.261535166990805        20.232599003319457     
  -17.921650538160744        18.602191860126979     
  -9.6018546846784538        17.944120804628138     
  -16.655254439315694        21.080495200811111     
  -16.357355462587655        15.379980881361307     
  -16.922232038957503        14.918024219984972     
  -11.752649925142087        11.434300317442501     
  -13.792999011883664        6.4940038273741099     
  -18.797490280174088        12.340577994441778     
  -16.570740397537552        9.9964119157037334     
  -16.453315812994994        4.8771453738511958     
  -20.008249642991625        7.2839820102856212     
  -15.068633197696238        1.0251445611607257     
  -14.365954995920760        3.7312116292841138     
  -18.603503303939231       0.93039420144078666     
  -24.860825036720428        2.5614509141535526     
  -19.257104340007750       -2.6117896487092769     
  -22.116935677318835      -0.36074374552315247     
  -17.110690268071679       0.60146530713622559     
  -21.357906394596288       -5.2359969009061311     
  -21.469326469765960       -1.0917451256865085     
  -18.052465655732806       -2.9084827738050527     
  -18.783569252851251       -9.9491303368352639     
  -16.400490971889180       -5.1440945250254542     
  -15.936734537959655       -8.9065613516901934     
  -18.116437836717040       -10.122643174184796     
  -16.380483662699383       -10.783864674846587     
  -11.784603734920340       -12.308574984684082     
  -18.457057945311799       -12.819082757438981     
  -13.184430639589463       -13.353802394595430     
  -13.732603192794626       -16.185054461726562     
  -12.163961911030141       -14.881949853584786     
  -8.7099771551205354       -20.420040408532348     
  -11.548025459353465       -16.229514475754886     
  -11.678096164925426       -17.780231641114220     
  -12.960934830349691       -14.975123409962020     
  -2.9983412722364728       -21.578069981844127     
  -5.6355452471527681       -22.149708603055988     
  -5.4957918115444127       -19.088371841229467     
  -6.0229807270397515       -17.315744372351041     
  -2.5634039426449386       -22.271875306852646     
  -2.5475473697899527       -18.981320135347119     
  0.32765099262062819       -19.179973091561131     
   1.3005918724721515       -17.568902455623938     
   2.5203185710911438       -19.175061203681587     
   3.6329255208887896       -17.320808000164895     
   7.4351798959403483       -22.514509310523174     
   10.867667085693244       -19.240131054761576     
   13.646560243627290       -19.632382048001134     
   8.6387372072329569       -19.735364440741861     
   8.5874573843389008       -17.117265661730407     
   10.903539167649756       -17.731742165541366     
   8.6819244731466405       -11.745191893763465     
   16.984984416398394       -17.885313785993826     
   18.098848451510975       -15.774745675572477     
   14.712725091380230       -15.480236767801122     
   18.415095662600653       -11.915484912620871     
   17.138920339421457       -10.912483094058706     
   15.016954852096616       -11.874047696638707     
   19.274752785616471       -9.5083389774759706     
   16.848150133751542       -9.1556118903722066     
   17.654897928035723       -4.2474887084894224     
   20.095824338632191       -8.0018516623528928     
   22.823752933776948       -4.7895703409349748     
   24.612443654205698       -3.2055597978757366     
   25.290416179167401      -0.19730801057074973     
   21.948875793105280       -4.2298873351941433     
   24.569955098023922       -2.8752593305114078     
   23.097667297469375        3.0311283828785194     
   22.832652985850928       0.37242125336680443     
   20.196578680986352        3.2632414807870842     
   23.785798646845365        4.5070663949747667     
   18.775567780585721        6.3556815155901454     
   19.736197166753946        5.7011581972747907     
   26.299427186501024        5.2295261310194157     
   19.699633515081086        9.6159491857071977     
   16.986913230510591        15.770177535076225     
   14.063428212654099        9.9854807989695864     
   18.846492182988719        11.539703766522937     
   18.432055300197799        12.303382326671603     
   19.055801721294113        14.350285613141084     
   17.124987299241749        16.455005754247878     
   13.645216305037055        16.996674628645483     
   12.421238464738156        22.019574333626668     
   14.922681532239512        16.592817506139696     
   13.180910837303454        18.207316343332590     
   13.356813883739862        19.563932556192228     
   8.5422066101389209        26.047910974339544     
   9.2561912864538076        20.459153231158407     
   3.6694469414156883        21.459997929914522     
   2.9257908591634787        22.431516732408728     
   8.3106984080998032        20.367496922636466     
   6.8262389372046650        21.314361841177558     
   1.6463845458907369        22.448647698151692     
 -0.49096708299562786        15.066553365188154     
  -2.3439550969977900        19.526841245054840     
   1.6369533422633633        17.910299643493683     
  -1.8328172979726798        18.791941095081139     
  -4.8971481834674249        22.083015293476610     
  -5.9297423101697708        19.570163378253000     
  -10.652273288112548        22.279415130354916     
  -11.268335035814275        23.111307283840553     
  -8.4047335023108989        22.364584472201205     
  -12.640759270172747        22.101107238436281     
  -10.363587119718932        14.522021187197508     
  -16.533603268954817        21.744975929316912     
  -15.702940250919697        22.257286417966281     
  -18.610916817039175        14.978167790453966     
  -11.665119258967900        18.400288301173770     
  -14.220948267166975        10.880684508532457     
  -20.246999766035533        12.574621561731078     
  -19.095913426834976        13.205169493092445     
  -18.063375597607557        11.904594291950414     
  -24.069799457019805        6.4474716824541671     
  -24.855812458286767        11.557657361059881     
  -24.563959303948803        4.6530341082887077     
  -15.585675178267477        3.8556927331628090     
  -21.510812518645704        6.1767234319617632     
  -23.584220384612163       0.94894320728313863     
  -21.180561095614241        4.9173925612662659     
  -21.202056587378728       -2.8010748725795223     
  -19.955844740962547      -0.72486470693408012     
  -25.528849610762435        1.1090802814285341     
  -19.170239918036263       -4.1609382868910023     
  -21.708215474437026       -1.8082017573441889     
  -17.437698213271659       -7.5507287943083519     
  -22.107206400135301       -9.1608338227657971     
  -22.037119769088719       -13.689247962959303     
  -23.586016093625506       -10.002011644703053     
  -16.466778846529753       -12.711678709300983     
  -21.946884752156929       -10.628989612535657     
  -17.107721356469394       -11.581675111527936     
  -13.392367335774235       -10.523642390837230     
  -15.707518703031237       -16.389485756058289     
  -14.464738175439598       -14.747708710025790     
  -18.489968090162940       -14.351590466614084     
  -12.535555872878366       -13.498789681552333     
  -11.119117896953350       -13.334586972179618     
  -11.926079126377376       -15.909069559350245     
  -11.439908086533624       -22.025584966960533     
  -10.433985163351450       -24.207985522558751     
  -10.401188224963269       -20.166753946260972     
  -6.4363131325642575       -23.674753463845178     
  -7.3505451986826360       -21.878780481335514     
  -4.1131228324386342       -21.398337280606366     
  -4.2293686955101100       -18.718475860266530     
  0.65350797178363207       -18.266985605649062     
   1.6048414507098974       -22.765752278044818     
   5.2740124202280114       -19.673612355557342     
   4.5929665575944050       -22.924852666289290     
   4.4656068668077378       -20.430273653535409     
   6.7899184333765099       -20.813391911225846     
   6.1461284178553939       -18.038687085395342     
   5.8252515221725849       -21.645944958798719     
   9.8851406249917719       -20.687283449135244     
   9.5328863478864285       -16.973654428127450     
   11.531514774185371       -21.990865830408239     
   17.009271954314400       -19.873384729610628     
   14.169404429682523       -19.992679655302872     
   18.126474724322204       -17.873429196361400     
   14.847116924884977       -17.539196096112171     
   12.285824189577445       -13.757087997987131     
   13.143462286087793       -14.343897541567957     
   17.141451221183353       -12.892782212037153     
   18.078646029203991       -14.562313555762751     
   18.115985388725306       -10.711535111686299     
   15.782047721599024       -10.146521286972890     
   21.949143908490925       -10.872596957034578     
   18.391561690086800       -4.7975521822568110     
   25.862703902888800       -6.1239197530198446     
   23.081553675483327       -5.9149545808274029     
   18.515169083750912       -4.0455972176651329     
   21.534588507115956       -3.1002509512173990     
   24.690710692198088       -4.8244793712078522     
   25.772816520507774       0.21384853419228544     
   23.661887754024011       -3.8844892319214659     
   26.447786209183494        4.5434361497742763     
   26.283200906182572        8.9199169362460733     
   25.263333420506417       0.98579702381022760     
   22.855280747817581        5.4403412338178603     
   20.741777656639847        7.3891498895554841     
   14.726747991003908       0.38806783724193822     
   23.177357481385428        9.5240178990385633     
   18.619679940717578        6.8264326162428830     
   17.469463428923603        7.9172200515459803     
   19.786154045423636        14.862934603026778     
   21.121492617871439        15.615661138370115     
   23.267149786219594        13.144490876595830     
   15.215267704089376        14.089945881325688     
   13.615041852014969        15.415646627753842     
   16.338305110456499        19.600750885148088     
   9.6090488439833806        18.399629565264487     
   15.607748589456172        21.988691120413250     
   13.018063621052704        20.222999248597660     
   13.004421550382002        24.480633173560523     
   12.677998409167223        23.706169305307636     
   10.686870640135151        21.101471246657077     
   11.928600546963819        19.790842620641445     
   5.7669422379699720        22.258546733633999     
   7.1025125121918364        20.664987278981478     
   3.4554371849262058        25.913500219978765     
  -4.2687991505121943        19.701796360979934     
  0.62778487583785225        25.780904518128033     
   1.2257968030841808        23.805728841327078     
  0.28580240790359507        22.937946983956454     
   1.1894003249643392        19.980744570235657     
  -2.0176500873585375        23.190860509241222     
  -3.3021060949496497        23.775942958275930     
  -1.2127523713100590        26.324162180615868     
  -8.6441996244182864        26.091600183743651     
  -11.308177106045031        25.211147942757187     
  -9.2989479167884674        19.733065016451196     
  -9.0551573235871903        23.221905492419424     
  -13.568263056039511        21.793703804353079     
  -12.119661395678245        15.944901979604571     
  -12.183977455498573        21.403882653510490     
  -14.310503643693552        20.812689390377418     
  -12.370114811777803        17.310003092241804     
  -18.200252897499521        13.922867957715756     
  -14.591455410503103        15.080378642912070     
  -13.974517117236761        11.944646886907876     
  -17.933494695065320        9.5379126468241253     
  -21.747182326637514        15.770855304270214     
  -22.104341195831317        9.2246108368961064     
  -17.683900995326212        8.2368090698414189     
  -19.700504670839152        11.457611708313230     
  -18.994104073214764        4.0070002335389896     
  -22.626984434011067        10.738071493060174     
  -21.699087586876171       -1.3868964607389636     
  -20.189918571804444       0.21197782484617517     
  -23.595094368344089      -0.84191954590831675     
  -22.184763026112194        1.1677818512225056     
  -26.293657269178663       -1.7411356614937947     
  -25.045871521641626        1.0711948039815200E-003
  -26.764989547842951       -5.7432078791710452     
  -22.876440439679090       -2.4452319617260949     
  -27.189662069091781       -1.5751487425259481     
  -20.779707482387352       -4.2889761663672576     
  -24.036084482486544       -5.3142843840070944     
  -19.064065474198710       -6.8988409721838693     
  -13.995701571673171       -7.2284942453140228     
  -17.549376388327293       -8.4466320051100894     
  -19.659514106953996       -9.1954054430522163     
  -12.523009945601595       -17.372923836446802     
  -16.548169985104213       -14.864848766029347     
  -13.733225349415886       -17.639394969634818     
  -16.504348975646806       -13.972862854215984     
  -11.522551638989604       -18.759381934196362     
  -15.075831022160518       -15.711417169432854     
  -13.587336596376295       -18.400485038786819     
  -14.878114925449852       -20.640540952849275     
  -6.1301395740162263       -24.159013567140665     
  -11.217826491122924       -20.856397257973601     
  -11.910706943771123       -18.333339413232686     
  -10.147480035544593       -22.711319814004991     
  -4.1379315465261737       -23.315658177609812     
  -6.4120694951833501       -19.600184556584633     
  -6.6492493705197289       -22.146350265185664     
  -4.8212280991824166       -24.386555023516046     
  -1.7354251339396414       -24.656855394499765     
  -3.4462623602904530       -21.922759984187277     
 -0.84489164677512452       -26.148369695667032     
   1.4131310590343986       -20.630220117620986     
   4.3686596636190158       -18.240301629292315     
   3.4580559628551120       -26.328860679096771     
   2.0981690388902132       -23.125466126265835     
   5.9441858782024886       -20.434182420439839     
   9.1659079819797213       -23.192929115488109     
   8.4863719025942448       -21.461898437794218     
   10.075796986728081       -21.343154972529621     
   15.754457044646045       -21.542486743840797     
   8.7639516634265195       -20.465067149839989     
   14.593836003503581       -18.628225765306148     
   15.292863235411490       -18.667807813030322     
   18.480306867669309       -18.378267234019976     
   15.513590669961477       -11.528379344561660     
   18.727940807047094       -19.388403684151733     
   19.290639466492731       -17.645109291345737     
   20.135071831971619       -11.807756691631610     
   19.543154293990565       -7.0184219416315354     
   22.195662283399646       -7.7589383132180316     
   19.089378764571396       -5.3813576123689408     
   21.153050411512432       -6.6888795687618785     
   23.442196981386530       -11.355017757896288     
   21.304807577242247       -9.9555137993528433     
   19.097467899514736      -0.20461561848858492     
   22.002863470244449       -1.3000927921386611     
   22.575110065204424      -0.69067383521347536     
   23.720771450952377        3.5951582009594594     
   23.681407118543419       0.60779250484179281     
   25.368931713569310       -1.3977062619286156     
   23.138352590449678        1.3526924918207901     
   25.575213458637883        4.0746363798661136     
   23.091245032532147        6.6653328571519586     
   24.186248876599315        6.6816427089640618     
   19.458218425058678        3.3880093050789024     
   23.842542114465179        8.5021825202175201     
   20.915280529099022        9.4374936858330010     
   20.893300129807198        11.356653763151725     
   20.019164801341645        10.297433490984847     
   20.785140899783848        13.648668855089765     
   19.596229781978924        13.138692430354535     
   20.610003756594416        14.243093202649382     
   19.114467714076405        18.451949299173840     
   12.981303551247745        18.614366069883435     
   9.8883269958487201        16.056817427224424     
   15.566468757566863        18.242674649050649     
   12.210093175630481        17.059774233522571     
   14.063672860127939        23.545776741764033     
   13.321518679364168        22.717809042135048     
   13.625815997406063        24.086015877007746     
   14.913007481144373        23.434186902518981     
   11.057761272474192        21.579943948959144     
   10.354876475295949        25.773321441096336     
   7.2053237094826628        25.769280890066096     
   10.220838027907158        20.406906066089672     
   5.1913728425441681        25.693292374670076     
   1.3201959687322182        19.180346813841982     
  0.72453154343986581        21.414659765942925     
   1.5684218135520740        24.612858387784446     
  0.87679191184538052        20.824900744558004     
  -3.1257074028605110        26.436601808730924     
  -5.1692681158438250        24.426531017126788     
  -6.4864496650546544        22.408346860684588     
  -7.2603672088634470        26.642019951014486     
  -6.6760027801430413        24.530981432289803     
  -10.922244834294196        23.303616344188612     
  -6.3184454522940632        21.495851214520652     
  -5.8012921864550338        25.234446418420347     
  -13.633459023662764        23.974467594438259     
  -9.7230487072740956        21.258036042215000     
  -12.449586522982496        19.734989366488406     
  -19.602592739496792        18.942000952051711     
  -17.869992556407006        16.324090766584597     
  -19.206943352174548        13.788305729984282     
  -16.362301500075411        17.145186899866246     
  -19.130706891901902        15.367800116064616     
  -23.511790951727669        14.364452749355520     
  -15.678152909643090        16.834252597094970     
  -20.004506998253557        9.8675412136740963     
  -13.730273940245699        14.397434234833721     
  -18.565170020631140        9.4715687163751561     
  -18.705845812548400        11.703837262919173     
  -18.750242844525129        6.6041986540877566     
  -22.586839309246372        3.3020754364019940     
  -27.204012330672935        5.6009100267111727     
  -23.768622485173587        2.5202494555160988     
  -26.185859789032840        3.1450391254209236     
  -24.811320284074121        1.0104573669154937     
  -27.479158745322525      -0.87823604760127005     
  -25.751413787657459       -1.8811002804731110     
  -25.897832788291893       -5.0360615362701484     
  -21.593611765030058       -3.4807477565938796     
  -24.965210599634805       -10.973806114141645     
  -24.745788214946323       -5.2958945851929746     
  -18.937864434094031       -8.4966206539318154     
  -20.650076769420753       -5.5049223560600460     
  -19.072223236960895       -11.044702438116630     
  -23.019851596403605       -14.893267309927335     
  -21.684088834003443       -14.750129877124033     
  -19.778687405221095       -15.093850073718887     
  -15.396018848368387       -14.940746490833240     
  -20.736413949954127       -16.417518743147507     
  -19.348936171683352       -18.362630392300584     
  -19.066878029814198       -18.947252292317021     
  -16.438513450988495       -18.921799858009361     
  -16.935929364722455       -16.034301101189435     
  -15.191383093410558       -21.254148982784649     
  -16.630414438556446       -19.946943458138854     
  -13.242063290488302       -21.867791003317816     
  -9.8363886299604992       -22.330437136199826     
  -7.1657308775845507       -21.491700179525502     
  -7.3471921426004663       -26.786245916536210     
  -10.805368612870705       -23.501166599810627     
  -5.7251931215083234       -20.955579376618068     
  -7.2087396970274122       -26.023272525997459     
  -3.3154881620580130       -22.725329375697562     
  -1.6656726557837165       -20.016442045969818     
 -0.38813011838325617       -25.932282496541042     
   2.3865292395387812       -20.691147561015129     
 -0.49221032491939642       -26.885506957078348     
  0.96278583264973372       -22.933234785598714     
   6.7765049816242406       -24.329853945090299     
   7.4646625273463600       -23.673129185053874     
   8.5045550227401669       -22.787080424214192     
   6.2446192242986296       -19.811791249768799     
   7.7657198827051177       -23.105885043986419     
   10.904120085133266       -22.909557965908480     
   10.439570381302334       -24.917502986357999     
   11.981861497662939       -19.060794348130699     
   16.190847717188714       -21.824867906174919     
   15.377855665873538       -21.501821455342476     
   11.784562134749340       -23.317317395792752     
   15.556210149715984       -15.015292807796197     
   20.146800181525467       -18.569110732756602     
   15.654882781015905       -15.767135278102124     
   21.041519188994030       -16.878290227794860     
   17.101509236841647       -14.829528411256986     
   15.090867271644596       -14.154225753920443     
   18.603924510234997       -15.758149227267300     
   22.786504718820474       -12.891194273559632     
   21.054502727557708       -3.7913029341508206     
   20.085390254953015       -9.7082022059676749     
   26.092197784391889       -8.1035944862196931     
   21.008879355574788       -1.0523165100580723     
   26.397477698680692       -5.3089227996709516     
   25.834959584290200       -7.0011241884701985     
   26.636735115576858       -2.5796614241016438     
   26.325170388993367      -0.14155191123189237     
   25.278610637655920        2.9975526016293585     
   27.430954989276191        2.4057393649665495     
   27.283907500276605        3.2887968058768591     
   25.385446729610134        5.3903859046813976     
   24.799589031839659        6.5457631316805651     
   26.731448387169046        6.8220151748627584     
   26.844342196640419        5.9938754124731748     
   22.286209278902948        9.4521684527663545     
   22.219048632217060        10.762625091212056     
   20.251473318635199        12.526274808661109     
   22.474139435831201        12.691145603119272     
   20.786544384077423        16.732982975225813     
   20.813570315120547        12.100271752570229     
   19.119106792963560        16.427172683965690     
   18.019935008577811        17.213430107436452     
   15.336092252570841        15.177379198584374     
   14.750473448737507        22.746278612554001     
   17.421273730054530        19.897254202474109     
   18.041064705817593        20.115472652340596     
