  -10.390277607385530        3.8060125700120522     
  -3.8641783419662272        2.1353884140535544     
   14.896104402797452        1.1915531783889399     
   13.419924648505422       -7.1887349208445075     
   1.1773082315219827        13.940627399262933     
   4.6701617674746840       -8.4055557918400723     
   7.6437856701381630       -2.9146360038443380     
   4.7920657016765782       -11.303330779506165     
   6.4267837322109829       -1.4649876012605836     
  -6.2917067631629884       -11.337223884062256     
  -11.562873233796836        7.5280768365751110     
   7.7081620181837076       -13.096465405394859     
  0.96948936940018593        7.9528454133344910     
   2.6260340680107208        9.9624491391562344     
  -1.9279278900439953        11.035948806639793     
  -13.137365699077383        7.6447382477730539     
  -1.4292735183658463        6.0850244912804392     
   5.1369966060054013       -9.3512317170622214     
  -15.194770966764212      -0.89688000279533775     
  -6.1347918041656468        5.3447959535343026     
  -8.5430242798548939        6.1036314492389687     
   2.8730705999543948       -14.488661030419193     
  -9.6043257928689396        10.436607223495685     
  -8.3299009908412689        7.2981628746658478     
  -4.0749836413777309        13.589691050528804     
  -5.0803326521282246       -13.074442575511146     
   8.9123754302269145       -4.9193112114417161     
   5.7570808612982711       -2.2386337304698269     
   6.5814881374127250        11.638424201382360     
   1.7714261568327403       -4.9810043734377665     
  -6.5324960738037321       -12.140880523677483     
   3.9336927380358593       -10.665268583465291     
  -3.1956953574468581       -6.0446139450179865     
  -2.9420314943799473        13.479307653025232     
  -4.8424816574604197       -6.5268053861630220     
  -12.359235925576890       -6.3567701321352521     
  -14.576939654974369       -4.5960039258650109     
  -9.3434607202806959        2.4795308637957776     
  -11.337730355338021        3.8642124968313221     
   11.883717894804319       0.96459835680058315     
  -3.6408492379434234       -12.131272545585068     
  -8.7119606894604615        2.0538836309102724     
  -13.746289021201139       -3.0323175346564204     
  -3.7151182011469355       -11.225174417306492     
   11.227161901965394       -2.9258415942587908     
   10.857148799233574       -7.1996121083652591     
   4.8389058113915189       -3.7798623328481109     
  -5.1242885240476808        9.3068623654938758     
 -0.16740348040266467       -13.191515274525175     
   14.834497500086000        2.2831454265812976     
   3.3954394701673567       -11.282135301063340     
  -7.1556669477270392       -11.479602838648150     
   8.3060569555975032        11.840055076956794     
  -4.9483325776965774        7.4030555238639746     
   7.9062061801783949       -7.4113318079425756     
   13.974257509796930        1.1808837208353353     
   5.6477240284469872        5.5730979516265124     
  -1.6122244084855291        14.169324511742515     
  0.26858006508899929       -2.2026111586118815     
  -13.314784451759710        2.6290385765002724     
   6.7078643148637154       -6.9792591442296077     
  -6.3492872332043415       -5.9453789543554239     
   2.3384124692009389        14.944009092807011     
  0.89125017796055239       -1.5503236858852458     
  -13.776308989536201       -4.7429049922265101     
  -10.550118865065295        9.9286857425782991     
  -11.334848806956657        4.9448140541488970     
   11.305288140964739       -6.2479409478104913     
   8.2095554044153918       0.31713705413655596     
 -0.88649547109337312        3.1777758354031622     
   2.8144665820751245       -8.2805856172497254     
  0.55565416424324143       -7.5306605053348790     
  -7.1782354457233915       0.27935275529530323     
 -0.94062737995923551        9.5512493077396581     
   7.0042397613428076       -2.6031891514325842     
   9.3735646252786307        1.7146997540120368     
   8.7126480740493886       -10.137674646869515     
   4.5607291849326499        5.7680621461220865     
   10.043777640254596        11.308421090479646     
  -11.278256431992826        3.0884378037626048     
   2.1005223478552750       0.96762766759213725     
   2.0424530689145177       -9.3446399120711252     
  -12.916775100233899       -5.6498647188715392     
   4.3916022133132406       -5.6149845769964806     
  -4.2319256340588902       -8.9222946873529096     
  -7.0781426525177897        4.0968203260201417     
   13.130780492087407       -4.1401225703799733     
   1.8884935941132897       0.25054273536273580     
   8.2503324397111157       -4.6963999804193355     
  -3.6150713316641232       -4.2336597591214069     
   3.0196733145490686       0.31595106817821650     
   12.744856382497808        1.4636397761117108     
   11.261006283639002        7.7770289089854492     
  -4.4553553736191951       -7.7972233141806324     
  -8.4837521450895022        12.557953280628851     
  -5.8453004985574006       -10.441840016987772     
  -2.2901410429216136       -3.7447373666910373     
   3.9779936784371071       -1.3646521628033796     
   14.199759687316570        2.9285365890476789     
   13.729579979382612       -5.7807798773295742     
   14.506890244339770       0.29805368325873094     
 -0.44604343963135196        12.990817157603848     
   3.3347315879397441       -2.4031286396644695     
   10.056946014191961        1.6485835684513379     
   9.6803366908883124       0.64847719465544928     
   12.517947522963349       -8.4139453485448961     
   11.119453210546396       -7.9643578279627718     
   6.6607539822193953        7.6970683975062588     
   3.7448575733360010       -8.1105383090480672     
  0.71144169257440071       -5.3936616050257689     
   10.970925991314759       -2.0113089049862563     
   7.0585111797605551       -1.5540143833428310     
  -2.0503453576065294       -11.263114497068806     
   5.0893974082234639      -0.28483501459450494     
  -5.8411338156086128        5.9533861523096956     
   4.0148975564070950        6.8398686054242859     
   10.603679121154691        4.2269987666878697     
  -11.262986656512947       -8.0736307324315444     
   2.3403472402225538        7.9114881325124609     
   11.532282294281767       -4.4378845416217496     
  -10.361091635573780        10.968246081578870     
  -9.9589662493146207       -10.712588206256452     
   10.845759172482023       -10.041862070426165     
  0.44954730521959424       -6.6195118404548792     
  -4.8490175540175784       -3.7886165717110130     
   5.2436755937393835       -13.170504892299563     
  -3.9291193323357145        1.2175096011429962     
   3.4076224459420068        11.801605992989263     
   1.8281078043963994        13.013067661072828     
  -1.5161794937339079       -5.2136935170268330     
  -9.3203325349008950E-003   3.5098388570839849     
   8.5344516127638901        7.7446290470391457     
  -10.460161421940262       -7.1629216060891299     
   1.8468112684901263        5.6930083166789185     
  -3.0252109678831229       -7.3717443298841872     
   9.8365994211394270        7.3621650098852527     
   5.4787387295311225       -10.026231769490524     
  0.59582478248579362        6.4723321338378703     
  -3.7348999716374651        5.4729641280312622     
  -12.900138018297000       -4.7541826370399836     
  -2.3877563463639424        8.0426984350144242     
  -2.1636901217103235        12.250086468456042     
  -2.4678827659640414       -14.759740169766404     
  -4.7072180988194132        13.620299577269382     
 -0.38387141022133520       -7.9987425469944977     
  0.82211084848567628        10.840738945778208     
   10.728657559514012        10.676499800553735     
   9.9512620389711071       -6.4148865026543369     
  -2.7062802371389179        4.0162508316505416     
   1.4751463404678711       -9.1232006593538397     
  -9.4260033743256137       -8.7495447366194501     
   4.2422469346136573        3.1624300145080952     
  -2.5948244718961719        5.4702085635660413     
   5.0261323129730808       -4.4966359802807832     
   3.3732383709014102        9.8124311175277619     
   4.2296344364826188       0.42526113086139894     
  -14.025569233461999       0.44388686359108487     
  -7.7178080209691720       -2.5441980182559178     
   9.1154403125890369        4.0148198333066478     
  -1.2269940569962450       -3.3926865540579945     
   10.150512963504195        8.8322466556112378     
   6.3547571921075621        5.4673596197354950     
  -4.7417643439665866        12.248074022566616     
  -11.726525574677387       -5.0617350200386060     
   12.872944588829126       -4.2367506256250707E-002
   4.0690572720764937       -14.747043410580828     
  -2.8871066949325415       -4.9938963134957772     
   4.9463968296010199        4.8021671420960175     
   12.954980321746582       -6.2565972253124382     
  -2.7196158465506866        11.849316783663161     
  -15.269629636101799      -0.45595030333044267     
  -4.7227614811212195       -11.186206146441711     
  -9.0234246035543642        10.049538618275989     
  -10.173804599957307       -2.7746061801649202     
 -0.33163940839406270       -14.423109640670363     
   4.2089119487653273        5.4074272002488177     
  -11.497873715894492       -5.5474045827452825     
   7.6861010351218892       -8.0983035314911032     
   1.9896435291412520        1.9360005943802223     
  -11.138149300752856       -7.1054423698035398     
   7.6681382302952894        13.185783872822201     
  0.14420706101570083        14.785118106766715     
 -0.74687288679020758        5.2527134465239884     
  -5.9568353603256190       -7.2729816551515043     
 -0.83316820748381903        8.3276463492166020     
   8.8005948012213864       -5.8083946615886992     
   14.825810512800876       -2.5975066532496416     
  -5.5330903241658245        4.5307491959600297     
   3.3865351718020951      -0.50715451393918454     
   2.9401313054097700        4.3537137302527755     
  -1.0986401338605987        10.492301761676760     
   4.4798671780352981       -6.6648461157728178     
   7.4939653022808823       -11.326004351956692     
  -2.0319409815773244      -0.42565833493026928     
   6.0826357219021085        13.806124508041197     
   10.689990725376198       -8.2782408062957096     
  -6.3321098643967719       -4.6318752666870786     
  -4.6320466111754506        5.8705633543868494     
  -10.182108620727684       -5.0134479746574740     
  -7.8114568614653042       -10.885680583096027     
