  -9.4299111855432081        2.4110459605147070     
  -4.1825263727438022        1.1919093848968871     
   14.938877801121892        1.3554139972219803     
   14.275801794419115       -4.6527970799039311     
  0.32265998670645324        15.301915132349208     
   4.4219291722230887       -8.9287721138313128     
   6.8864511134577002       -2.9082006401927556     
   7.2064756165747772       -10.907080659111481     
   7.1513623245188089       -1.6107244891086756     
  -7.9032270880793520       -11.234262890478261     
  -11.145660497428590        6.3445223673424263     
   7.0484786556957006       -13.470911363768492     
   1.4231290622407946        6.8576074436080825     
   3.5708093623877568        10.635197067461094     
  -2.4770972744087132        12.059130922915799     
  -13.092021213200370        7.4945867241823336     
  -1.7213045281636077        6.6038198296621164     
   5.2537437183669180       -10.587594417112490     
  -14.797059548884819       -3.5000485785062954     
  -7.1218480461111522        4.1198239714136751     
  -7.9157669436331970        5.2687722259527181     
   1.8020476998621771       -13.928076881362362     
  -8.5900493368300257        11.269123730459414     
  -7.9970188786023257        6.2297513800364861     
  0.15133570779513050        12.997990992761638     
  -6.1021234078040916       -12.726216204365308     
   7.4964406553311669       -6.3562620474509517     
   6.1070081668593099       -1.9158084365254608     
   7.0374701251454361        12.841155523947036     
   2.6628303902067647       -5.1583720688421302     
  -7.6438866107332526       -9.6648298869420461     
   2.5432543285777438       -10.018743237225861     
  -2.8049800068523227       -4.2802423119198139     
  -5.6719341365058584        12.882439874751068     
  -4.0714716196938596       -8.6946571476032251     
  -12.352894447043148       -6.4046105761257550     
  -14.612792928393867       -4.4768127253809800     
  -9.6821741041586549        1.6295217552172752     
  -11.880280447604685        3.8723185347330733     
   11.992370586565706       0.72692075152336599     
  -2.4425245432791782       -11.807012428337703     
  -10.098235953644338        2.7922392215110130     
  -14.753940504726511       -2.6999836274265205     
  -1.7188525644018398       -10.597321131746900     
   11.034971175543960       -3.5988585143279272     
   13.239980766798634       -7.6062710839388661     
   4.2040276094627895       -4.4655264448190728     
  -4.6691025233680881        9.3545689087815767     
 -0.80184275475707112       -11.813440998002440     
   14.700939382390851        3.3810136265060851     
   3.1135131806483454       -12.197305269191617     
  -6.9258039149345256       -10.080226602048965     
   7.8610918238671452        12.170549147274027     
  -4.3233897547307993        4.1506260707532441     
   8.9586271529044694       -5.8471395393454175     
   14.348792574969133        2.1960256153234297     
   3.6976622391125962        5.3996293453913005     
  -3.0213742720918035        14.537469660271183     
 -0.14867667260675871       -1.0558918874635699     
  -14.314094111194246       -1.7646298256275275     
   6.2913685315902743       -7.9118928016238117     
  -7.5753497813245776       -5.3617518448193771     
 -0.46947020967792163        14.468162536924446     
 -0.27148260652259054      -0.21951514370778580     
  -13.876843831103772       -4.8654212074822354     
  -10.057532369711506        9.5583459767625190     
  -12.161145219997167        5.9230460734717099     
   12.009407615453993       -7.7894410080137666     
   7.2590301035463813        2.4833779658735375     
  0.56575539633685457        3.8019677573992490     
   3.1505733695332574       -6.9814436345452133     
  0.44495337655778094       -7.5701407734309498     
  -7.8226676202339336        1.2502566639011889     
 -0.23236573373540079        9.2785477424256531     
   6.2365691240615666       -4.4263399430306700     
   9.7490530998128033        2.4115605872832169     
   8.9417148938931827       -10.871968736652512     
   4.6727777855377131        6.7974880720118218     
   10.572966020872970        10.709259743814629     
  -11.362982341072149        2.6529549573987228     
   1.9753882425411831       0.24615519677543921     
   2.1435948134983223       -9.1192660067126852     
  -11.678441838885435       -4.8032017600327590     
   4.8168566871331793       -5.5120289672203544     
  -6.7606389963792060       -8.0654235143174251     
  -5.9020216354936137        5.0090025233533080     
   13.618156575547658       -4.8448437848806565     
   1.7179144053078648      -0.28189065209097314     
   6.0009118980156178       -2.9374936038507062     
  -3.3432715795413626       -2.2011603326926785     
   1.8875243442449403       0.95031211503613056     
   13.339012025338597        3.8677188174060602     
   11.070596893151532        7.4750491487560637     
  -4.0447457831401294       -5.9037340631062927     
  -7.6988701620156883        13.032986463903200     
  -4.1948971618758826       -10.091127960157777     
  -1.2498966421133522       -4.4561183290680999     
   5.0831838722290774       -1.0286497287775473     
   14.306339926719639        1.2194981217358623     
   14.090249384019851       -5.9715681059253161     
   13.717842294862535        1.0329249721557727     
  0.99644534200134283        13.642114760381993     
   3.4127195752037984       -2.8022367067135305     
   9.6845402121976942       0.93066835107624457     
   9.1353135492568960       0.33009447203201542     
   11.844138948209261       -8.5641093231529624     
   9.0859043269692386       -7.1491807507438132     
   6.0346086759772799        6.5756020950999394     
   2.8693583672995580       -9.0566649804840385     
  0.37953637004354718       -4.4706764926791314     
   10.902324774739613       -2.1997037291492845     
   7.8406228326519125       -1.9762666610232833     
  -1.8148899940532439       -11.413944498630483     
   5.9768326074654148      -0.47321593239458842     
  -4.4957036011440401        5.1311942110549689     
   3.5708933550731028        8.1565004399803680     
   10.712892322972301        3.1979122228672945     
  -11.030148209071244       -8.0578659653820548     
   1.0333974958489576        5.9217543828410868     
   10.539454532314357       -5.7052295458229549     
  -10.890419457210410        10.421147902734395     
  -9.5197348826872314       -10.483209203976758     
   10.396369885503947       -9.7693364835619434     
   2.9376041942979620       -6.1633493547474867     
  -4.5927799467469530       -5.6398964020503524     
   4.8092379064897717       -11.721191615220956     
  -4.8321933210261472        1.9045210666981418     
   4.4928531385034010        11.841585628840864     
  -4.6364615247729578E-002   13.724821193333009     
 -0.28481848683163108       -5.2226243352996216     
  -2.1601153118360572        3.4728984305441304     
   7.7713723917597362        8.3962015700675803     
  -8.1788074751051028       -5.6586102101004556     
  0.17937029773210125        6.6081806336725322     
  -4.1830511501064080       -7.7745172345472486     
   12.359388693384021        5.2149400440489462     
   7.0204718211875541       -9.7700818241292797     
  0.39884199443415835        6.0962254452597033     
  -3.6588451964333526        4.4307333645382334     
  -12.622008606521511       -5.0476747089860510     
 -0.64190517500230382        6.3290020463219490     
  -3.0711050264973991        10.442870373874054     
  -3.0442386221027729       -14.712983519337946     
  -5.0823505462695904        12.726254928466279     
 -0.79037118069991352       -7.9494215075531782     
  0.70399393183146697        10.126496116698174     
   9.6709007777458815        11.385393246163334     
   10.598815083451250       -6.4275906458658616     
  -2.0080985231616419        4.8877677749290651     
  0.11151929184560980       -9.0332099410431450     
  -10.574724219704136       -8.2131278874282998     
   5.0095601355482273        1.0472768193365858     
  -2.4479616796446519        5.8914037293095820     
   6.8784862009209338       -4.8966535393154453     
   3.8708319669240354        9.7017789971713704     
   3.0095331076627727       0.37911174887971177     
  -14.367661678996665        2.4598585933477186     
  -6.0544123237016860       -1.3267299980943885     
   9.5090888232631698        4.7902000757606782     
  -2.9382196126898048       -3.2889837052519688     
   7.9874809765953030        8.7333230267379456     
   7.2031489635618797        5.6365231628954975     
  -4.8606930015887375        10.269995214247645     
  -12.054454102628691       -4.2636221998142982     
   13.121444390047705       0.14325156439053224     
   2.7487499727325928       -14.449509981564466     
  -4.0707357583088983       -5.0099779850600203     
   3.9685575714258365        4.5585476798916353     
   11.829365095218762       -4.3448776527919550     
  -3.6691440883491455        12.721385458823359     
  -15.260980171827956      -0.61804995420710651     
  -3.3277014919231251       -13.237694390085844     
  -8.2073363733978155        10.574169689852347     
  -9.6085272286142160       -3.5726949081603028     
  -2.2562971189988885       -14.317223373824646     
   4.7848773727725726        4.7334255079717229     
  -12.860822096518151       -5.7392623435881376     
   8.1473049229281305       -6.7821736937268353     
   7.9183592857114807E-002   4.5166252184661300     
  -9.5671026955938050       -8.6146392718578024     
   8.0226505996063278        11.408980365951862     
  0.50175972891005305        14.475674157015630     
  -1.1472187210764917        5.3586764982064254     
  -3.4142162831568408       -7.8330216818480549     
 -0.98168798900353127        8.4842052946211890     
   7.6096857559339988       -5.0418228956769768     
   14.713072880013240       -1.6225190492868344     
  -7.6104645757401839        4.7929826884026037     
   3.2858707116805608      -0.54433894366917146     
   2.4674693437256674        5.2556196318073116     
  -1.7244643145777354        10.710409663716177     
   4.3118058660610217       -6.6406714358154550     
   7.6312850753319381       -10.334157384368870     
  -2.0740228530915332        1.1747071749448927     
   6.6083809471861246        12.223641687174261     
   10.292792986678698       -7.1730100384627775     
  -7.5706392154395346       -4.1363960870843570     
  -3.4145850050439552        5.8231690662118378     
  -10.979530343531579       -5.9891905530934650     
  -8.7312602848669432       -8.2185351474882662     
