   1.1992268818294840       0.54108880212318100     
   4.2208952874800936        10.979585300004780     
   3.2104653759501276        6.6875781456986294     
  -6.8818181357861041       -1.5394721402708924     
  -7.2386130233613697        1.7879689949436854     
 -0.75245799081984477       -4.3917166168783499     
 -0.40141676374165314       -10.077932011856957     
   7.5033762874120828        7.6106650222775505     
  -5.6279605587228672E-002  -8.2423032960396228     
  -6.5601621540072710        5.4908882678426503     
   6.2608869258494408        2.6816980923484377     
  -7.4959986603035338       0.58488993416476398     
   5.4269744261512549E-002  -2.9084643645104951     
  -6.6166860760584987        8.2127956837203264     
  -8.4050453120643045        7.9999604854680300     
   12.276360982197872        1.6657266652827496     
   8.4561000808809847       -4.5372774283642627     
   11.207083231427353       -2.1503230441573997     
 -0.64428222057197659        12.343417098055291     
   1.1714023749874738        7.6657329021769902     
   9.1965301122534271       -8.3317601850938452     
  -8.7449899922188425        5.3665129757571464     
  -5.3572130451599911       0.45623169448696621     
  0.16276213414359744       -12.408830225520516     
  -6.0755203852876063        4.7912742411780389     
  0.25995289599419441      -0.13083392070039954     
   5.8081554813637739        1.8832854642001504     
  -9.1692309376755006        3.6569489317934036     
   7.1561290877833228       -10.138862789203237     
  -11.810642027793053       -2.1426594736845139     
  -5.0739549069531096       -10.591301871778986     
  -7.7725398030222888        5.4115436325065467     
  -6.4064360498507806        3.2883134569518386     
   1.9865361758625260       -3.0179985591051679     
  -2.6360722388397111        4.3635548419538965     
  -9.8455051015334440       -3.4601795973030738     
  -1.8543015187435996       -6.0930724581981890     
   5.0188706154950271      -0.46762915145386097     
  -8.7273985221823143       -8.2398289543506671     
   5.1066275355217519       0.51632852969633558     
  -2.0323518908359866       -2.2502173941878620     
 -0.47279873638043263        1.0908613581315476     
  -1.8506481558884333        9.5392975970857741     
   2.8927498452479465       -9.3007702594640804     
   8.9790033826633664        7.6207618459684463     
   9.0919895741717198       -7.4573094539099580     
   4.6677452024255448       -4.5022503902994853     
  -4.0030042905256202        2.9563094727073831     
   7.6353532074133765        1.6109782647873383     
   1.9899252542309902        10.222390473125257     
  -7.6330238588713897       -8.3276399807842427     
   8.2112985646550474        7.9821112563267294     
   6.0215636921009024       -7.8231902838816216     
  -2.4404276939934650        7.6709544490413437     
  -4.5356807748844439        10.781291063169956     
   1.5186495041972323       -11.416502109624284     
   1.5937937573555219        11.066713598826624     
   1.2549012966839304       -6.1744302540306535     
   5.2869054558430140        8.1097946561633645     
  -10.800276386437218      -0.17557574235575382     
  -2.8316472876892047        3.5448585385939659     
   4.4091936936652214       -1.5017854010705602     
   3.8271854552242641       -9.0657951863231983     
   11.938130334672453        3.3760349826324525     
  0.99346432561765829       -12.038003774857792     
   1.9793274561469598       -9.5958660206713731     
 -0.24987129470837999        11.365347036416470     
   11.229079529836342       -8.6864289681628237E-002
  -9.5216939896921211      -0.17809255963116408     
   9.7615466202424095        4.5220407100456548     
   5.9274847163894027       -4.4845270898581822     
   2.0086646582847925       -5.6992883255874167     
  -3.3753150509603844       -6.0292813733830197     
  -5.1430414197878687        8.4159782655407316     
  -5.0061988156963055       -8.6310409813804725     
   2.5419937907903494       -11.687299212039910     
  -6.3323341810457112       -3.8464916391624020     
   1.1509681378383736        3.4588237099090846     
  -6.5958390272030014       -10.511975537763318     
   7.4569657010223516        8.5508742419507016     
  -2.1000668392640560       -4.6348322756846043     
  -8.1630234544716185       -1.3743336388786787     
   10.462597240372226        2.1931573661586814     
  -2.3031417454922454       -11.031631704975329     
  -4.8524907257967902       -11.334157050571696     
   9.0491287116818118        4.1984349800816227     
  -3.2236322158800688       -3.2439847135012529     
  -9.1961956441842929        4.6278264498459025     
   11.063439130324378       0.68026689617038993     
   6.7365219052904983       -3.9457185042909950     
   4.2780242737255438       0.69109187448431664     
  -7.5324857298488785       -7.4810221423685945     
 -0.88671831264460310       -7.8278194320954544     
  -4.9483932933663723        1.1453771822498973     
  -5.8177217024397745       -8.5109939458539152     
  -6.2149025306166896      -0.39992528282417017     
  -5.8872360693929684       -1.1530731370411631     
  -4.1781711699059985       -5.4175700118411179     
   3.4286450256250620       -8.0629711057675291     
  -6.9867339776080648       -6.2742200824148027     
  -2.7700736543184661       -6.6188749052701743     
  -4.2211423803518802       -2.2873151362880968     
   1.7410627926289113        2.9614328355347252     
   6.1236652409620982       -2.4605779537746955     
   9.6559027181360797       -7.7950841350101845     
  -5.2688545788057386        4.9208381041919163     
   7.5017053907147595        5.4404758998977911     
 -0.49184368229222764        7.9752174315925712     
  0.29876702350887591        12.232713130323587     
   5.4642731657537045       -5.2556510276977493     
  -11.112361741620742        3.7347670115026834     
  -3.4509892090440988       -1.7621447472933625     
   5.2436877699074929       -7.5883855190563674     
   4.1733001994177954       -2.6463253479598738     
   12.165693736248144        2.4411805467950338     
  -5.1994389905152518      -0.43392797810623029     
  -1.6696273201909395        8.0806788218194487     
   6.8331330908560144       -6.9127472625894066     
  -8.0233729129644278        3.1818425285677807     
   9.9503841865604947        5.9019876091641894     
  -4.9985170949891380       -1.7085797759220860     
   2.2195637553344056       -6.5681752463006120     
   5.8593607451641319        6.0821646203659627     
   5.0632184596856336       -2.6696989500606159     
   9.7059824348957608       -1.8080328273866830     
  -8.6973574894353796      -0.70391511889928493     
   7.3845750280341464        6.4309826700797075     
   5.4743741182132046        7.2550509673352650     
   6.2920804674081090       -5.1849935105198481     
   1.8211160103789596       -7.3624471003636272     
   2.7797200333618970        3.3559109517399932     
 -0.98660443604064640       -6.6616445578804546     
  -3.9374102075087252       -7.1560945862260930     
  -6.3648246729316815        1.3321732239626121     
  -6.4639172264205724        9.0132460237572793     
   5.5278872023240657       -1.8359075106512948     
   2.3463327013205828        8.8086129940155562     
   1.4627345334257682        2.1194683948040356     
  0.55646542362213813        8.7890479460800908     
  -2.6220156604899456       -5.5397955231808265     
   1.5928042216255791        1.2678536138772019     
  -3.1726350030846109        5.7682842607110469     
  -7.8752402544374949       -3.5404482110622646     
   1.4221672454585517        4.3601112476989696     
 -0.30205139275715359        8.7210509818126667     
  -7.3962775633637907        3.9876261171312124     
  -1.6471834271078138        7.0205206780586256     
  -4.8710152765927202       -3.5171926289919346     
   11.661033611183678        1.3978283697330467     
   6.9390470866108052      -0.74820787857495208     
  0.26229481384725856        7.4043762653366887     
   5.0459895024430583        9.5723082915684348     
   8.3313088685985850       -8.0977517553987024     
  -8.6466338089522079       -3.8679685636962677     
  0.68170570987809087        10.071774140884425     
   3.9614986077750074        9.3355312031549023     
  -6.5252415815657745        2.3799179243928843     
  -7.7645114991302595        8.7002443660954949     
   1.3724967027277248      -0.29937869441484216     
 -0.43535157355976922       -5.9177779754277715     
  -4.1791543398405757        8.5562020057406780     
   8.1524045829745386        4.8101751507692514     
   3.4920985704246328       0.76889641286120047     
   5.1629053211077300        3.6556577419739016     
  -5.6060468685505489        9.3161227680178307     
   1.6625114324167747       -1.5581953335008811     
   9.8883536831261392       -5.1611929276840716     
   2.9420223588747589       -3.5658037635900994     
  -7.0527963407813434        4.9203458823080481     
  -3.9973538182283170        6.0406919824703458     
  -5.1610751064825271       -4.3463107588785546     
   2.7479274951168562        2.5125130225548293     
   7.7793338674813581       -7.0344918494762014     
  -2.2357910017709721        11.245028292011265     
  -4.3677066912610467       -4.6357629959372542     
  -1.1053985185756912        4.5584677030472829     
   4.8637182460474691        1.3850137805025602     
   6.6730253497802874        1.8233616672407833     
   1.7366862429912178        9.4381855436936437     
  -2.6059682205519361       -1.5275228228484707     
  -1.7183426204298695       -2.9851292873502304     
   3.7655972318205433       -3.3123729084747411     
  -1.4917567132495271       -1.1840278793126140     
   9.2834591498632992        8.2355123663115286     
  -5.3942412118043261        3.0587526468274810     
  -10.424951952665815       -6.7313107018207203     
  -8.0591836573255566       -5.1750280873333887     
 -0.37737039648526211       -1.6678628042359800     
 -0.69987641243274323        9.9347115089401346     
   9.9481374226883936       0.78431882320597235     
  0.25578132270843884       -10.267641022969807     
  -9.3009276965524705       -1.2795232662968219     
   3.4812563392272642        2.2707713032984618     
   10.551484977147837       -5.6693500406262114     
   8.4104432205926649       0.84805838283779256     
   12.211382423494419       -2.1937691655603202     
   3.3223687333946987       -4.9260677816073315     
  -3.2541844925497201       0.53514336626310954     
  0.46019930566344225       0.57897465954086857     
   6.8413212684468254        9.2684324884064289     


