   3.5482265719680854        10.879826221405976     
  -6.7077980537820583        5.5347809519736471     
  0.37299518802294485       0.10189396480003525     
   8.2015543926635885       -1.6258456938808206     
   3.2540590907311921       -1.1710889086684477     
   11.813727311120230       -3.1817865085252555     
   3.9119087848513692       -1.7982366119292073     
  -4.3202451974861260        7.4557756126101511     
 -0.85782250163959128        1.9922162378553818     
  -5.5627025345504046E-002   11.663357379745635     
   7.9699249788220916        5.5804869521621496     
  -9.0504992969258726        6.4537285493116068     
  -5.9189156268992855        2.6754337298657660     
   7.6097090351266043       -3.3947979739053822     
  -8.1595399027980662        1.5742895266937911     
   5.7243617483715488        8.3542783943725478     
  0.75556201043809867       -9.7628894851050134     
   9.1603398815946306        3.0430665837141535     
 -0.22030167652472810        9.8100105359848513     
  -2.4862057387755292        7.9763799019662676     
   6.7538830993219356        5.6740424772006364     
   9.6007311892195268        6.5059976885077795     
   10.165897435386327        7.1164048955990733     
   2.2761879552452124        4.4261671917760816     
  -8.3919281744760321E-002   8.0289679282543922     
  0.86331194603322392        3.2161275041283335     
 -0.18156760404271705        1.1964080112951345     
   7.6701629702669250        9.7536126326987240     
  -5.3218898210269145        11.076370649093919     
   1.2285602082575533        2.4717383456881499     
   6.5000032309214486        4.5163570834240225     
   2.4072671916609649       -4.9342810215005786     
   2.3314293534061235       0.88697858698665755     
   4.2723719914498739        8.5514641245877634     
   4.5723034527649151       -1.1310391271343949     
  -2.3902514867784967       -4.3460439128589012     
  0.78141268029051214        9.6451768987480779     
   6.8547581350488560        9.7574522910862687     
 -0.43960786911381644       -2.1854573108195351E-002
   4.1765848499618219        7.8485451504763777     
  -2.2276316844854001       0.45210936236684229     
   2.5525088987864137        5.8871069287599793     
   11.457404954205748        4.6939495926329213     
  -10.668437568347953        3.8357349779958358     
  -3.2202199188594332        10.220479576540329     
  -5.3839988646010752       -8.5686923074725190     
   3.0365641892456989       -3.2289030020944511     
   3.9054802532857944        5.2300887272983214     
  -3.7628588644092349       -9.2694582690592568     
   3.5676251355883988       -3.5438197631884916     
   2.0369052045072258       -2.1333033238565453     
   2.5744321782717807       0.14801784012431032     
   1.2346825211995429       -5.8412189979590368     
   8.3196590794811147       -3.7595193460925547     
   6.3084015762898149        1.7287985548068914     
 -0.36161713818218583       -1.1198213240829558     
  0.19478206884658980        3.8388231868851861     
   9.6518847743095737        2.3020306581896754     
   5.6263353343267948       -9.5842314147364256     
  -9.0625475616604643        2.0065701759324841     
   9.6974737369331301        7.7424445703258522     
  -3.5833553960653797       -5.2328894532048311     
   2.7098664505012104        8.5777518425012538     
  -3.2300264954572810       -10.749502268230371     
   5.0837791321412542        8.0494249151259591     
   9.3407446476046267        1.4800538151818197     
   5.5893970214628910       -6.0885320790079476     
  -6.3439998447061079       -7.0540825931961821     
   1.6424748370807385       -8.6229661052794491     
   4.5113267441705371        4.5507343261819555     
  -4.1515279930269982        2.7840753236648790     
 -0.27457401428020223       -5.0829315828122850     
  -8.2510092813776605        5.9957728931373913     
   7.4651583999933822       -5.2771046899294713     
   7.2328602808602520        8.8135074909931017     
  -7.6176623345869938        8.5060200749371599     
  -8.7605224774517848E-002   2.0192098727543164     
  -9.7282210319698272        1.3159723838665016     
   1.6493554259118459       -3.9401632263005939     
  -7.3474220781440600       -3.1170742899317014     
   3.4048751245473845        3.0953425010079636     
   1.3857999580571081       0.32252561045677358     
  -9.5507475242158844       -1.5466168916116647     
   3.3827266398087059       -4.2188922849968596E-003
  0.32881716292967611        6.2250211381438048     
  -5.2373711918475356        5.2714204843148229     
  -7.8744771384999357        7.6698160877760388     
  0.23468862804545135       -3.3380067906573383     
  -3.6414673285126580        3.6013307818317339     
  -2.7158327221723328        3.9596876472829146     
  -9.5529473169191590       0.44216639481535036     
   7.9617217819083654        8.2156990455303589     
   5.7137407743277331        2.2169342039888633     
  -3.4835706147440182       -6.9044279184062711     
  0.50001810423066195       -8.0904799891684256     
   1.5431371313187170       0.91745878538694914     
  0.63069571794486412        12.393457396810613     
   7.7996208222978858       -6.2334349118105958     
  0.85647907128374778       -2.4109346974984365     
 -0.95050311786813935       -4.4776874111275156     
   6.4840647831507612        10.579732139585261     
  -6.1698544484728828       0.98802572699488633     
 -0.76798206451264106        10.704760743098662     
   8.6453154267336085       -6.2851511461385234     
   7.1158022750373640        3.8477552237834294     
   9.9100062964612583      -0.25743054742071658     
   3.0552182828651211       -5.5539999913857256     
  -4.0995261193231993       0.93026839217762280     
  -5.0020955391999307        8.1804517992314754     
   3.3674451537867651       -10.557245968722967     
  -4.5033412073824604       -11.144633408124880     
  -7.1055423549599608        7.1422793594078460     
  -7.7444780575629029       -6.5125443307781579     
   5.3209218571452510       -1.4211992381755219     
  -7.4531229311504683       -5.4937744255313268     
   10.664740087118039        6.3447856085478946     
   2.9688275852580963        7.8450327604451795     
  -1.4571645092297167       -3.6478230594289069     
   4.0477806656734865      -0.45308855252281943     
   1.3515283819869255        8.8598584482182137     
   5.4938016362088788        6.4401413063529223     
 -0.88453274744248267       -6.3163618310823244     
  -6.7588402744286551        3.1910840056709087     
  -7.2226109149258511        4.7991867967433413     
   9.4676293717754234       -5.4951393890346951     
   4.9468176063008311        5.3635602507895115     
  -5.6352161087367687       -3.5713809150289428     
  -9.6769771100123112        5.0276077367186351     
   2.6095590730119169       -8.4485253571241259     
  -1.2036307414953760       -7.4527820169312360     
  -2.7275145982766582        12.100116351953721     
  -5.2559303230454475        5.3515906103612676E-002
  -6.5621869343333916       -4.9077859078441035     
  -10.708159183039223       -1.7933362808953761     
   8.3456769440062999        3.3982511563976150     
   6.9768887185361086       -7.8076316938152814     
  -11.769398344877454       0.55468300745908772     
  -6.6609715200499684        8.7220661933519370     
 -0.96309695618911728       -9.9050175140658254     
  -8.4435670349685701        3.9749186670431995     
 -0.24831567663899010       -9.8582760312087956     
  -4.5817753631802782      -0.50131064918627832     
   10.251012744088396       -3.6696276064023103     
   6.3144106306823620        3.4433784517821442     
   3.8744009501952199        3.8814419363083874     
   5.2253515900053822        9.9669452839856696     
   7.6847039424957408        3.4741804698451362     
  -6.6031618704178259       -3.6230430624021368     
  -1.0369698513809109        9.3215220008256274     
 -0.57971348915485488        12.395882530739526     
 -0.36015886592815310        8.9055793316696921     
   6.5566110881817421       -8.6587691252194112     
  -7.3952019631591819       0.10883883300966304     
  0.37853210331129322        9.1182077664407224     
   6.7901357111400094        6.9053031439599017     
  -2.5049863762321780       -5.1695850439943802     
  -10.164147145439264       -3.8629479470452788     
  -1.1353115171697787       -1.1379754831558095     
  -3.2362721519462361       0.64331066413701854     
   3.2318342604599395        9.9280777961620199     
   3.4884235390152014        8.9193706156034640     
  -6.8667975335431999        6.4864560544955383     
   3.3500206628724323       -6.2214224688542998     
   11.082509634811082        5.5842572094000973     
   3.0214247448368412        4.9669595113397671     
  -6.6266850965932438       -10.492356680268498     
  -5.7963047058320916      -0.56192715998066045     
  -8.8984142734386058        1.0888175951450529     
   5.8799364489693628        5.8005124331964169     
  -2.8446832675629672       -12.078073207805904     
  -4.9688186190922075       -9.4935738595990511     
  -3.4803509040037572       -3.5613336542449594     
  -4.9581742701399349        10.034955272646970     
  -2.3308883490165071       -1.0097384124278792     
  -2.3094792325787434        10.050094538624171     
  -8.8684565474109291        5.4965536660222574     
   8.1592246375458277        4.6843248200515477     
  -10.135423297340513       -2.5417450227639544     
   1.4004474992700018        3.8771349781831090     
   6.3166151412213560       -7.5029257164673711     
   4.2317146660705376       -3.8487821211082585     
   9.6067823783421300       -2.9949908251520272     
  -10.568851701396106       -6.0840804066791359     
  -1.3145583701003838        10.130181592361312     
   11.384448302704673       -1.5338163413953507     
  -8.5704353229118428       -5.9827768407996054     
   3.5454088522254379        7.0113556419818313     
  -3.3498859834339165       -4.4241796702650200     
   6.2946475023583988        7.5903653230733097     
 -0.48790463401775669        2.8623010328447291     
   1.6233958606635259        4.8397157359433107     
  -5.7590868717685995       -7.6381660781838256     
   5.8881410949861657        5.1906994191191842     
  -11.400724336012903        3.4254895847600992     
   5.4043009795997454        7.2367333236442812     
   7.0733649310838320       -3.9491222443090948     
  -2.7354294354540651       -8.3686265525026524     
   2.9120855988925070        3.7350821879572305     
   4.9581669128679744       -2.1787151731955223     
  -9.8057313878509778        3.3846492053387376     


