  5    ***    0.12929E-01    0.3227486122E-01    0.0000000000E+00
  5    ***    0.12929E-01    0.6454972244E-01    0.0000000000E+00
  5    ***    0.12929E-01    0.9682458366E-01    0.0000000000E+00
  5    ***    0.12929E-01    0.1290994449E+00    0.0000000000E+00
  5    ***    0.12929E-01    0.1613743061E+00    0.0000000000E+00
  5    ***    0.12929E-01    0.1936491673E+00    0.0000000000E+00
  5    ***    0.12929E-01    0.2259240285E+00    0.0000000000E+00
  5    ***    0.12929E-01    0.2581988897E+00    0.0000000000E+00
  5    ***    0.12929E-01    0.2904737510E+00    0.0000000000E+00
  5    ***    0.12929E-01    0.3227486122E+00    0.0000000000E+00
  5    ***    0.12929E-01    0.3550234734E+00    0.0000000000E+00
  5    ***    0.12929E-01    0.3872983346E+00    0.0000000000E+00
  5    ***    0.12929E-01    0.4195731958E+00    0.0000000000E+00
  5    ***    0.12929E-01    0.4518480571E+00    0.0000000000E+00
  5    ***    0.12929E-01    0.4841229183E+00    0.0000000000E+00
  5    ***    0.12929E-01    0.5163977795E+00    0.0000000000E+00
  5    ***    0.12929E-01    0.5486726407E+00    0.0000000000E+00
  5    ***    0.12929E-01    0.5809475019E+00    0.0000000000E+00
  5    ***    0.12929E-01    0.6132223631E+00    0.0000000000E+00
  5    ***    0.12929E-01    0.6454972244E+00    0.0000000000E+00
  5    ***    0.12929E-01    0.6777720856E+00    0.0000000000E+00
  5    ***    0.12929E-01    0.7100469468E+00    0.0000000000E+00
  5    ***    0.12929E-01    0.7423218080E+00    0.0000000000E+00
  5    ***    0.12929E-01    0.7745966692E+00    0.0000000000E+00
  5    ***    0.12929E-01    0.8068715305E+00    0.0000000000E+00
  5    ***    0.12929E-01    0.8391463917E+00    0.0000000000E+00
  5    ***    0.12929E-01    0.8714212529E+00    0.0000000000E+00
  5    ***    0.12929E-01    0.9036961141E+00    0.0000000000E+00
  5    ***    0.12929E-01    0.9359709753E+00    0.0000000000E+00
  5    ***    0.12929E-01    0.9682458366E+00    0.0000000000E+00
  5    ***    0.12929E-01    0.1000520698E+01    0.5184130479E+03
  5    ***    0.12929E-01    0.1032795559E+01    0.7697319142E+03
  5    ***    0.12929E-01    0.1065070420E+01    0.1292827845E+03
  5    ***    0.12929E-01    0.1097345281E+01    0.1028017409E+03
  5    ***    0.12929E-01    0.1129620143E+01    0.8848461253E+02
  5    ***    0.12929E-01    0.1161895004E+01    0.7285082150E+02
  5    ***    0.12929E-01    0.1194169865E+01    0.6572009047E+02
  5    ***    0.12929E-01    0.1226444726E+01    0.5793749224E+02
  5    ***    0.12929E-01    0.1258719588E+01    0.5709404546E+02
  5    ***    0.12929E-01    0.1290994449E+01    0.5758266133E+02
  5    ***    0.12929E-01    0.1323269310E+01    0.5950587186E+02
  5    ***    0.12929E-01    0.1355544171E+01    0.6106640939E+02
  5    ***    0.12929E-01    0.1387819032E+01    0.5260726213E+02
  5    ***    0.12929E-01    0.1420093894E+01    0.5268577426E+02
  5    ***    0.12929E-01    0.1452368755E+01    0.5607976422E+02
  5    ***    0.12929E-01    0.1484643616E+01    0.5648146587E+02
  5    ***    0.12929E-01    0.1516918477E+01    0.5533252628E+02
  5    ***    0.12929E-01    0.1549193338E+01    0.4921405903E+02
  5    ***    0.12929E-01    0.1581468200E+01    0.4994249299E+02
  5    ***    0.12929E-01    0.1613743061E+01    0.5341947245E+02
  5    ***    0.12929E-01    0.1646017922E+01    0.5917916553E+02
  5    ***    0.12929E-01    0.1678292783E+01    0.6147151076E+02
  5    ***    0.12929E-01    0.1710567645E+01    0.6449140185E+02
  5    ***    0.12929E-01    0.1742842506E+01    0.7261511213E+02
  5    ***    0.12929E-01    0.1775117367E+01    0.7748772334E+02
  5    ***    0.12929E-01    0.1807392228E+01    0.8154238987E+02
  5    ***    0.12929E-01    0.1839667089E+01    0.9035719077E+02
  5    ***    0.12929E-01    0.1871941951E+01    0.9530474784E+02
  5    ***    0.12929E-01    0.1904216812E+01    0.1069260040E+03
  5    ***    0.12929E-01    0.1936491673E+01    0.1152977255E+03
  5    ***    0.12929E-01    0.1968766534E+01    0.1451450990E+03
  5    ***    0.12929E-01    0.2001041396E+01    0.2208936040E+03
  5    ***    0.12929E-01    0.2033316257E+01    0.1272832108E+03
  5    ***    0.12929E-01    0.2065591118E+01    0.9311692041E+02
  5    ***    0.12929E-01    0.2097865979E+01    0.8254540279E+02
  5    ***    0.12929E-01    0.2130140840E+01    0.7408504661E+02
  5    ***    0.12929E-01    0.2162415702E+01    0.7502348620E+02
  5    ***    0.12929E-01    0.2194690563E+01    0.7332350753E+02
  5    ***    0.12929E-01    0.2226965424E+01    0.6908579182E+02
  5    ***    0.12929E-01    0.2259240285E+01    0.6577610448E+02
  5    ***    0.12929E-01    0.2291515147E+01    0.7137365505E+02
  5    ***    0.12929E-01    0.2323790008E+01    0.7044665229E+02
  5    ***    0.12929E-01    0.2356064869E+01    0.6878654688E+02
  5    ***    0.12929E-01    0.2388339730E+01    0.7293670448E+02
  5    ***    0.12929E-01    0.2420614591E+01    0.6750049538E+02
  5    ***    0.12929E-01    0.2452889453E+01    0.6335505062E+02
  5    ***    0.12929E-01    0.2485164314E+01    0.6705395396E+02
  5    ***    0.12929E-01    0.2517439175E+01    0.6471671245E+02
  5    ***    0.12929E-01    0.2549714036E+01    0.6900471744E+02
  5    ***    0.12929E-01    0.2581988897E+01    0.6980235512E+02
  5    ***    0.12929E-01    0.2614263759E+01    0.7068140221E+02
  5    ***    0.12929E-01    0.2646538620E+01    0.7637562560E+02
  5    ***    0.12929E-01    0.2678813481E+01    0.8654942263E+02
  5    ***    0.12929E-01    0.2711088342E+01    0.8140193995E+02
  5    ***    0.12929E-01    0.2743363204E+01    0.9425287574E+02
  5    ***    0.12929E-01    0.2775638065E+01    0.8958841054E+02
  5    ***    0.12929E-01    0.2807912926E+01    0.9126110032E+02
  5    ***    0.12929E-01    0.2840187787E+01    0.9367550735E+02
  5    ***    0.12929E-01    0.2872462648E+01    0.9616195612E+02
  5    ***    0.12929E-01    0.2904737510E+01    0.9406323877E+02
  5    ***    0.12929E-01    0.2937012371E+01    0.9587142048E+02
  5    ***    0.12929E-01    0.2969287232E+01    0.1055105085E+03
  5    ***    0.12929E-01    0.3001562093E+01    0.1040505121E+03
  5    ***    0.12929E-01    0.3033836955E+01    0.8799106569E+02
  5    ***    0.12929E-01    0.3066111816E+01    0.8324426670E+02
  5    ***    0.12929E-01    0.3098386677E+01    0.8272457306E+02
  5    ***    0.12929E-01    0.3130661538E+01    0.8214176279E+02
  5    ***    0.12929E-01    0.3162936399E+01    0.8079782268E+02
  5    ***    0.12929E-01    0.3195211261E+01    0.7942946553E+02
  5    ***    0.12929E-01    0.3227486122E+01    0.7808861304E+02
  5    ***    0.12929E-01    0.3259760983E+01    0.7608524786E+02
  5    ***    0.12929E-01    0.3292035844E+01    0.7574709031E+02
  5    ***    0.12929E-01    0.3324310705E+01    0.7815827527E+02
  5    ***    0.12929E-01    0.3356585567E+01    0.7741296432E+02
  5    ***    0.12929E-01    0.3388860428E+01    0.7854364977E+02
  5    ***    0.12929E-01    0.3421135289E+01    0.7858120686E+02
  5    ***    0.12929E-01    0.3453410150E+01    0.8017702989E+02
  5    ***    0.12929E-01    0.3485685012E+01    0.7974388099E+02
  5    ***    0.12929E-01    0.3517959873E+01    0.8279225471E+02
  5    ***    0.12929E-01    0.3550234734E+01    0.8170128162E+02
  5    ***    0.12929E-01    0.3582509595E+01    0.8254740361E+02
  5    ***    0.12929E-01    0.3614784456E+01    0.8445631994E+02
  5    ***    0.12929E-01    0.3647059318E+01    0.8488263632E+02
  5    ***    0.12929E-01    0.3679334179E+01    0.8402707917E+02
  5    ***    0.12929E-01    0.3711609040E+01    0.8182537874E+02
  5    ***    0.12929E-01    0.3743883901E+01    0.8505019684E+02
  5    ***    0.12929E-01    0.3776158763E+01    0.8691690516E+02
  5    ***    0.12929E-01    0.3808433624E+01    0.8874317086E+02
  5    ***    0.12929E-01    0.3840708485E+01    0.8807164473E+02
  5    ***    0.12929E-01    0.3872983346E+01    0.8927806522E+02
  5    ***    0.12929E-01    0.3905258207E+01    0.8676202946E+02
  5    ***    0.12929E-01    0.3937533069E+01    0.8761564762E+02
  5    ***    0.12929E-01    0.3969807930E+01    0.8482997444E+02
  5    ***    0.12929E-01    0.4002082791E+01    0.8259252341E+02
  5    ***    0.12929E-01    0.4034357652E+01    0.8076736248E+02
  5    ***    0.12929E-01    0.4066632514E+01    0.7625233799E+02
  5    ***    0.12929E-01    0.4098907375E+01    0.7535162472E+02
  5    ***    0.12929E-01    0.4131182236E+01    0.7354631058E+02
  5    ***    0.12929E-01    0.4163457097E+01    0.7323554960E+02
  5    ***    0.12929E-01    0.4195731958E+01    0.7612301043E+02
  5    ***    0.12929E-01    0.4228006820E+01    0.7956722709E+02
  5    ***    0.12929E-01    0.4260281681E+01    0.8110003366E+02
  5    ***    0.12929E-01    0.4292556542E+01    0.7808946292E+02
  5    ***    0.12929E-01    0.4324831403E+01    0.7948829709E+02
  5    ***    0.12929E-01    0.4357106264E+01    0.8298681892E+02
  5    ***    0.12929E-01    0.4389381126E+01    0.8345685860E+02
  5    ***    0.12929E-01    0.4421655987E+01    0.7921135688E+02
  5    ***    0.12929E-01    0.4453930848E+01    0.8445050653E+02
  5    ***    0.12929E-01    0.4486205709E+01    0.8399519908E+02
  5    ***    0.12929E-01    0.4518480571E+01    0.8396261806E+02
  5    ***    0.12929E-01    0.4550755432E+01    0.8418424253E+02
  5    ***    0.12929E-01    0.4583030293E+01    0.8245193354E+02
  5    ***    0.12929E-01    0.4615305154E+01    0.8298841327E+02
  5    ***    0.12929E-01    0.4647580015E+01    0.8613665157E+02
  5    ***    0.12929E-01    0.4679854877E+01    0.8617496711E+02
  5    ***    0.12929E-01    0.4712129738E+01    0.8308347446E+02
  5    ***    0.12929E-01    0.4744404599E+01    0.8108406592E+02
  5    ***    0.12929E-01    0.4776679460E+01    0.8181880475E+02
  5    ***    0.12929E-01    0.4808954322E+01    0.8109635630E+02
  5    ***    0.12929E-01    0.4841229183E+01    0.8228448953E+02
  5    ***    0.12929E-01    0.4873504044E+01    0.8085113409E+02
  5    ***    0.12929E-01    0.4905778905E+01    0.7885176703E+02
  5    ***    0.12929E-01    0.4938053766E+01    0.7886237012E+02
  5    ***    0.12929E-01    0.4970328628E+01    0.7480510430E+02
  5    ***    0.12929E-01    0.5002603489E+01    0.7544170931E+02
  5    ***    0.12929E-01    0.5034878350E+01    0.7629939147E+02
  5    ***    0.12929E-01    0.5067153211E+01    0.7720468999E+02
  5    ***    0.12929E-01    0.5099428073E+01    0.7553099501E+02
  5    ***    0.12929E-01    0.5131702934E+01    0.7623049832E+02
  5    ***    0.12929E-01    0.5163977795E+01    0.7731717200E+02
  5    ***    0.12929E-01    0.5196252656E+01    0.7976746586E+02
  5    ***    0.12929E-01    0.5228527517E+01    0.7973396569E+02
  5    ***    0.12929E-01    0.5260802379E+01    0.8185715798E+02
  5    ***    0.12929E-01    0.5293077240E+01    0.8437801294E+02
  5    ***    0.12929E-01    0.5325352101E+01    0.8132014561E+02
  5    ***    0.12929E-01    0.5357626962E+01    0.8202278387E+02
  5    ***    0.12929E-01    0.5389901823E+01    0.8398333920E+02
  5    ***    0.12929E-01    0.5422176685E+01    0.8260018023E+02
  5    ***    0.12929E-01    0.5454451546E+01    0.8123343859E+02
  5    ***    0.12929E-01    0.5486726407E+01    0.8593427960E+02
  5    ***    0.12929E-01    0.5519001268E+01    0.8308840159E+02
  5    ***    0.12929E-01    0.5551276130E+01    0.8198029358E+02
  5    ***    0.12929E-01    0.5583550991E+01    0.8394376055E+02
  5    ***    0.12929E-01    0.5615825852E+01    0.8167519791E+02
  5    ***    0.12929E-01    0.5648100713E+01    0.8341944451E+02
  5    ***    0.12929E-01    0.5680375574E+01    0.8140027175E+02
  5    ***    0.12929E-01    0.5712650436E+01    0.8067361177E+02
  5    ***    0.12929E-01    0.5744925297E+01    0.8224481873E+02
  5    ***    0.12929E-01    0.5777200158E+01    0.8271991234E+02
  5    ***    0.12929E-01    0.5809475019E+01    0.8028998916E+02
  5    ***    0.12929E-01    0.5841749881E+01    0.8207986339E+02
  5    ***    0.12929E-01    0.5874024742E+01    0.8114499428E+02
  5    ***    0.12929E-01    0.5906299603E+01    0.8168825853E+02
  5    ***    0.12929E-01    0.5938574464E+01    0.7916705128E+02
  5    ***    0.12929E-01    0.5970849325E+01    0.7671734076E+02
  5    ***    0.12929E-01    0.6003124187E+01    0.7610060097E+02
  5    ***    0.12929E-01    0.6035399048E+01    0.8007823359E+02
  5    ***    0.12929E-01    0.6067673909E+01    0.7990647664E+02
  5    ***    0.12929E-01    0.6099948770E+01    0.8021746861E+02
  5    ***    0.12929E-01    0.6132223631E+01    0.8137445263E+02
  5    ***    0.12929E-01    0.6164498493E+01    0.8255137147E+02
  5    ***    0.12929E-01    0.6196773354E+01    0.8362025643E+02
  5    ***    0.12929E-01    0.6229048215E+01    0.8538179031E+02
  5    ***    0.12929E-01    0.6261323076E+01    0.8565645012E+02
  5    ***    0.12929E-01    0.6293597938E+01    0.8505371083E+02
  5    ***    0.12929E-01    0.6325872799E+01    0.8099757325E+02
  5    ***    0.12929E-01    0.6358147660E+01    0.8264847349E+02
  5    ***    0.12929E-01    0.6390422521E+01    0.8209074971E+02
  5    ***    0.12929E-01    0.6422697382E+01    0.8459698593E+02
  5    ***    0.12929E-01    0.6454972244E+01    0.8416272945E+02
