  6    ***    0.12929E-01    0.3227486122E-01    0.0000000000E+00
  6    ***    0.12929E-01    0.6454972244E-01    0.0000000000E+00
  6    ***    0.12929E-01    0.9682458366E-01    0.0000000000E+00
  6    ***    0.12929E-01    0.1290994449E+00    0.0000000000E+00
  6    ***    0.12929E-01    0.1613743061E+00    0.0000000000E+00
  6    ***    0.12929E-01    0.1936491673E+00    0.0000000000E+00
  6    ***    0.12929E-01    0.2259240285E+00    0.0000000000E+00
  6    ***    0.12929E-01    0.2581988897E+00    0.0000000000E+00
  6    ***    0.12929E-01    0.2904737510E+00    0.0000000000E+00
  6    ***    0.12929E-01    0.3227486122E+00    0.0000000000E+00
  6    ***    0.12929E-01    0.3550234734E+00    0.0000000000E+00
  6    ***    0.12929E-01    0.3872983346E+00    0.0000000000E+00
  6    ***    0.12929E-01    0.4195731958E+00    0.0000000000E+00
  6    ***    0.12929E-01    0.4518480571E+00    0.0000000000E+00
  6    ***    0.12929E-01    0.4841229183E+00    0.0000000000E+00
  6    ***    0.12929E-01    0.5163977795E+00    0.0000000000E+00
  6    ***    0.12929E-01    0.5486726407E+00    0.0000000000E+00
  6    ***    0.12929E-01    0.5809475019E+00    0.0000000000E+00
  6    ***    0.12929E-01    0.6132223631E+00    0.0000000000E+00
  6    ***    0.12929E-01    0.6454972244E+00    0.0000000000E+00
  6    ***    0.12929E-01    0.6777720856E+00    0.0000000000E+00
  6    ***    0.12929E-01    0.7100469468E+00    0.0000000000E+00
  6    ***    0.12929E-01    0.7423218080E+00    0.0000000000E+00
  6    ***    0.12929E-01    0.7745966692E+00    0.0000000000E+00
  6    ***    0.12929E-01    0.8068715305E+00    0.0000000000E+00
  6    ***    0.12929E-01    0.8391463917E+00    0.0000000000E+00
  6    ***    0.12929E-01    0.8714212529E+00    0.0000000000E+00
  6    ***    0.12929E-01    0.9036961141E+00    0.0000000000E+00
  6    ***    0.12929E-01    0.9359709753E+00    0.0000000000E+00
  6    ***    0.12929E-01    0.9682458366E+00    0.0000000000E+00
  6    ***    0.12929E-01    0.1000520698E+01    0.3788158992E+03
  6    ***    0.12929E-01    0.1032795559E+01    0.5539845049E+03
  6    ***    0.12929E-01    0.1065070420E+01    0.9715797141E+02
  6    ***    0.12929E-01    0.1097345281E+01    0.7628795266E+02
  6    ***    0.12929E-01    0.1129620143E+01    0.7003186551E+02
  6    ***    0.12929E-01    0.1161895004E+01    0.6051295098E+02
  6    ***    0.12929E-01    0.1194169865E+01    0.5282723196E+02
  6    ***    0.12929E-01    0.1226444726E+01    0.5250500352E+02
  6    ***    0.12929E-01    0.1258719588E+01    0.5159100493E+02
  6    ***    0.12929E-01    0.1290994449E+01    0.4958865103E+02
  6    ***    0.12929E-01    0.1323269310E+01    0.4826363825E+02
  6    ***    0.12929E-01    0.1355544171E+01    0.4557890765E+02
  6    ***    0.12929E-01    0.1387819032E+01    0.3940152116E+02
  6    ***    0.12929E-01    0.1420093894E+01    0.4102465623E+02
  6    ***    0.12929E-01    0.1452368755E+01    0.3785956327E+02
  6    ***    0.12929E-01    0.1484643616E+01    0.3579622034E+02
  6    ***    0.12929E-01    0.1516918477E+01    0.3791789509E+02
  6    ***    0.12929E-01    0.1549193338E+01    0.3928547109E+02
  6    ***    0.12929E-01    0.1581468200E+01    0.3332999847E+02
  6    ***    0.12929E-01    0.1613743061E+01    0.3475558127E+02
  6    ***    0.12929E-01    0.1646017922E+01    0.3933175623E+02
  6    ***    0.12929E-01    0.1678292783E+01    0.3821202020E+02
  6    ***    0.12929E-01    0.1710567645E+01    0.4025862180E+02
  6    ***    0.12929E-01    0.1742842506E+01    0.5094862089E+02
  6    ***    0.12929E-01    0.1775117367E+01    0.5350876795E+02
  6    ***    0.12929E-01    0.1807392228E+01    0.5608677548E+02
  6    ***    0.12929E-01    0.1839667089E+01    0.5794254013E+02
  6    ***    0.12929E-01    0.1871941951E+01    0.6423327428E+02
  6    ***    0.12929E-01    0.1904216812E+01    0.7640307860E+02
  6    ***    0.12929E-01    0.1936491673E+01    0.7936455166E+02
  6    ***    0.12929E-01    0.1968766534E+01    0.9855926340E+02
  6    ***    0.12929E-01    0.2001041396E+01    0.1562834256E+03
  6    ***    0.12929E-01    0.2033316257E+01    0.9395489249E+02
  6    ***    0.12929E-01    0.2065591118E+01    0.7072394523E+02
  6    ***    0.12929E-01    0.2097865979E+01    0.5873088827E+02
  6    ***    0.12929E-01    0.2130140840E+01    0.5523721359E+02
  6    ***    0.12929E-01    0.2162415702E+01    0.5658161658E+02
  6    ***    0.12929E-01    0.2194690563E+01    0.6273015452E+02
  6    ***    0.12929E-01    0.2226965424E+01    0.6236457402E+02
  6    ***    0.12929E-01    0.2259240285E+01    0.6155517799E+02
  6    ***    0.12929E-01    0.2291515147E+01    0.5850039054E+02
  6    ***    0.12929E-01    0.2323790008E+01    0.5541708340E+02
  6    ***    0.12929E-01    0.2356064869E+01    0.5605766382E+02
  6    ***    0.12929E-01    0.2388339730E+01    0.5640364568E+02
  6    ***    0.12929E-01    0.2420614591E+01    0.5391015866E+02
  6    ***    0.12929E-01    0.2452889453E+01    0.5316913426E+02
  6    ***    0.12929E-01    0.2485164314E+01    0.5452461109E+02
  6    ***    0.12929E-01    0.2517439175E+01    0.5694912978E+02
  6    ***    0.12929E-01    0.2549714036E+01    0.5253856730E+02
  6    ***    0.12929E-01    0.2581988897E+01    0.5190332977E+02
  6    ***    0.12929E-01    0.2614263759E+01    0.5888851519E+02
  6    ***    0.12929E-01    0.2646538620E+01    0.5946575464E+02
  6    ***    0.12929E-01    0.2678813481E+01    0.6067102180E+02
  6    ***    0.12929E-01    0.2711088342E+01    0.6301849569E+02
  6    ***    0.12929E-01    0.2743363204E+01    0.7412212980E+02
  6    ***    0.12929E-01    0.2775638065E+01    0.6870430367E+02
  6    ***    0.12929E-01    0.2807912926E+01    0.7045356944E+02
  6    ***    0.12929E-01    0.2840187787E+01    0.7059131062E+02
  6    ***    0.12929E-01    0.2872462648E+01    0.7188839952E+02
  6    ***    0.12929E-01    0.2904737510E+01    0.7585377936E+02
  6    ***    0.12929E-01    0.2937012371E+01    0.7350742512E+02
  6    ***    0.12929E-01    0.2969287232E+01    0.8197714542E+02
  6    ***    0.12929E-01    0.3001562093E+01    0.8318314829E+02
  6    ***    0.12929E-01    0.3033836955E+01    0.7108353394E+02
  6    ***    0.12929E-01    0.3066111816E+01    0.6615995196E+02
  6    ***    0.12929E-01    0.3098386677E+01    0.6037955236E+02
  6    ***    0.12929E-01    0.3130661538E+01    0.6227658706E+02
  6    ***    0.12929E-01    0.3162936399E+01    0.6475108676E+02
  6    ***    0.12929E-01    0.3195211261E+01    0.6422814873E+02
  6    ***    0.12929E-01    0.3227486122E+01    0.6371572202E+02
  6    ***    0.12929E-01    0.3259760983E+01    0.6127766199E+02
  6    ***    0.12929E-01    0.3292035844E+01    0.6441714000E+02
  6    ***    0.12929E-01    0.3324310705E+01    0.6047949947E+02
  6    ***    0.12929E-01    0.3356585567E+01    0.5803511958E+02
  6    ***    0.12929E-01    0.3388860428E+01    0.5848373028E+02
  6    ***    0.12929E-01    0.3421135289E+01    0.5964795380E+02
  6    ***    0.12929E-01    0.3453410150E+01    0.6195715133E+02
  6    ***    0.12929E-01    0.3485685012E+01    0.6258416516E+02
  6    ***    0.12929E-01    0.3517959873E+01    0.6060854931E+02
  6    ***    0.12929E-01    0.3550234734E+01    0.5896668840E+02
  6    ***    0.12929E-01    0.3582509595E+01    0.6309737328E+02
  6    ***    0.12929E-01    0.3614784456E+01    0.6502542837E+02
  6    ***    0.12929E-01    0.3647059318E+01    0.6229253737E+02
  6    ***    0.12929E-01    0.3679334179E+01    0.6639243103E+02
  6    ***    0.12929E-01    0.3711609040E+01    0.6937098320E+02
  6    ***    0.12929E-01    0.3743883901E+01    0.6995211130E+02
  6    ***    0.12929E-01    0.3776158763E+01    0.7058446589E+02
  6    ***    0.12929E-01    0.3808433624E+01    0.7182154640E+02
  6    ***    0.12929E-01    0.3840708485E+01    0.6930720978E+02
  6    ***    0.12929E-01    0.3872983346E+01    0.6787485519E+02
  6    ***    0.12929E-01    0.3905258207E+01    0.7147047536E+02
  6    ***    0.12929E-01    0.3937533069E+01    0.6839235033E+02
  6    ***    0.12929E-01    0.3969807930E+01    0.7015393985E+02
  6    ***    0.12929E-01    0.4002082791E+01    0.6636103888E+02
  6    ***    0.12929E-01    0.4034357652E+01    0.6441262609E+02
  6    ***    0.12929E-01    0.4066632514E+01    0.6034445269E+02
  6    ***    0.12929E-01    0.4098907375E+01    0.5989962987E+02
  6    ***    0.12929E-01    0.4131182236E+01    0.6077197313E+02
  6    ***    0.12929E-01    0.4163457097E+01    0.6014843060E+02
  6    ***    0.12929E-01    0.4195731958E+01    0.5881875098E+02
  6    ***    0.12929E-01    0.4228006820E+01    0.5974957067E+02
  6    ***    0.12929E-01    0.4260281681E+01    0.5967475256E+02
  6    ***    0.12929E-01    0.4292556542E+01    0.5889381526E+02
  6    ***    0.12929E-01    0.4324831403E+01    0.6106208885E+02
  6    ***    0.12929E-01    0.4357106264E+01    0.5897986364E+02
  6    ***    0.12929E-01    0.4389381126E+01    0.6315268142E+02
  6    ***    0.12929E-01    0.4421655987E+01    0.6192887901E+02
  6    ***    0.12929E-01    0.4453930848E+01    0.6504170591E+02
  6    ***    0.12929E-01    0.4486205709E+01    0.6675636302E+02
  6    ***    0.12929E-01    0.4518480571E+01    0.6491970060E+02
  6    ***    0.12929E-01    0.4550755432E+01    0.6880749619E+02
  6    ***    0.12929E-01    0.4583030293E+01    0.6685992306E+02
  6    ***    0.12929E-01    0.4615305154E+01    0.6922134316E+02
  6    ***    0.12929E-01    0.4647580015E+01    0.6964043581E+02
  6    ***    0.12929E-01    0.4679854877E+01    0.6628952071E+02
  6    ***    0.12929E-01    0.4712129738E+01    0.6687701647E+02
  6    ***    0.12929E-01    0.4744404599E+01    0.6997342131E+02
  6    ***    0.12929E-01    0.4776679460E+01    0.7092850638E+02
  6    ***    0.12929E-01    0.4808954322E+01    0.6693210224E+02
  6    ***    0.12929E-01    0.4841229183E+01    0.6857608571E+02
  6    ***    0.12929E-01    0.4873504044E+01    0.6504096757E+02
  6    ***    0.12929E-01    0.4905778905E+01    0.6236604629E+02
  6    ***    0.12929E-01    0.4938053766E+01    0.6321947431E+02
  6    ***    0.12929E-01    0.4970328628E+01    0.6006040974E+02
  6    ***    0.12929E-01    0.5002603489E+01    0.6048258684E+02
  6    ***    0.12929E-01    0.5034878350E+01    0.6158057857E+02
  6    ***    0.12929E-01    0.5067153211E+01    0.5859668049E+02
  6    ***    0.12929E-01    0.5099428073E+01    0.6139358983E+02
  6    ***    0.12929E-01    0.5131702934E+01    0.6186739229E+02
  6    ***    0.12929E-01    0.5163977795E+01    0.6017034729E+02
  6    ***    0.12929E-01    0.5196252656E+01    0.6289882681E+02
  6    ***    0.12929E-01    0.5228527517E+01    0.6505741624E+02
  6    ***    0.12929E-01    0.5260802379E+01    0.6265748918E+02
  6    ***    0.12929E-01    0.5293077240E+01    0.6078531248E+02
  6    ***    0.12929E-01    0.5325352101E+01    0.6292357570E+02
  6    ***    0.12929E-01    0.5357626962E+01    0.6440207176E+02
  6    ***    0.12929E-01    0.5389901823E+01    0.6485951065E+02
  6    ***    0.12929E-01    0.5422176685E+01    0.6496486236E+02
  6    ***    0.12929E-01    0.5454451546E+01    0.6766833692E+02
  6    ***    0.12929E-01    0.5486726407E+01    0.6693859723E+02
  6    ***    0.12929E-01    0.5519001268E+01    0.6582909815E+02
  6    ***    0.12929E-01    0.5551276130E+01    0.6635396942E+02
  6    ***    0.12929E-01    0.5583550991E+01    0.6643579417E+02
  6    ***    0.12929E-01    0.5615825852E+01    0.6884153038E+02
  6    ***    0.12929E-01    0.5648100713E+01    0.6936930086E+02
  6    ***    0.12929E-01    0.5680375574E+01    0.6635645682E+02
  6    ***    0.12929E-01    0.5712650436E+01    0.6913726797E+02
  6    ***    0.12929E-01    0.5744925297E+01    0.6784107222E+02
  6    ***    0.12929E-01    0.5777200158E+01    0.6587463218E+02
  6    ***    0.12929E-01    0.5809475019E+01    0.6209153024E+02
  6    ***    0.12929E-01    0.5841749881E+01    0.6056246779E+02
  6    ***    0.12929E-01    0.5874024742E+01    0.6113794645E+02
  6    ***    0.12929E-01    0.5906299603E+01    0.6134433243E+02
  6    ***    0.12929E-01    0.5938574464E+01    0.5915047668E+02
  6    ***    0.12929E-01    0.5970849325E+01    0.6059654089E+02
  6    ***    0.12929E-01    0.6003124187E+01    0.5926501092E+02
  6    ***    0.12929E-01    0.6035399048E+01    0.6216959030E+02
  6    ***    0.12929E-01    0.6067673909E+01    0.6107203824E+02
  6    ***    0.12929E-01    0.6099948770E+01    0.6159102103E+02
  6    ***    0.12929E-01    0.6132223631E+01    0.6172289052E+02
  6    ***    0.12929E-01    0.6164498493E+01    0.6035088605E+02
  6    ***    0.12929E-01    0.6196773354E+01    0.6142932011E+02
  6    ***    0.12929E-01    0.6229048215E+01    0.6278228446E+02
  6    ***    0.12929E-01    0.6261323076E+01    0.6427918586E+02
  6    ***    0.12929E-01    0.6293597938E+01    0.6589161934E+02
  6    ***    0.12929E-01    0.6325872799E+01    0.6838370956E+02
  6    ***    0.12929E-01    0.6358147660E+01    0.6668276236E+02
  6    ***    0.12929E-01    0.6390422521E+01    0.6712389944E+02
  6    ***    0.12929E-01    0.6422697382E+01    0.6620075916E+02
  6    ***    0.12929E-01    0.6454972244E+01    0.6911616528E+02
