  8    ***    0.12929E-01    0.3227486122E-01    0.0000000000E+00
  8    ***    0.12929E-01    0.6454972244E-01    0.0000000000E+00
  8    ***    0.12929E-01    0.9682458366E-01    0.0000000000E+00
  8    ***    0.12929E-01    0.1290994449E+00    0.0000000000E+00
  8    ***    0.12929E-01    0.1613743061E+00    0.0000000000E+00
  8    ***    0.12929E-01    0.1936491673E+00    0.0000000000E+00
  8    ***    0.12929E-01    0.2259240285E+00    0.0000000000E+00
  8    ***    0.12929E-01    0.2581988897E+00    0.0000000000E+00
  8    ***    0.12929E-01    0.2904737510E+00    0.0000000000E+00
  8    ***    0.12929E-01    0.3227486122E+00    0.0000000000E+00
  8    ***    0.12929E-01    0.3550234734E+00    0.0000000000E+00
  8    ***    0.12929E-01    0.3872983346E+00    0.0000000000E+00
  8    ***    0.12929E-01    0.4195731958E+00    0.0000000000E+00
  8    ***    0.12929E-01    0.4518480571E+00    0.0000000000E+00
  8    ***    0.12929E-01    0.4841229183E+00    0.0000000000E+00
  8    ***    0.12929E-01    0.5163977795E+00    0.0000000000E+00
  8    ***    0.12929E-01    0.5486726407E+00    0.0000000000E+00
  8    ***    0.12929E-01    0.5809475019E+00    0.0000000000E+00
  8    ***    0.12929E-01    0.6132223631E+00    0.0000000000E+00
  8    ***    0.12929E-01    0.6454972244E+00    0.0000000000E+00
  8    ***    0.12929E-01    0.6777720856E+00    0.0000000000E+00
  8    ***    0.12929E-01    0.7100469468E+00    0.0000000000E+00
  8    ***    0.12929E-01    0.7423218080E+00    0.0000000000E+00
  8    ***    0.12929E-01    0.7745966692E+00    0.0000000000E+00
  8    ***    0.12929E-01    0.8068715305E+00    0.0000000000E+00
  8    ***    0.12929E-01    0.8391463917E+00    0.0000000000E+00
  8    ***    0.12929E-01    0.8714212529E+00    0.0000000000E+00
  8    ***    0.12929E-01    0.9036961141E+00    0.0000000000E+00
  8    ***    0.12929E-01    0.9359709753E+00    0.0000000000E+00
  8    ***    0.12929E-01    0.9682458366E+00    0.0000000000E+00
  8    ***    0.12929E-01    0.1000520698E+01    0.4793726013E+03
  8    ***    0.12929E-01    0.1032795559E+01    0.7078726825E+03
  8    ***    0.12929E-01    0.1065070420E+01    0.1278724269E+03
  8    ***    0.12929E-01    0.1097345281E+01    0.9659897394E+02
  8    ***    0.12929E-01    0.1129620143E+01    0.8892747846E+02
  8    ***    0.12929E-01    0.1161895004E+01    0.7947884031E+02
  8    ***    0.12929E-01    0.1194169865E+01    0.6697588838E+02
  8    ***    0.12929E-01    0.1226444726E+01    0.5932277687E+02
  8    ***    0.12929E-01    0.1258719588E+01    0.6320559527E+02
  8    ***    0.12929E-01    0.1290994449E+01    0.5526181963E+02
  8    ***    0.12929E-01    0.1323269310E+01    0.5304221629E+02
  8    ***    0.12929E-01    0.1355544171E+01    0.5252496628E+02
  8    ***    0.12929E-01    0.1387819032E+01    0.5112131669E+02
  8    ***    0.12929E-01    0.1420093894E+01    0.5275602196E+02
  8    ***    0.12929E-01    0.1452368755E+01    0.5086091269E+02
  8    ***    0.12929E-01    0.1484643616E+01    0.5312347147E+02
  8    ***    0.12929E-01    0.1516918477E+01    0.5340486899E+02
  8    ***    0.12929E-01    0.1549193338E+01    0.5127268634E+02
  8    ***    0.12929E-01    0.1581468200E+01    0.5118160446E+02
  8    ***    0.12929E-01    0.1613743061E+01    0.4786351808E+02
  8    ***    0.12929E-01    0.1646017922E+01    0.5129264415E+02
  8    ***    0.12929E-01    0.1678292783E+01    0.5338211311E+02
  8    ***    0.12929E-01    0.1710567645E+01    0.5409206630E+02
  8    ***    0.12929E-01    0.1742842506E+01    0.6869305835E+02
  8    ***    0.12929E-01    0.1775117367E+01    0.7604861222E+02
  8    ***    0.12929E-01    0.1807392228E+01    0.8000073766E+02
  8    ***    0.12929E-01    0.1839667089E+01    0.8374085218E+02
  8    ***    0.12929E-01    0.1871941951E+01    0.8899833701E+02
  8    ***    0.12929E-01    0.1904216812E+01    0.8568358017E+02
  8    ***    0.12929E-01    0.1936491673E+01    0.9900025932E+02
  8    ***    0.12929E-01    0.1968766534E+01    0.1156143597E+03
  8    ***    0.12929E-01    0.2001041396E+01    0.2032214532E+03
  8    ***    0.12929E-01    0.2033316257E+01    0.1185803639E+03
  8    ***    0.12929E-01    0.2065591118E+01    0.8833675808E+02
  8    ***    0.12929E-01    0.2097865979E+01    0.7937118700E+02
  8    ***    0.12929E-01    0.2130140840E+01    0.7735076025E+02
  8    ***    0.12929E-01    0.2162415702E+01    0.7431889649E+02
  8    ***    0.12929E-01    0.2194690563E+01    0.6852480916E+02
  8    ***    0.12929E-01    0.2226965424E+01    0.6626050115E+02
  8    ***    0.12929E-01    0.2259240285E+01    0.6290352951E+02
  8    ***    0.12929E-01    0.2291515147E+01    0.6334050683E+02
  8    ***    0.12929E-01    0.2323790008E+01    0.6224093506E+02
  8    ***    0.12929E-01    0.2356064869E+01    0.6003368358E+02
  8    ***    0.12929E-01    0.2388339730E+01    0.5907831488E+02
  8    ***    0.12929E-01    0.2420614591E+01    0.5888690168E+02
  8    ***    0.12929E-01    0.2452889453E+01    0.6286936454E+02
  8    ***    0.12929E-01    0.2485164314E+01    0.6283312326E+02
  8    ***    0.12929E-01    0.2517439175E+01    0.6337611442E+02
  8    ***    0.12929E-01    0.2549714036E+01    0.6674694745E+02
  8    ***    0.12929E-01    0.2581988897E+01    0.6395986724E+02
  8    ***    0.12929E-01    0.2614263759E+01    0.6592375680E+02
  8    ***    0.12929E-01    0.2646538620E+01    0.6851434782E+02
  8    ***    0.12929E-01    0.2678813481E+01    0.7233852599E+02
  8    ***    0.12929E-01    0.2711088342E+01    0.7653465776E+02
  8    ***    0.12929E-01    0.2743363204E+01    0.7701517114E+02
  8    ***    0.12929E-01    0.2775638065E+01    0.7603101543E+02
  8    ***    0.12929E-01    0.2807912926E+01    0.7725988118E+02
  8    ***    0.12929E-01    0.2840187787E+01    0.7978773796E+02
  8    ***    0.12929E-01    0.2872462648E+01    0.7941561906E+02
  8    ***    0.12929E-01    0.2904737510E+01    0.8906701834E+02
  8    ***    0.12929E-01    0.2937012371E+01    0.9308014175E+02
  8    ***    0.12929E-01    0.2969287232E+01    0.9259721559E+02
  8    ***    0.12929E-01    0.3001562093E+01    0.9625415663E+02
  8    ***    0.12929E-01    0.3033836955E+01    0.8146554281E+02
  8    ***    0.12929E-01    0.3066111816E+01    0.7382364141E+02
  8    ***    0.12929E-01    0.3098386677E+01    0.7305061899E+02
  8    ***    0.12929E-01    0.3130661538E+01    0.6903201345E+02
  8    ***    0.12929E-01    0.3162936399E+01    0.6817773349E+02
  8    ***    0.12929E-01    0.3195211261E+01    0.7265608968E+02
  8    ***    0.12929E-01    0.3227486122E+01    0.7102501275E+02
  8    ***    0.12929E-01    0.3259760983E+01    0.6560540954E+02
  8    ***    0.12929E-01    0.3292035844E+01    0.6554110319E+02
  8    ***    0.12929E-01    0.3324310705E+01    0.6773385941E+02
  8    ***    0.12929E-01    0.3356585567E+01    0.7135062183E+02
  8    ***    0.12929E-01    0.3388860428E+01    0.7240285809E+02
  8    ***    0.12929E-01    0.3421135289E+01    0.7263379029E+02
  8    ***    0.12929E-01    0.3453410150E+01    0.7160747021E+02
  8    ***    0.12929E-01    0.3485685012E+01    0.7055286809E+02
  8    ***    0.12929E-01    0.3517959873E+01    0.7650233401E+02
  8    ***    0.12929E-01    0.3550234734E+01    0.7606414435E+02
  8    ***    0.12929E-01    0.3582509595E+01    0.7656490613E+02
  8    ***    0.12929E-01    0.3614784456E+01    0.7843612363E+02
  8    ***    0.12929E-01    0.3647059318E+01    0.7798337564E+02
  8    ***    0.12929E-01    0.3679334179E+01    0.8115527896E+02
  8    ***    0.12929E-01    0.3711609040E+01    0.7971702750E+02
  8    ***    0.12929E-01    0.3743883901E+01    0.7963534607E+02
  8    ***    0.12929E-01    0.3776158763E+01    0.7708946311E+02
  8    ***    0.12929E-01    0.3808433624E+01    0.7771637459E+02
  8    ***    0.12929E-01    0.3840708485E+01    0.7653620190E+02
  8    ***    0.12929E-01    0.3872983346E+01    0.7791586730E+02
  8    ***    0.12929E-01    0.3905258207E+01    0.7564627841E+02
  8    ***    0.12929E-01    0.3937533069E+01    0.7442006544E+02
  8    ***    0.12929E-01    0.3969807930E+01    0.7313072193E+02
  8    ***    0.12929E-01    0.4002082791E+01    0.7078180906E+02
  8    ***    0.12929E-01    0.4034357652E+01    0.6902696892E+02
  8    ***    0.12929E-01    0.4066632514E+01    0.6932104511E+02
  8    ***    0.12929E-01    0.4098907375E+01    0.6874084423E+02
  8    ***    0.12929E-01    0.4131182236E+01    0.7181270756E+02
  8    ***    0.12929E-01    0.4163457097E+01    0.7343371917E+02
  8    ***    0.12929E-01    0.4195731958E+01    0.7487238441E+02
  8    ***    0.12929E-01    0.4228006820E+01    0.7103603431E+02
  8    ***    0.12929E-01    0.4260281681E+01    0.7274990603E+02
  8    ***    0.12929E-01    0.4292556542E+01    0.7315409816E+02
  8    ***    0.12929E-01    0.4324831403E+01    0.7408632797E+02
  8    ***    0.12929E-01    0.4357106264E+01    0.7492896390E+02
  8    ***    0.12929E-01    0.4389381126E+01    0.7235383391E+02
  8    ***    0.12929E-01    0.4421655987E+01    0.7237597271E+02
  8    ***    0.12929E-01    0.4453930848E+01    0.7132363832E+02
  8    ***    0.12929E-01    0.4486205709E+01    0.7111019875E+02
  8    ***    0.12929E-01    0.4518480571E+01    0.7124300065E+02
  8    ***    0.12929E-01    0.4550755432E+01    0.7432456548E+02
  8    ***    0.12929E-01    0.4583030293E+01    0.7345377422E+02
  8    ***    0.12929E-01    0.4615305154E+01    0.7826357769E+02
  8    ***    0.12929E-01    0.4647580015E+01    0.7704385794E+02
  8    ***    0.12929E-01    0.4679854877E+01    0.7585511829E+02
  8    ***    0.12929E-01    0.4712129738E+01    0.7342260533E+02
  8    ***    0.12929E-01    0.4744404599E+01    0.7327602218E+02
  8    ***    0.12929E-01    0.4776679460E+01    0.7428467950E+02
  8    ***    0.12929E-01    0.4808954322E+01    0.7442235184E+02
  8    ***    0.12929E-01    0.4841229183E+01    0.7334541110E+02
  8    ***    0.12929E-01    0.4873504044E+01    0.7232339017E+02
  8    ***    0.12929E-01    0.4905778905E+01    0.7624982008E+02
  8    ***    0.12929E-01    0.4938053766E+01    0.7471453140E+02
  8    ***    0.12929E-01    0.4970328628E+01    0.7265511284E+02
  8    ***    0.12929E-01    0.5002603489E+01    0.7230352408E+02
  8    ***    0.12929E-01    0.5034878350E+01    0.7533647848E+02
  8    ***    0.12929E-01    0.5067153211E+01    0.7611124977E+02
  8    ***    0.12929E-01    0.5099428073E+01    0.7566680723E+02
  8    ***    0.12929E-01    0.5131702934E+01    0.7619836609E+02
  8    ***    0.12929E-01    0.5163977795E+01    0.7489043331E+02
  8    ***    0.12929E-01    0.5196252656E+01    0.7405573706E+02
  8    ***    0.12929E-01    0.5228527517E+01    0.7302955140E+02
  8    ***    0.12929E-01    0.5260802379E+01    0.7523787941E+02
  8    ***    0.12929E-01    0.5293077240E+01    0.7531971178E+02
  8    ***    0.12929E-01    0.5325352101E+01    0.7292992271E+02
  8    ***    0.12929E-01    0.5357626962E+01    0.7385558688E+02
  8    ***    0.12929E-01    0.5389901823E+01    0.7530848671E+02
  8    ***    0.12929E-01    0.5422176685E+01    0.7601430118E+02
  8    ***    0.12929E-01    0.5454451546E+01    0.7627649413E+02
  8    ***    0.12929E-01    0.5486726407E+01    0.7545390312E+02
  8    ***    0.12929E-01    0.5519001268E+01    0.7367912401E+02
  8    ***    0.12929E-01    0.5551276130E+01    0.7709818090E+02
  8    ***    0.12929E-01    0.5583550991E+01    0.7784992537E+02
  8    ***    0.12929E-01    0.5615825852E+01    0.7929163477E+02
  8    ***    0.12929E-01    0.5648100713E+01    0.7699268582E+02
  8    ***    0.12929E-01    0.5680375574E+01    0.7374487364E+02
  8    ***    0.12929E-01    0.5712650436E+01    0.7268646829E+02
  8    ***    0.12929E-01    0.5744925297E+01    0.7360830936E+02
  8    ***    0.12929E-01    0.5777200158E+01    0.7375516466E+02
  8    ***    0.12929E-01    0.5809475019E+01    0.7278816107E+02
  8    ***    0.12929E-01    0.5841749881E+01    0.7176979736E+02
  8    ***    0.12929E-01    0.5874024742E+01    0.7099275037E+02
  8    ***    0.12929E-01    0.5906299603E+01    0.7209954384E+02
  8    ***    0.12929E-01    0.5938574464E+01    0.7059089827E+02
  8    ***    0.12929E-01    0.5970849325E+01    0.7214057943E+02
  8    ***    0.12929E-01    0.6003124187E+01    0.7365158820E+02
  8    ***    0.12929E-01    0.6035399048E+01    0.7393937569E+02
  8    ***    0.12929E-01    0.6067673909E+01    0.7554962069E+02
  8    ***    0.12929E-01    0.6099948770E+01    0.7585670760E+02
  8    ***    0.12929E-01    0.6132223631E+01    0.7525752767E+02
  8    ***    0.12929E-01    0.6164498493E+01    0.7762149489E+02
  8    ***    0.12929E-01    0.6196773354E+01    0.7560981777E+02
  8    ***    0.12929E-01    0.6229048215E+01    0.7371428612E+02
  8    ***    0.12929E-01    0.6261323076E+01    0.7443878202E+02
  8    ***    0.12929E-01    0.6293597938E+01    0.7398274570E+02
  8    ***    0.12929E-01    0.6325872799E+01    0.7241639461E+02
  8    ***    0.12929E-01    0.6358147660E+01    0.7218263882E+02
  8    ***    0.12929E-01    0.6390422521E+01    0.7340564431E+02
  8    ***    0.12929E-01    0.6422697382E+01    0.7367727308E+02
  8    ***    0.12929E-01    0.6454972244E+01    0.7224597316E+02
