  0.73797020211705966       0.77299859422924000     
   4.3202616802151068        11.151857534164790     
   3.5161563799110689        6.1832203402717889     
  -6.9075980174268530       -1.6572058423049498     
  -7.4433700242352892        1.7495439008870286     
 -0.70901297048744572       -4.5547668847854794     
  0.44162242648750893       -9.3170704009177889     
   7.0791163015992424        7.8913801206294014     
  -1.9092137635313849E-002  -8.4276988958816368     
  -6.4359671147762336        5.3588151984817829     
   6.2556436291829849        3.3124782532183286     
  -7.5041135236849597       0.48823417650405887     
  0.53984548503600138       -2.8446822904815368     
  -6.3583007748849072        8.4443175658147389     
  -8.4613734066381525        7.8652851278370530     
   12.297862952699328        1.5723003483698814     
   8.9712560638299479       -4.9467469406594091     
   12.174979836022422       -2.4029646517535252     
 -0.68060643801297738        12.331008942218720     
   1.6933413292089299        7.5426275529741984     
   9.1906871669166250       -8.3382500736834757     
  -9.0219221852141764        6.0020280362498593     
  -5.4734946053325020       0.51967371550062469     
   9.8950903498511156E-002  -12.409507749045874     
  -6.2363244778138167        4.3762424363383969     
 -0.19050118326386811      -0.69808017909022202     
   5.1378421881248038        1.6976106962581543     
  -9.2777834834967585        3.6564119454293427     
   6.9013497761996314       -10.313603068500093     
  -11.725847340128306       -2.5045803399378048     
  -4.4075819439978927       -10.771376651683516     
  -8.4245443191282412        5.1754004232466473     
  -6.5850061451064494        3.2854322112821639     
   1.8234698151194781       -3.0477122534659848     
  -2.6623529254620562        4.3080109787577836     
  -10.740532015626588       -3.3270887577978363     
  -1.9709227997577161       -6.0823989982687765     
   4.9555833530972633      -0.34309911374539254     
  -8.9475190865185503       -8.3181347367618130     
   5.7844807090799222       0.22071390667313301     
  -1.8662228856598910       -1.8842934822340389     
 -0.71009729080530926       0.53248512809545023     
  -1.4444218530956094        9.8176575046253394     
   2.8521981662397473       -9.6150151964084785     
   8.8924547111590009        7.3562675953698680     
   8.9531562193786058       -7.3679234530052380     
   4.4908614771481483       -4.4357797989646475     
  -4.1414312706725642        3.0200495416079320     
   7.9575809081819351        1.0046126332343850     
   2.2846625524565081        10.208823011223997     
  -7.7944481673276984       -8.6003138565296204     
   7.8902453160708550        7.3074590554072572     
   5.9030763237879560       -7.4212000771162643     
  -2.7909635004599380        7.6846383433762622     
  -4.9071888353402393        11.189115011762230     
   1.5814643868730025       -11.303576385099387     
   1.7015902822112352        11.024863613522550     
   1.2092140513764986       -5.8739434168960152     
   5.8632677999723279        8.3328540255416321     
  -10.800276386437218      -0.17557574235575382     
  -2.8820096122074426        3.1709092870070474     
   4.3877274607051238       -1.2998975535899091     
   3.8421394714708073       -9.3746268113834486     
   11.896539524782224        3.5293013529879214     
   1.0687113402140029       -12.161924705493371     
   1.8604628303540240       -9.7504195665273201     
 -0.12640423898557129        11.110171599353754     
   11.294508531575689      -0.85039944917785948     
  -9.6114181352075327      -0.10990873057538499     
   9.8631505724738719        4.5698875438031932     
   6.0576752118558828       -4.4842211890124437     
   2.0726529606656960       -5.3685179757352275     
  -3.5650180999398118       -6.0961423490814024     
  -5.2872978781674975        8.3119347650516122     
  -4.8577047584789792       -8.4334507678687043     
   2.6449212236271564       -11.718759103516037     
  -6.1191296613674027       -3.4354943220127496     
   1.0559175511884877        3.8679072741956082     
  -6.5889131121050477       -10.516318090493401     
   7.4189675899165284        8.8315506715580359     
  -1.9750830280296185       -4.7570716074844608     
  -8.1786963603187033       -1.4274206266149541     
   11.151913396872535        2.1093660247146420     
  -2.3122486366465300       -11.034481172040593     
  -5.3552272165978838       -11.091100935968862     
   8.9592187238027421        4.1334311659329668     
  -3.1123733985939785       -3.1096006714079465     
  -9.3356384425703745        4.7664928845003427     
   10.518278878720688       0.48173715611767409     
   6.7452211661917270       -3.7537155836095661     
   4.0984027349717520        1.3409004802427384     
  -7.5697911403337841       -7.5588697451846700     
 -0.86175258089209561       -7.7431254153521625     
  -4.7684956038872199        1.2323580514378105     
  -5.8578518354268683       -8.4838798647940230     
  -6.2805262775324930      -0.21800353982452267     
  -6.0119386986860839       -1.1816982325852976     
  -4.6199147076591531       -5.4907839938044321     
   3.7054731669813186       -8.3042197950388150     
  -7.1510166618546824       -6.6472542221196589     
  -2.8106933749353362       -6.7540527914558011     
  -4.3219212212679619       -2.2578460585135374     
   1.2762618087501689        2.8920866983987650     
   5.9703215027894698       -2.4041752309314801     
   9.9514643577808926       -7.3104560226865098     
  -5.3199656022682626        4.7781019262358138     
   7.5944015423578914        5.5174891329146716     
 -0.28201123762416774        7.6659101691767351     
  0.32019409689160749        12.350525450476759     
   5.2556701857362818       -5.0843317621231190     
  -11.112361741620742        3.7347670115026834     
  -3.4433890680346670       -1.7758218214739996     
   5.0564925761113821       -7.9520383837357196     
   4.0119801358554170       -2.7347174458545331     
   12.140992080742038        2.5595831678298322     
  -5.1740223612964726      -0.44580081292171653     
  -1.2866447153452016        7.9733717569821039     
   7.2837309799387313       -6.8310626040285252     
  -8.0488649047200127        2.9304593293116019     
   9.9882767889551101        5.6854808162425901     
  -5.1279784826523622       -1.6625481786428791     
   2.1592390547867564       -6.3642893248493033     
   6.1910032837935560        6.4092790376130981     
   4.9733081953282339       -2.4572075694088400     
   9.7536415609825813       -2.1223088652576072     
  -8.7235947012407546      -0.58559771843816988     
   7.3190292697309216        6.4876823636977399     
   5.7242364467902505        7.3424411034618347     
   6.1732905780196043       -5.4817158703294098     
   1.9633141242519974       -8.7507476365961452     
   3.2397221915644496        3.2301029201587563     
  -1.3302446730199047       -6.8524993910394949     
  -3.8768201675983609       -7.2371667632955443     
  -6.2065385021210373        1.2864804528610030     
  -6.4791156172120692        9.4416379234569892     
   5.4738487809163461       -1.5360541027240353     
   2.3254013702534579        8.8266101132167307     
   1.9749141564452446        2.1773363262349723     
  0.43621829343518903        8.8704811626062448     
  -2.7458957140838405       -5.4446800846989492     
   1.6195289927640335        1.2421423614576683     
  -3.0258163070871236        5.4158195725835503     
  -7.9813183622720540       -3.1574111294705847     
   1.7263954644570980        4.6084429434074474     
 -0.53584656723872348        8.6323721247894678     
  -7.3615129596551734        3.9726045164880461     
  -1.7180441586064061        7.0661016339117459     
  -5.0280083468865771       -3.6447766248038640     
   11.404333908838460        1.1239331040171345     
   7.1996833743271722      -0.68352693632155670     
  0.67911695193802091        7.3843302481703015     
   5.2378648601751738        10.729632925700059     
   8.0993103183255055       -8.0163299849257950     
  -8.7725835777620560       -3.7684676890401407     
  0.88430119241627525        10.286762808355624     
   4.2113091904614528        9.1438819669677223     
  -6.5729703227797431        2.2705769122516948     
  -7.7213207272985951        8.9074364003713082     
  0.68966894438840853      -0.22533466476230499     
 -0.37843776530526402       -6.5307819792522617     
  -4.4300946858474628        8.8297253675578258     
   8.1086087476101998        4.6582231796005873     
   3.8383208326904414       0.37506329741362793     
   5.2938277097456989        3.5904847883803099     
  -5.4814943840217376        9.3176936496323712     
   1.8277574730395916       -2.0433156737557261     
   9.7963657692124126       -5.5107874698630033     
   2.8395205877776353       -3.4398801834004193     
  -7.4292262275665184        5.0846035512154240     
  -3.8639556631855108        5.9757016442304982     
  -5.1439118776363948       -4.6394428736689859     
   2.2423403531569028        3.1743513862988375     
   8.2649606943555955       -6.6396739699013123     
  -2.5278731292921526        11.557607424271479     
  -4.1409019297075647       -4.6139508271320508     
 -0.81444564811580911        4.7191454826623245     
   4.8893198817096382       0.72764042047818267     
   6.7725546621069075        2.2630276228753656     
   1.5824034164448784        9.4977242479038413     
  -2.6183293852787997       -1.2121102781152679     
  -1.7881397945921871       -2.8816932731331786     
   3.8015400989665529       -3.7118655716738065     
  -1.1568650508956544      -0.97569932465367926     
   9.2284200322004413        8.2971484244744413     
  -5.5591636158032047        3.2400613188078244     
  -10.638822344812697       -6.3878427321785907     
  -7.8862538739002783       -4.6828597491318726     
 -0.50713021790545032       -1.7357635761672312     
 -0.43822807992573071        10.160130222828307     
   9.5638504971291791       0.87472547236066567     
   9.7743678064557915E-002  -10.369081718316369     
  -9.5277422944941978       -1.1872748392343164     
   3.5155519923989851        2.2686015044040753     
   10.796804067453156       -5.4891087995261092     
   8.7166779133825436        1.6567109595556189     
   11.264225974779666       -1.9887140239591303     
   3.0979967064972711       -4.9966382959849094     
  -3.3143890209658813       0.95814568639227427     
  -9.7369686464248303E-002   1.3215115549774896     
   6.5452379958911040        9.3213465793800836     


