   1.8199238973065350       -2.8483917556054168     
  -9.4683933922457477        7.1404425726540879     
   8.5822613595310884        6.1511022748670978     
   3.2374441371598124       0.47641998441899219     
   9.3231605249787357       -1.7579321967876846     
   7.0060037375230726       -2.6380578496551754     
   7.9687679963356022        1.4964866364509393     
   6.0070854842315677       -2.8037738213709646     
  -6.7229608441314319        4.1478372886129389     
  -8.8387746406899428        3.0929282485786116     
   3.5280964665918875       -4.6079600817476933     
  -6.4438961785285640       -2.5729104193781587     
   5.7273423229615723       0.79078458073676727     
  -7.9470763878185284       -4.8946901078392768     
  -7.5900817852068885        3.6490169862255315     
 -0.29649466070086250       -8.3217328997246494     
   10.679054921597913        1.5644404222678157     
  -9.0756145275610649       -3.6284842214098969     
   5.1656284199223821       -3.3451193866128137     
  -11.229865036062254       0.39918710492212073     
  0.76536169081559191        7.8326762617174346     
   7.0686955191619543        1.0599109237350735     
  -5.8542571072405973        3.6482030764800299     
   12.140097708158224       -2.1678143659434359     
  -2.5488331082928379       -6.9408562209243705     
   8.6017265537746948       -6.8171116728193466     
   10.406352042214763        2.5267881569559996     
   9.1344227304822869        8.4003440913855041     
  -6.9526707303763233       -5.2164265539761567     
   4.7395234146197875       0.63390689372519171     
   9.4919572859632488        5.6403386573372760     
  -10.916120887040687        2.7582579389011599     
   2.5534452969725265        11.984727133860151     
   7.3425635314727788       -4.6851541251978537     
  0.23517526174758249       -4.1983213564664084     
  -3.2622025882728467       -1.9002598821918808     
  -7.4493120889230253       -1.8312761061991303     
  -4.2674328904805092        4.6861686401249063     
   7.1543888263236983        2.0777504448023820     
  -8.7582463947786948       -1.6068921552702962     
  -4.2091808958001566       -2.2350328987320398     
   8.7082684670021582        4.1071182996778317     
   9.0076429733911567       -8.5355893283231641     
   4.5039907929865395        8.4129010523788939     
   4.5582054349090502       -8.5012638892347709     
  -9.0550338358830036      -0.65237076751644585     
  -4.1595890902529513       -5.2842541146457025     
  -2.2237633827978929       -5.9954927187845621     
  -1.7995963519017566       -11.565605140526905     
   7.4435652985156482        3.0350366517094645     
  -2.2036501856248827       -7.8788943185359752     
  -1.3378289076966634       0.66184200542400373     
   7.3153022218500059       -1.6872036327646773     
   5.7838361733543859        9.9439408605547843     
  -2.4076692741591912       -2.4206262629671231     
   5.9437261460111417       -7.2556213171466943     
  -2.9072315565860438      -0.35333538925523039     
   6.6612596539404771      -0.92088346562709256     
  -4.8321243472863156        2.8096169871101724     
   7.2521183266719902        7.6861833184507766     
   9.1411550121541367       -4.7345455377299954     
   6.1322666023973946       -3.7977784719085066     
   1.6566058971613216        5.9812068548501038     
   2.3708958827270870        8.7886154596945207     
   8.3463936662186757       -7.7850913636190544     
   2.5293137157257943       -4.5450138746223523     
   8.3585739439700033E-002  -6.4767756853577740     
  -2.1922675770236708       -10.552182435150030     
   9.5537552402722454        4.6407538754554931     
   1.1098267124167684        6.8268803124766073     
  0.93183474244555020        10.754287235256305     
  -7.4946744316066098       -8.6013958376257236     
   11.014110802946032       -5.6023119755413058     
   4.7616968640841177        11.456857678301965     
   4.5453379466870141       -10.090772719292445     
   11.280251922767208       -1.6003895304281834     
  -1.2264360666207406        6.1925208028809218     
  -4.3310645010347093       0.57586221724394793     
   1.7643973696142532        7.8719727005093620     
  -5.2220311115663325       -5.1034603553741400     
   6.7418694264743273       -6.6181559776164596     
   5.3275622126532003       -4.3919179420792966     
   6.7272448088773134        4.5899540985960243     
   2.2687013968185514       -9.9179650741037619     
  -8.0962481213705786       -3.8419074847501276     
  -11.116471902043489       -4.0972981263335360     
  -10.153715302277709        2.1112429851305001     
   7.6447662779161814      -0.74314495286389515     
  0.67472945623624281        5.7843375597824540     
  -10.305646299856301        1.7381876851430465E-002
   8.9779468706870702       -1.7677263679261899E-002
  -7.1721262970429258       -4.2344195362992840     
  -6.8147899134929766       -6.3393244770956620     
   6.9703150025925069       -8.9679662786918097     
  -5.1374350775578064       -1.1202285439134283     
   1.5894544079976496        11.717679170344381     
  -4.8611706468607512       -6.4053613465640939     
  -3.1867835452238933        1.7966966846912684     
  -7.9090594016580411        2.7009033979244097     
   8.6205189990924431        5.1500531829153235     
   4.2911799715995098       -6.0453186172613274     
   1.1501611218601002       -4.6009118543045409     
   9.5990488144857071       -6.7357895386068565     
   3.9206465861504105        1.2073845787775250     
   11.703150592293264        1.3392920224327345     
   5.4783833327960689        3.1680427841465479     
  -4.4268842942649567        9.2278896597647702     
  -1.6272435160304934        5.2235859234791402     
  -3.6201399482056904       -7.9810762469616456     
   12.352005106096259       0.12476825993583215     
   6.3739396007112141       -10.647264445545169     
  -2.5840166465701646       -9.6168792541325736     
   3.7412376133466014        2.1910878447564914     
 -0.58885432019207318       -2.6191711834274654     
  -9.0597267638067738       -2.6030501137364399     
   11.163359389550743        3.1806280334649424     
  -4.1589047033246995        1.5613060748021004     
  -2.7214798911358455        6.6519200347282315     
   1.6250175613582467       -7.0075416591437492     
  -2.2319721761083096        2.0998357729246844     
  -2.5211466450120881        5.6722700858445352     
   5.7409747760232719        10.990714864950606     
  -6.4349207641949171       -8.3130070339965290     
  0.96860516101728122        1.8486742640769125     
   1.5818150829897260      -0.62370054635914896     
   2.1496182926227059        9.7690305955835104     
  0.92553666516414435       -9.2949451250074766     
   3.1589860147620170       -9.3392680544171629     
  -1.3916151373682706       -5.4407325780563296     
   9.7049411049233303       -7.7311463005594057     
   7.9510303096131523        6.9675947983675455     
  -6.0607624577991288       -5.6761318831565708     
   7.9968468533021229       0.19418598076382479     
   2.3498241928315369       -6.2795153755174633     
  0.12638011000706384        6.6478477835917653     
  0.36775060490154693        4.8058969710634960     
  -4.3664624787666702E-003   11.105809416985178     
   4.3508226800896379       -7.0932434454687989     
   4.4396937218254759       -5.0196411376871755     
   10.464159184941799      -0.28571056829912983     
   5.3742977591889733       -10.660781927741496     
   11.046157696502171       0.57815962746060634     
   3.6626594206854874       -7.9153523917054383     
  -8.1139347808107889        5.2307983282333890     
  -1.4443372560061793       -2.1007615065018226     
   1.9354402712658008        10.761071838572519     
  -6.1611989811188685        1.7079952225306401     
  -6.4158017117366279       -1.5713134881398769     
   7.1038140325428349       -9.9635862804192286     
   6.2746272757186912       -4.7919732059876479     
   8.6199193298921148      -0.96661424165866217     
  -8.0691885928854887       -2.7385635093401661     
  -4.4611289716363505        11.580009312469768     
   3.8988296160887197        6.2849201461860362     
   2.1040892190784990        6.9316618071055558     
   9.6056737258943095      -0.79801005382617807     
   8.8338242335989854        7.4367369720469112     
   7.6288541109620391       -7.0805193854547781     
   5.0960745473695610        9.2182693548202739     
   7.9668490138264252       -8.7472728051779569     
  -2.6203123863252293        7.6807809989515476     
   10.198406533139769        3.5048003994959824     
  -1.1195126672795497       -8.9195987463756143     
   7.5851039622309830        6.0375223707148038     
   4.4036368781697846        5.4189738129033591     
   11.462778626999006      -0.33234345186031383     
   10.571065259580527       -6.4995423800569263     
   8.2302207136305920       -5.1468759377453344     
   6.0003989823387949      -0.17123724968848139     
  -1.6692289986564726        8.0967430634058744     
   4.6536764465125557        2.6016544034835603     
   5.0130809378779579      -0.32831930351092564     
  -6.9603453174011340        1.0641566878520685     
   3.8820870262385512        10.552762810266618     
  -4.4475620257447357       -8.5529765220679188     
   6.9970645497300366        2.1153520486136532E-002
  -3.3496486832280734        5.0894583570202121     
 -0.58042623506605839       -3.6197386978955857     
  -4.8590273867341089        3.8108739799802036     
   4.4306630750540030       -11.084163408399240     
  -5.9641976736034357        8.0762655131499166     
 -0.70790973747924679        4.8299703682101640     
   10.106318562292085       -4.4719307545869205     
   6.2577984308088777       -1.8356520805242453     
  -4.4210511363249001       -4.2711776781884394     
   10.563176915752043        4.4372229237605429     
   1.9573099032265935        2.0125041376671078     
  0.61847513068421323      -0.89362740205577063     
   2.5142213244067344        2.9243666828312218     
  -11.458300043008675        1.8307057624069192     
  -10.626844857165000        1.2277095406985423     
  -7.0347753095461822        2.1941612755668576     
   3.9626699290735153E-002  -10.667845430908253     
  -3.5238187379803452        7.2512086158304996     
  -7.9935316870026343      -0.94316695813286888     
  -1.7267766288072590        2.9640666045635626     
   2.8809663491507589       -2.3717928569920068     
  -9.3311601985751071        3.9651836898419792     
   8.4256763878419996        9.1111992272669511     
  -1.7990848199714047        7.0503817345160282     


