  5    ***    0.12929E-01    0.3227486122E-01    0.0000000000E+00
  5    ***    0.12929E-01    0.6454972244E-01    0.0000000000E+00
  5    ***    0.12929E-01    0.9682458366E-01    0.0000000000E+00
  5    ***    0.12929E-01    0.1290994449E+00    0.0000000000E+00
  5    ***    0.12929E-01    0.1613743061E+00    0.0000000000E+00
  5    ***    0.12929E-01    0.1936491673E+00    0.0000000000E+00
  5    ***    0.12929E-01    0.2259240285E+00    0.0000000000E+00
  5    ***    0.12929E-01    0.2581988897E+00    0.0000000000E+00
  5    ***    0.12929E-01    0.2904737510E+00    0.0000000000E+00
  5    ***    0.12929E-01    0.3227486122E+00    0.0000000000E+00
  5    ***    0.12929E-01    0.3550234734E+00    0.0000000000E+00
  5    ***    0.12929E-01    0.3872983346E+00    0.0000000000E+00
  5    ***    0.12929E-01    0.4195731958E+00    0.0000000000E+00
  5    ***    0.12929E-01    0.4518480571E+00    0.0000000000E+00
  5    ***    0.12929E-01    0.4841229183E+00    0.0000000000E+00
  5    ***    0.12929E-01    0.5163977795E+00    0.0000000000E+00
  5    ***    0.12929E-01    0.5486726407E+00    0.0000000000E+00
  5    ***    0.12929E-01    0.5809475019E+00    0.0000000000E+00
  5    ***    0.12929E-01    0.6132223631E+00    0.0000000000E+00
  5    ***    0.12929E-01    0.6454972244E+00    0.0000000000E+00
  5    ***    0.12929E-01    0.6777720856E+00    0.0000000000E+00
  5    ***    0.12929E-01    0.7100469468E+00    0.0000000000E+00
  5    ***    0.12929E-01    0.7423218080E+00    0.0000000000E+00
  5    ***    0.12929E-01    0.7745966692E+00    0.0000000000E+00
  5    ***    0.12929E-01    0.8068715305E+00    0.0000000000E+00
  5    ***    0.12929E-01    0.8391463917E+00    0.0000000000E+00
  5    ***    0.12929E-01    0.8714212529E+00    0.0000000000E+00
  5    ***    0.12929E-01    0.9036961141E+00    0.0000000000E+00
  5    ***    0.12929E-01    0.9359709753E+00    0.0000000000E+00
  5    ***    0.12929E-01    0.9682458366E+00    0.0000000000E+00
  5    ***    0.12929E-01    0.1000520698E+01    0.5771573984E+03
  5    ***    0.12929E-01    0.1032795559E+01    0.1143506540E+04
  5    ***    0.12929E-01    0.1065070420E+01    0.2899381915E+03
  5    ***    0.12929E-01    0.1097345281E+01    0.1630658789E+03
  5    ***    0.12929E-01    0.1129620143E+01    0.5202198441E+02
  5    ***    0.12929E-01    0.1161895004E+01    0.2639730436E+02
  5    ***    0.12929E-01    0.1194169865E+01    0.2411131982E+02
  5    ***    0.12929E-01    0.1226444726E+01    0.3251344501E+02
  5    ***    0.12929E-01    0.1258719588E+01    0.3725135125E+02
  5    ***    0.12929E-01    0.1290994449E+01    0.3336854625E+02
  5    ***    0.12929E-01    0.1323269310E+01    0.3397820494E+02
  5    ***    0.12929E-01    0.1355544171E+01    0.3841194964E+02
  5    ***    0.12929E-01    0.1387819032E+01    0.3695690123E+02
  5    ***    0.12929E-01    0.1420093894E+01    0.3973678175E+02
  5    ***    0.12929E-01    0.1452368755E+01    0.4264351051E+02
  5    ***    0.12929E-01    0.1484643616E+01    0.4573588378E+02
  5    ***    0.12929E-01    0.1516918477E+01    0.4521232551E+02
  5    ***    0.12929E-01    0.1549193338E+01    0.4792741697E+02
  5    ***    0.12929E-01    0.1581468200E+01    0.4746427004E+02
  5    ***    0.12929E-01    0.1613743061E+01    0.4564113633E+02
  5    ***    0.12929E-01    0.1646017922E+01    0.4691572564E+02
  5    ***    0.12929E-01    0.1678292783E+01    0.5308543593E+02
  5    ***    0.12929E-01    0.1710567645E+01    0.5707993510E+02
  5    ***    0.12929E-01    0.1742842506E+01    0.8866507005E+02
  5    ***    0.12929E-01    0.1775117367E+01    0.1129048087E+03
  5    ***    0.12929E-01    0.1807392228E+01    0.1021895176E+03
  5    ***    0.12929E-01    0.1839667089E+01    0.9008676821E+02
  5    ***    0.12929E-01    0.1871941951E+01    0.8171762115E+02
  5    ***    0.12929E-01    0.1904216812E+01    0.8721582058E+02
  5    ***    0.12929E-01    0.1936491673E+01    0.1035710823E+03
  5    ***    0.12929E-01    0.1968766534E+01    0.1221131427E+03
  5    ***    0.12929E-01    0.2001041396E+01    0.2210757911E+03
  5    ***    0.12929E-01    0.2033316257E+01    0.1594218141E+03
  5    ***    0.12929E-01    0.2065591118E+01    0.1068959789E+03
  5    ***    0.12929E-01    0.2097865979E+01    0.8646184815E+02
  5    ***    0.12929E-01    0.2130140840E+01    0.6945084344E+02
  5    ***    0.12929E-01    0.2162415702E+01    0.5935402389E+02
  5    ***    0.12929E-01    0.2194690563E+01    0.5610553632E+02
  5    ***    0.12929E-01    0.2226965424E+01    0.5643146362E+02
  5    ***    0.12929E-01    0.2259240285E+01    0.5677732370E+02
  5    ***    0.12929E-01    0.2291515147E+01    0.5522066996E+02
  5    ***    0.12929E-01    0.2323790008E+01    0.5852271944E+02
  5    ***    0.12929E-01    0.2356064869E+01    0.5704113160E+02
  5    ***    0.12929E-01    0.2388339730E+01    0.5769247592E+02
  5    ***    0.12929E-01    0.2420614591E+01    0.5638485780E+02
  5    ***    0.12929E-01    0.2452889453E+01    0.5871405032E+02
  5    ***    0.12929E-01    0.2485164314E+01    0.5959759689E+02
  5    ***    0.12929E-01    0.2517439175E+01    0.6153607792E+02
  5    ***    0.12929E-01    0.2549714036E+01    0.6441132331E+02
  5    ***    0.12929E-01    0.2581988897E+01    0.6585611331E+02
  5    ***    0.12929E-01    0.2614263759E+01    0.6441801264E+02
  5    ***    0.12929E-01    0.2646538620E+01    0.7195131346E+02
  5    ***    0.12929E-01    0.2678813481E+01    0.7735123149E+02
  5    ***    0.12929E-01    0.2711088342E+01    0.8814782228E+02
  5    ***    0.12929E-01    0.2743363204E+01    0.1018109462E+03
  5    ***    0.12929E-01    0.2775638065E+01    0.9571187371E+02
  5    ***    0.12929E-01    0.2807912926E+01    0.8314769411E+02
  5    ***    0.12929E-01    0.2840187787E+01    0.8301230805E+02
  5    ***    0.12929E-01    0.2872462648E+01    0.8040543692E+02
  5    ***    0.12929E-01    0.2904737510E+01    0.8135075992E+02
  5    ***    0.12929E-01    0.2937012371E+01    0.9089664144E+02
  5    ***    0.12929E-01    0.2969287232E+01    0.8986983908E+02
  5    ***    0.12929E-01    0.3001562093E+01    0.1017380338E+03
  5    ***    0.12929E-01    0.3033836955E+01    0.9229420683E+02
  5    ***    0.12929E-01    0.3066111816E+01    0.8497964504E+02
  5    ***    0.12929E-01    0.3098386677E+01    0.8041007688E+02
  5    ***    0.12929E-01    0.3130661538E+01    0.7464746164E+02
  5    ***    0.12929E-01    0.3162936399E+01    0.7408034143E+02
  5    ***    0.12929E-01    0.3195211261E+01    0.7687523066E+02
  5    ***    0.12929E-01    0.3227486122E+01    0.6940755066E+02
  5    ***    0.12929E-01    0.3259760983E+01    0.6633514683E+02
  5    ***    0.12929E-01    0.3292035844E+01    0.6802987881E+02
  5    ***    0.12929E-01    0.3324310705E+01    0.6690904862E+02
  5    ***    0.12929E-01    0.3356585567E+01    0.6726641382E+02
  5    ***    0.12929E-01    0.3388860428E+01    0.6965412277E+02
  5    ***    0.12929E-01    0.3421135289E+01    0.7022972094E+02
  5    ***    0.12929E-01    0.3453410150E+01    0.7249694459E+02
  5    ***    0.12929E-01    0.3485685012E+01    0.7696762658E+02
  5    ***    0.12929E-01    0.3517959873E+01    0.7738480050E+02
  5    ***    0.12929E-01    0.3550234734E+01    0.7516183029E+02
  5    ***    0.12929E-01    0.3582509595E+01    0.8018758950E+02
  5    ***    0.12929E-01    0.3614784456E+01    0.7712063309E+02
  5    ***    0.12929E-01    0.3647059318E+01    0.7726809795E+02
  5    ***    0.12929E-01    0.3679334179E+01    0.8278861533E+02
  5    ***    0.12929E-01    0.3711609040E+01    0.8817712047E+02
  5    ***    0.12929E-01    0.3743883901E+01    0.8295128075E+02
  5    ***    0.12929E-01    0.3776158763E+01    0.8163596655E+02
  5    ***    0.12929E-01    0.3808433624E+01    0.8170405249E+02
  5    ***    0.12929E-01    0.3840708485E+01    0.8298298440E+02
  5    ***    0.12929E-01    0.3872983346E+01    0.8336256233E+02
  5    ***    0.12929E-01    0.3905258207E+01    0.7750594779E+02
  5    ***    0.12929E-01    0.3937533069E+01    0.8048131443E+02
  5    ***    0.12929E-01    0.3969807930E+01    0.8081381313E+02
  5    ***    0.12929E-01    0.4002082791E+01    0.8043987226E+02
  5    ***    0.12929E-01    0.4034357652E+01    0.7873836067E+02
  5    ***    0.12929E-01    0.4066632514E+01    0.7904433419E+02
  5    ***    0.12929E-01    0.4098907375E+01    0.7916027171E+02
  5    ***    0.12929E-01    0.4131182236E+01    0.7869119696E+02
  5    ***    0.12929E-01    0.4163457097E+01    0.7247457841E+02
  5    ***    0.12929E-01    0.4195731958E+01    0.7270148641E+02
  5    ***    0.12929E-01    0.4228006820E+01    0.7431426026E+02
  5    ***    0.12929E-01    0.4260281681E+01    0.7342380316E+02
  5    ***    0.12929E-01    0.4292556542E+01    0.7346159752E+02
  5    ***    0.12929E-01    0.4324831403E+01    0.6750172436E+02
  5    ***    0.12929E-01    0.4357106264E+01    0.6685596253E+02
  5    ***    0.12929E-01    0.4389381126E+01    0.6896353998E+02
  5    ***    0.12929E-01    0.4421655987E+01    0.7078652203E+02
  5    ***    0.12929E-01    0.4453930848E+01    0.7398308848E+02
  5    ***    0.12929E-01    0.4486205709E+01    0.7952369211E+02
  5    ***    0.12929E-01    0.4518480571E+01    0.7469671996E+02
  5    ***    0.12929E-01    0.4550755432E+01    0.7636174875E+02
  5    ***    0.12929E-01    0.4583030293E+01    0.7709622911E+02
  5    ***    0.12929E-01    0.4615305154E+01    0.7721996801E+02
  5    ***    0.12929E-01    0.4647580015E+01    0.7788854369E+02
  5    ***    0.12929E-01    0.4679854877E+01    0.7794164510E+02
  5    ***    0.12929E-01    0.4712129738E+01    0.8385354374E+02
  5    ***    0.12929E-01    0.4744404599E+01    0.7966568575E+02
  5    ***    0.12929E-01    0.4776679460E+01    0.8040313502E+02
  5    ***    0.12929E-01    0.4808954322E+01    0.8292776348E+02
  5    ***    0.12929E-01    0.4841229183E+01    0.8316340807E+02
  5    ***    0.12929E-01    0.4873504044E+01    0.7530810054E+02
  5    ***    0.12929E-01    0.4905778905E+01    0.7388319132E+02
  5    ***    0.12929E-01    0.4938053766E+01    0.7520879881E+02
  5    ***    0.12929E-01    0.4970328628E+01    0.7479183275E+02
  5    ***    0.12929E-01    0.5002603489E+01    0.7403084452E+02
  5    ***    0.12929E-01    0.5034878350E+01    0.7667931632E+02
  5    ***    0.12929E-01    0.5067153211E+01    0.7471190663E+02
  5    ***    0.12929E-01    0.5099428073E+01    0.7505888587E+02
  5    ***    0.12929E-01    0.5131702934E+01    0.7513800256E+02
  5    ***    0.12929E-01    0.5163977795E+01    0.7263612079E+02
  5    ***    0.12929E-01    0.5196252656E+01    0.7066677797E+02
  5    ***    0.12929E-01    0.5228527517E+01    0.6937145141E+02
  5    ***    0.12929E-01    0.5260802379E+01    0.6839921188E+02
  5    ***    0.12929E-01    0.5293077240E+01    0.7045414562E+02
  5    ***    0.12929E-01    0.5325352101E+01    0.7128283837E+02
  5    ***    0.12929E-01    0.5357626962E+01    0.7529577083E+02
  5    ***    0.12929E-01    0.5389901823E+01    0.7847743846E+02
  5    ***    0.12929E-01    0.5422176685E+01    0.7848324568E+02
  5    ***    0.12929E-01    0.5454451546E+01    0.8290791860E+02
  5    ***    0.12929E-01    0.5486726407E+01    0.7908958418E+02
  5    ***    0.12929E-01    0.5519001268E+01    0.8032237269E+02
  5    ***    0.12929E-01    0.5551276130E+01    0.8015098615E+02
  5    ***    0.12929E-01    0.5583550991E+01    0.7794440343E+02
  5    ***    0.12929E-01    0.5615825852E+01    0.7661452938E+02
  5    ***    0.12929E-01    0.5648100713E+01    0.7732540630E+02
  5    ***    0.12929E-01    0.5680375574E+01    0.7840543822E+02
  5    ***    0.12929E-01    0.5712650436E+01    0.7591826045E+02
  5    ***    0.12929E-01    0.5744925297E+01    0.7641445759E+02
  5    ***    0.12929E-01    0.5777200158E+01    0.7550132175E+02
  5    ***    0.12929E-01    0.5809475019E+01    0.7369609791E+02
  5    ***    0.12929E-01    0.5841749881E+01    0.7432050883E+02
  5    ***    0.12929E-01    0.5874024742E+01    0.7336665815E+02
  5    ***    0.12929E-01    0.5906299603E+01    0.6944841493E+02
  5    ***    0.12929E-01    0.5938574464E+01    0.6822621142E+02
  5    ***    0.12929E-01    0.5970849325E+01    0.7028558328E+02
  5    ***    0.12929E-01    0.6003124187E+01    0.7317386598E+02
  5    ***    0.12929E-01    0.6035399048E+01    0.7086448512E+02
  5    ***    0.12929E-01    0.6067673909E+01    0.7168168872E+02
  5    ***    0.12929E-01    0.6099948770E+01    0.7293872626E+02
  5    ***    0.12929E-01    0.6132223631E+01    0.7539190651E+02
  5    ***    0.12929E-01    0.6164498493E+01    0.7409786293E+02
  5    ***    0.12929E-01    0.6196773354E+01    0.7534918597E+02
  5    ***    0.12929E-01    0.6229048215E+01    0.7689969996E+02
  5    ***    0.12929E-01    0.6261323076E+01    0.7592324115E+02
  5    ***    0.12929E-01    0.6293597938E+01    0.7499348187E+02
  5    ***    0.12929E-01    0.6325872799E+01    0.7250496779E+02
  5    ***    0.12929E-01    0.6358147660E+01    0.7143618999E+02
  5    ***    0.12929E-01    0.6390422521E+01    0.7349847798E+02
  5    ***    0.12929E-01    0.6422697382E+01    0.7203007955E+02
  5    ***    0.12929E-01    0.6454972244E+01    0.7544215544E+02
