  3    ***    0.12929E-01    0.3227486122E-01    0.0000000000E+00
  3    ***    0.12929E-01    0.6454972244E-01    0.0000000000E+00
  3    ***    0.12929E-01    0.9682458366E-01    0.0000000000E+00
  3    ***    0.12929E-01    0.1290994449E+00    0.0000000000E+00
  3    ***    0.12929E-01    0.1613743061E+00    0.0000000000E+00
  3    ***    0.12929E-01    0.1936491673E+00    0.0000000000E+00
  3    ***    0.12929E-01    0.2259240285E+00    0.0000000000E+00
  3    ***    0.12929E-01    0.2581988897E+00    0.0000000000E+00
  3    ***    0.12929E-01    0.2904737510E+00    0.0000000000E+00
  3    ***    0.12929E-01    0.3227486122E+00    0.0000000000E+00
  3    ***    0.12929E-01    0.3550234734E+00    0.0000000000E+00
  3    ***    0.12929E-01    0.3872983346E+00    0.0000000000E+00
  3    ***    0.12929E-01    0.4195731958E+00    0.0000000000E+00
  3    ***    0.12929E-01    0.4518480571E+00    0.0000000000E+00
  3    ***    0.12929E-01    0.4841229183E+00    0.0000000000E+00
  3    ***    0.12929E-01    0.5163977795E+00    0.0000000000E+00
  3    ***    0.12929E-01    0.5486726407E+00    0.0000000000E+00
  3    ***    0.12929E-01    0.5809475019E+00    0.0000000000E+00
  3    ***    0.12929E-01    0.6132223631E+00    0.0000000000E+00
  3    ***    0.12929E-01    0.6454972244E+00    0.0000000000E+00
  3    ***    0.12929E-01    0.6777720856E+00    0.0000000000E+00
  3    ***    0.12929E-01    0.7100469468E+00    0.0000000000E+00
  3    ***    0.12929E-01    0.7423218080E+00    0.0000000000E+00
  3    ***    0.12929E-01    0.7745966692E+00    0.0000000000E+00
  3    ***    0.12929E-01    0.8068715305E+00    0.0000000000E+00
  3    ***    0.12929E-01    0.8391463917E+00    0.0000000000E+00
  3    ***    0.12929E-01    0.8714212529E+00    0.0000000000E+00
  3    ***    0.12929E-01    0.9036961141E+00    0.0000000000E+00
  3    ***    0.12929E-01    0.9359709753E+00    0.0000000000E+00
  3    ***    0.12929E-01    0.9682458366E+00    0.0000000000E+00
  3    ***    0.12929E-01    0.1000520698E+01    0.4439389710E+03
  3    ***    0.12929E-01    0.1032795559E+01    0.9003379973E+03
  3    ***    0.12929E-01    0.1065070420E+01    0.2100806072E+03
  3    ***    0.12929E-01    0.1097345281E+01    0.1122275143E+03
  3    ***    0.12929E-01    0.1129620143E+01    0.3779122591E+02
  3    ***    0.12929E-01    0.1161895004E+01    0.2143346343E+02
  3    ***    0.12929E-01    0.1194169865E+01    0.2053927244E+02
  3    ***    0.12929E-01    0.1226444726E+01    0.2284361509E+02
  3    ***    0.12929E-01    0.1258719588E+01    0.2275295602E+02
  3    ***    0.12929E-01    0.1290994449E+01    0.2362101110E+02
  3    ***    0.12929E-01    0.1323269310E+01    0.2784150471E+02
  3    ***    0.12929E-01    0.1355544171E+01    0.3095045910E+02
  3    ***    0.12929E-01    0.1387819032E+01    0.2648338253E+02
  3    ***    0.12929E-01    0.1420093894E+01    0.2730293902E+02
  3    ***    0.12929E-01    0.1452368755E+01    0.2886391130E+02
  3    ***    0.12929E-01    0.1484643616E+01    0.2641622264E+02
  3    ***    0.12929E-01    0.1516918477E+01    0.2884914375E+02
  3    ***    0.12929E-01    0.1549193338E+01    0.2937832718E+02
  3    ***    0.12929E-01    0.1581468200E+01    0.3185986622E+02
  3    ***    0.12929E-01    0.1613743061E+01    0.3090756842E+02
  3    ***    0.12929E-01    0.1646017922E+01    0.3414803246E+02
  3    ***    0.12929E-01    0.1678292783E+01    0.3837024803E+02
  3    ***    0.12929E-01    0.1710567645E+01    0.4590452972E+02
  3    ***    0.12929E-01    0.1742842506E+01    0.7992612499E+02
  3    ***    0.12929E-01    0.1775117367E+01    0.8918750983E+02
  3    ***    0.12929E-01    0.1807392228E+01    0.8341439612E+02
  3    ***    0.12929E-01    0.1839667089E+01    0.6816451283E+02
  3    ***    0.12929E-01    0.1871941951E+01    0.6543786961E+02
  3    ***    0.12929E-01    0.1904216812E+01    0.7406989434E+02
  3    ***    0.12929E-01    0.1936491673E+01    0.8025474939E+02
  3    ***    0.12929E-01    0.1968766534E+01    0.8963606395E+02
  3    ***    0.12929E-01    0.2001041396E+01    0.1538984306E+03
  3    ***    0.12929E-01    0.2033316257E+01    0.1262238755E+03
  3    ***    0.12929E-01    0.2065591118E+01    0.7904912726E+02
  3    ***    0.12929E-01    0.2097865979E+01    0.6692699771E+02
  3    ***    0.12929E-01    0.2130140840E+01    0.5853402927E+02
  3    ***    0.12929E-01    0.2162415702E+01    0.5462101915E+02
  3    ***    0.12929E-01    0.2194690563E+01    0.5003925725E+02
  3    ***    0.12929E-01    0.2226965424E+01    0.4978459557E+02
  3    ***    0.12929E-01    0.2259240285E+01    0.4969847823E+02
  3    ***    0.12929E-01    0.2291515147E+01    0.5179646829E+02
  3    ***    0.12929E-01    0.2323790008E+01    0.4651331036E+02
  3    ***    0.12929E-01    0.2356064869E+01    0.4734694914E+02
  3    ***    0.12929E-01    0.2388339730E+01    0.4921114148E+02
  3    ***    0.12929E-01    0.2420614591E+01    0.4850957213E+02
  3    ***    0.12929E-01    0.2452889453E+01    0.4944554100E+02
  3    ***    0.12929E-01    0.2485164314E+01    0.5099615641E+02
  3    ***    0.12929E-01    0.2517439175E+01    0.5274333206E+02
  3    ***    0.12929E-01    0.2549714036E+01    0.5418647989E+02
  3    ***    0.12929E-01    0.2581988897E+01    0.5611863352E+02
  3    ***    0.12929E-01    0.2614263759E+01    0.6092569846E+02
  3    ***    0.12929E-01    0.2646538620E+01    0.6602723450E+02
  3    ***    0.12929E-01    0.2678813481E+01    0.7841303611E+02
  3    ***    0.12929E-01    0.2711088342E+01    0.7447307708E+02
  3    ***    0.12929E-01    0.2743363204E+01    0.7926933251E+02
  3    ***    0.12929E-01    0.2775638065E+01    0.7080105370E+02
  3    ***    0.12929E-01    0.2807912926E+01    0.7426887222E+02
  3    ***    0.12929E-01    0.2840187787E+01    0.7236074981E+02
  3    ***    0.12929E-01    0.2872462648E+01    0.7152009520E+02
  3    ***    0.12929E-01    0.2904737510E+01    0.8129385536E+02
  3    ***    0.12929E-01    0.2937012371E+01    0.8566299381E+02
  3    ***    0.12929E-01    0.2969287232E+01    0.8539471517E+02
  3    ***    0.12929E-01    0.3001562093E+01    0.8833667138E+02
  3    ***    0.12929E-01    0.3033836955E+01    0.8048508027E+02
  3    ***    0.12929E-01    0.3066111816E+01    0.7473983495E+02
  3    ***    0.12929E-01    0.3098386677E+01    0.6978685940E+02
  3    ***    0.12929E-01    0.3130661538E+01    0.6527430752E+02
  3    ***    0.12929E-01    0.3162936399E+01    0.6533612400E+02
  3    ***    0.12929E-01    0.3195211261E+01    0.6162220871E+02
  3    ***    0.12929E-01    0.3227486122E+01    0.6415591740E+02
  3    ***    0.12929E-01    0.3259760983E+01    0.5787222130E+02
  3    ***    0.12929E-01    0.3292035844E+01    0.5707123776E+02
  3    ***    0.12929E-01    0.3324310705E+01    0.6050931191E+02
  3    ***    0.12929E-01    0.3356585567E+01    0.6171582752E+02
  3    ***    0.12929E-01    0.3388860428E+01    0.6380574974E+02
  3    ***    0.12929E-01    0.3421135289E+01    0.6153065872E+02
  3    ***    0.12929E-01    0.3453410150E+01    0.6032166617E+02
  3    ***    0.12929E-01    0.3485685012E+01    0.6314320615E+02
  3    ***    0.12929E-01    0.3517959873E+01    0.6227021493E+02
  3    ***    0.12929E-01    0.3550234734E+01    0.6464103449E+02
  3    ***    0.12929E-01    0.3582509595E+01    0.6669240258E+02
  3    ***    0.12929E-01    0.3614784456E+01    0.6762900341E+02
  3    ***    0.12929E-01    0.3647059318E+01    0.6863949503E+02
  3    ***    0.12929E-01    0.3679334179E+01    0.7145397889E+02
  3    ***    0.12929E-01    0.3711609040E+01    0.6922864725E+02
  3    ***    0.12929E-01    0.3743883901E+01    0.7009321490E+02
  3    ***    0.12929E-01    0.3776158763E+01    0.7171234847E+02
  3    ***    0.12929E-01    0.3808433624E+01    0.7221164533E+02
  3    ***    0.12929E-01    0.3840708485E+01    0.7453340147E+02
  3    ***    0.12929E-01    0.3872983346E+01    0.7571673222E+02
  3    ***    0.12929E-01    0.3905258207E+01    0.7354992384E+02
  3    ***    0.12929E-01    0.3937533069E+01    0.6978400639E+02
  3    ***    0.12929E-01    0.3969807930E+01    0.7196661721E+02
  3    ***    0.12929E-01    0.4002082791E+01    0.6835698362E+02
  3    ***    0.12929E-01    0.4034357652E+01    0.6635163186E+02
  3    ***    0.12929E-01    0.4066632514E+01    0.6509246947E+02
  3    ***    0.12929E-01    0.4098907375E+01    0.6727536061E+02
  3    ***    0.12929E-01    0.4131182236E+01    0.6695542353E+02
  3    ***    0.12929E-01    0.4163457097E+01    0.6564961811E+02
  3    ***    0.12929E-01    0.4195731958E+01    0.6743155285E+02
  3    ***    0.12929E-01    0.4228006820E+01    0.6418298100E+02
  3    ***    0.12929E-01    0.4260281681E+01    0.6345477323E+02
  3    ***    0.12929E-01    0.4292556542E+01    0.6592017567E+02
  3    ***    0.12929E-01    0.4324831403E+01    0.6457947270E+02
  3    ***    0.12929E-01    0.4357106264E+01    0.6582601114E+02
  3    ***    0.12929E-01    0.4389381126E+01    0.6627235322E+02
  3    ***    0.12929E-01    0.4421655987E+01    0.6394367566E+02
  3    ***    0.12929E-01    0.4453930848E+01    0.6773078783E+02
  3    ***    0.12929E-01    0.4486205709E+01    0.6749916270E+02
  3    ***    0.12929E-01    0.4518480571E+01    0.6733657394E+02
  3    ***    0.12929E-01    0.4550755432E+01    0.6833626163E+02
  3    ***    0.12929E-01    0.4583030293E+01    0.6477235010E+02
  3    ***    0.12929E-01    0.4615305154E+01    0.6591896186E+02
  3    ***    0.12929E-01    0.4647580015E+01    0.6781619852E+02
  3    ***    0.12929E-01    0.4679854877E+01    0.6724819519E+02
  3    ***    0.12929E-01    0.4712129738E+01    0.7193847182E+02
  3    ***    0.12929E-01    0.4744404599E+01    0.6842293712E+02
  3    ***    0.12929E-01    0.4776679460E+01    0.6641217465E+02
  3    ***    0.12929E-01    0.4808954322E+01    0.6928480884E+02
  3    ***    0.12929E-01    0.4841229183E+01    0.7066096224E+02
  3    ***    0.12929E-01    0.4873504044E+01    0.7058400113E+02
  3    ***    0.12929E-01    0.4905778905E+01    0.6672279468E+02
  3    ***    0.12929E-01    0.4938053766E+01    0.6654576044E+02
  3    ***    0.12929E-01    0.4970328628E+01    0.6564773324E+02
  3    ***    0.12929E-01    0.5002603489E+01    0.6668643622E+02
  3    ***    0.12929E-01    0.5034878350E+01    0.6744976253E+02
  3    ***    0.12929E-01    0.5067153211E+01    0.6955711701E+02
  3    ***    0.12929E-01    0.5099428073E+01    0.7160537518E+02
  3    ***    0.12929E-01    0.5131702934E+01    0.6652656539E+02
  3    ***    0.12929E-01    0.5163977795E+01    0.6677363100E+02
  3    ***    0.12929E-01    0.5196252656E+01    0.6334941874E+02
  3    ***    0.12929E-01    0.5228527517E+01    0.6467899211E+02
  3    ***    0.12929E-01    0.5260802379E+01    0.6639336988E+02
  3    ***    0.12929E-01    0.5293077240E+01    0.6571940774E+02
  3    ***    0.12929E-01    0.5325352101E+01    0.6120837884E+02
  3    ***    0.12929E-01    0.5357626962E+01    0.6392816508E+02
  3    ***    0.12929E-01    0.5389901823E+01    0.6764916702E+02
  3    ***    0.12929E-01    0.5422176685E+01    0.6582838482E+02
  3    ***    0.12929E-01    0.5454451546E+01    0.6398085385E+02
  3    ***    0.12929E-01    0.5486726407E+01    0.6640376151E+02
  3    ***    0.12929E-01    0.5519001268E+01    0.6846369587E+02
  3    ***    0.12929E-01    0.5551276130E+01    0.6903259815E+02
  3    ***    0.12929E-01    0.5583550991E+01    0.6850840672E+02
  3    ***    0.12929E-01    0.5615825852E+01    0.6698634331E+02
  3    ***    0.12929E-01    0.5648100713E+01    0.6807344216E+02
  3    ***    0.12929E-01    0.5680375574E+01    0.6847489527E+02
  3    ***    0.12929E-01    0.5712650436E+01    0.6868712549E+02
  3    ***    0.12929E-01    0.5744925297E+01    0.6435203720E+02
  3    ***    0.12929E-01    0.5777200158E+01    0.6920146088E+02
  3    ***    0.12929E-01    0.5809475019E+01    0.6727244480E+02
  3    ***    0.12929E-01    0.5841749881E+01    0.6477791350E+02
  3    ***    0.12929E-01    0.5874024742E+01    0.6267004296E+02
  3    ***    0.12929E-01    0.5906299603E+01    0.6507823821E+02
  3    ***    0.12929E-01    0.5938574464E+01    0.6531753558E+02
  3    ***    0.12929E-01    0.5970849325E+01    0.6369372196E+02
  3    ***    0.12929E-01    0.6003124187E+01    0.6444308053E+02
  3    ***    0.12929E-01    0.6035399048E+01    0.6864160686E+02
  3    ***    0.12929E-01    0.6067673909E+01    0.6718902054E+02
  3    ***    0.12929E-01    0.6099948770E+01    0.6768095617E+02
  3    ***    0.12929E-01    0.6132223631E+01    0.6596388683E+02
  3    ***    0.12929E-01    0.6164498493E+01    0.6443059953E+02
  3    ***    0.12929E-01    0.6196773354E+01    0.6483880961E+02
  3    ***    0.12929E-01    0.6229048215E+01    0.6389876672E+02
  3    ***    0.12929E-01    0.6261323076E+01    0.6447395532E+02
  3    ***    0.12929E-01    0.6293597938E+01    0.6461903442E+02
  3    ***    0.12929E-01    0.6325872799E+01    0.6615374936E+02
  3    ***    0.12929E-01    0.6358147660E+01    0.6471296683E+02
  3    ***    0.12929E-01    0.6390422521E+01    0.6326098736E+02
  3    ***    0.12929E-01    0.6422697382E+01    0.6440475376E+02
  3    ***    0.12929E-01    0.6454972244E+01    0.6149842733E+02
