  -11.037249651605618       -6.1009838151930449     
 -0.36862649394536806        2.5733302403796192     
  -12.809451009309262       0.84717856011200099     
   5.3994846031662149        12.692978299043647     
  -1.1554451920057682        8.3724541568689581     
   11.864694467455568        1.4756818941251324     
   3.8209722567173050       0.36368748499799319     
  -7.1142132914957434        8.7853449244347352     
  -8.3972286407234780       -6.3853856440033212     
   5.4243727732744684        3.5929256081102250     
  -2.1144496746005847        5.2752695386010524     
  -2.7622581249050269        7.5477982856471941     
   8.0694076647141895        1.0480755217640050     
  -10.961921650239372        4.8373015365762848     
   8.8943993025027909E-002   1.0322124278339377     
   7.4351811922939657        12.149808006991883     
   7.6758988224787084        7.7632766601600700     
  -10.509061798055571       -3.5197272517903069E-002
   8.5292276382778542        3.0523374497380131     
  -1.0408767700602348       -12.909628201460150     
  -4.2359985538312221       -9.5672021189678151     
   12.783322560239707        6.3300775728673200     
  -8.8316986145550889       -9.0859165248268390     
  -4.0852371591176988        14.596221900319987     
   3.4277867967050448       -3.7946828199033305     
   14.071618859319212       0.29475498201810740     
  -4.8539581355829506        6.8273479374594030     
   12.688567345217528       -3.1737627230908996     
   3.6357099024789670        13.749647075537846     
   5.8516943985496690        8.3982545573099596     
   11.773348776142269        3.2233710415074786     
   8.8161003725708333       -8.6294375127897851     
   2.6830257339981891        13.492492431613405     
  -1.2126916822285279       -8.1648981486089376     
   7.1517670875740738       -10.269627778236430     
  -4.4680863850319650      -0.16070352561046261     
  -2.1233916345172315        10.432939300728608     
 -0.40874318069251270        7.0408757054516151     
  -4.1190726242602658       -8.5941845639165848     
   11.092842288796531       -10.090427363348676     
   1.1829232027214946        8.5119381472313531     
  -2.8807347400914693       -7.0543491805529595     
  -4.8271780207501536       -1.7737043040608969     
  -2.6159960161756839       -5.2030294132365462     
  -2.5690852150575214        1.0698719526174723     
   7.1914179493198764        3.9546001763892393     
  -4.8458565304409786        9.8020378063911036     
   6.7917488018570582        4.7790815546476431     
   10.421450988040167        3.9128430972551485     
   6.3243858423594537        13.781788728754252     
   5.5337564197264131      -0.28396278934744618     
   7.0766455790695826       -1.6245115735967157     
   7.4849147791516302       -6.2089388492697237     
   9.6007053715953319       -10.025857918551258     
   11.770129911331654       -4.0041095259494659     
  -1.9397121634820971       -13.587350622259592     
  -6.4941249564091743        5.7261497200486717     
  -13.443610911667202       0.15958816179897206     
   4.3409538250315105       -9.8078285424827829     
   9.6498109309942794        6.2629916188513715     
  -8.7908652865543804        4.6056858176994648     
  -11.688510868593010        4.2668751666930111     
 -0.28794344378452230        4.5880952308018754     
   10.733743063885049        7.4991676465422534     
   13.364592053866547       -3.7453617456820778     
   4.3857667524532440       -5.9310656144705742     
   7.5582651699554173        6.5018399564184239     
   8.2313079195559489       -7.6579631443651452     
   6.2659868078549970        11.863442542773990     
  -15.178716658121958       -1.9296980061582165     
   7.1466500758099176       0.21492395902278166     
  -7.8025033723974859        13.047939828623246     
  -4.5944767387136469        6.0499135335141343     
 -0.74543936116046006       -1.6456276678421371     
  -2.2027845714722369       -8.8003817761234977     
  -1.5737374358458631        4.4470284614635274     
  -2.3855721564840371        1.7737238043751860     
 -0.79469878619418799       -2.7114347891183268     
  -7.9764396731929859       -12.793483292968606     
  0.42134657096526135       -5.1907958923125994     
  0.90782647504059255        5.1829554125012578     
  -4.5222911637187719        7.8068495030066325     
  -2.5778622706711820        9.5674926905477236     
 -0.94391275206435099        5.6325312121070192     
 -0.77680406756259290       -6.0958896927642527     
  -4.7008427997388420       -4.7183800534632132     
   13.014977269525229        3.8484198639280724     
  -10.706939793045514       -2.0724914930074427     
   4.1857837593449707       -12.153927410780520     
  -5.3016822403695443        5.1910758607196881     
   12.713219904929971       -4.7684179947222329     
  -7.8898306070701105       0.82880321771537113     
   7.3205894099660327        1.3152277301550388     
   2.7036739874790992        14.882518594047964     
  0.20145613717636923        11.215319865652580     
   1.2103545330137180       -11.568037936267238     
   11.646617759966404        6.1901273674733455     
   12.017603595782910      -0.23047439289990948     
   6.4524916429467130        10.583418448193598     
  -4.1667693736106601       -13.494737895185256     
  -6.5640099551994897        10.013083709462872     
  -8.5310913793978820       -3.4599814425467232     
  -6.4007800403940820       -13.874071253263049     
   9.6211996158497985       -10.805665782434035     
   2.1886851723590164       -13.617071114697875     
  -2.3204007112164229       -14.436836743137507     
   3.2030415142617930        5.9750395413000543     
   14.820442656048050       0.96228694100423739     
  -7.8711698989602183        7.3562468539034507     
  -3.7819260332858740        3.1014292037978328     
   10.819712294383752       -7.1827824520162018     
   2.0996218013032388E-002  -3.2244951131202138     
  -10.620925520396007        1.7937039913384196     
   10.318275547334739       -11.292866695202331     
   4.0013826893266664       -4.5630651454994497     
  -14.352354017516484       -5.1828098965019391     
   13.170840910646842       0.35972142542125018     
  -3.5090263981165579        13.266047571481449     
   13.176409116797839        2.0637653807029199     
  -14.795580755113837        3.1418539933700593     
  -12.545935294741954      -0.63182492910921073     
  -10.229453123936652        2.4902479710428955     
  -2.4346995820134922       -4.3258955301860418     
  -7.7407566160627628        5.7337346983412170     
  -4.6004828549925412        12.574299523319505     
  -13.091071010331918        4.6571037559156601     
   12.024604307318368       -2.5085951485998690     
   1.8536548655809748        13.012121372837180     
  -8.8888748033619880       -5.8260996768487390     
  -13.302960337735996      -0.83598427454504365     
   3.8662603600840431        3.2280666071653092     
  -11.630201578735628        8.3185443679902811     
   2.7286002609839342        5.0007186610382641     
  -15.241407721419510       0.26125685071055998     
   2.8568745534279647       -2.0335821068632836     
   5.1236786876130207        10.176215838690757     
  -11.042415422045309        10.421080000439675     
  -2.4284716750961732       -12.922810758073092     
   4.2438105967348116        5.2717337366662544     
   8.9084051658642718       -2.1444499950806897     
   1.9957226912972306        9.4582061182412982     
  -11.393411173027374        5.6629740113677300     
   9.7673058563721682        10.353394073333288     
  -5.7967774269478909       -7.2529057657013842     
  -8.5982243208400728        8.3803668860008163     
   1.0550798740910154       0.45758304217123963     
  -11.247348394186281       -1.7087546710865149     
  -4.9859206942247889        3.5943200904873160     
   11.714763843180906       -7.8419192706443024     
  -9.4669850906554469       -4.0972914896187973     
  -11.258714447073855        2.5260129658671877     
   3.9484295560760607        10.130022962011894     
  -3.2847548215398130       -10.517793437613497     
   2.3784099347517649       -3.2677761079003105     
  -7.2140375572323272       -1.1424325718120290     
   3.0008683453857916       -5.5324799597499581     
  -1.1466418410314456       -10.745027529619300     
  -7.0096561668540911        12.323483825716190     
  -7.2107068738693965       -2.0015693875299010     
  -8.5605740505911481        5.4252582905050231     
  0.59432504361512595        1.8823407300881416     
  -2.0035266272875409        6.9763220591304780     
   4.3661949055712190        6.5295680391079749     
   2.3150622739197999        13.952705569904310     
   3.5615881516657537        8.7042585728840862     
   3.1047485855926782        10.941869885870060     
   5.6493456304556684       -7.0739407828523140     
  -4.2142688108871083        2.9889374530021007     
  -8.4093835503415892       -2.6931859466272963     
   7.5816628351838720       -5.4653015789643549     
  0.51330558439299390       -7.8268111107312430     
  -7.6098960391273893        1.2427188624211101     
  -2.9174775420251273       -14.810258818500133     
  -4.7704840743026686        8.8263110387393979     
  -2.9105124531740878        4.0321087197924212     
  -2.1072390711674545      -0.24062224924406547     
   6.3326925452416480        10.066766878938882     
   12.730255822180297       0.90792386975976913     
  -12.097967751809993       -3.1764476611531420     
  -10.643086567007813        3.1319808180124573     
  -11.909514802905631       -7.4433706095777161     
  -3.5002652986534262       -12.790142611788898     
  -8.6831507296022181       -1.6456802649058380     
  -4.9386248229031775       -6.4527348919127210     
  -13.624230854395085       -6.9812154816536331     
  -2.3006104732782120       -10.415509995244573     
   10.539097852074084        5.8644522426698682     
  0.41992200527668899       -1.2428543808818369     
   2.0579886159504102        4.9082042658726666     
  -5.7946303940323682       0.24909572363674204     
   14.835552393065067       -2.7070966263878677     
  -5.5225524492295825        9.7197342866363456     
   1.6975531298975797       -12.920342303290058     
  0.27987710841636065        3.8812497179418930     
   4.8451814197819933       -3.9903220329282711     
   13.983594363468477       -2.5938658295626791     
   12.877511957618339       -2.0007509300170927     
   3.8956094471414620        14.793384549984820     
  -12.335006562250976        6.5646269712327436     
  0.81777557390265987        11.953346865218222     
