 -0.15342463746092963       -5.8897711247203217     
   11.443840579053196      -0.13641244018314427     
   2.1977981174261463        1.1702835293434781     
  -1.6764826518764548       -12.296076978588010     
  -5.8490031893237715        5.1489058027122301     
  -4.6808803189389030       -2.2632960519642698     
  -4.9094630925603147      -0.17267952184763005     
   11.411160167576728        2.1733314116976121     
  -1.1404688921076966       -7.6666331089173916     
 -0.32126317517343367       0.49165514701864210     
  -6.6384509086391370       -5.6227841723872460     
   10.645374497066252       -6.3740268898070767     
  -7.3840929849612440       -7.7001099308444720     
  -8.6862777354927445        2.6101793723730164     
   7.9540455777669923      -0.69264240281918654     
   3.5632764373462491        6.3641306949023715     
  -10.460354471076670       0.61960362763871590     
  -3.1184304706805590        11.015323896074246     
   3.6392874913505140      -0.85844000166554812     
   9.1558070746601388       -4.1470761046697575     
  -6.8441193919899517        5.0459383543954202     
   8.2816300635282261        4.1321192063242353     
  -5.7751326053266272       -5.1064767326536815     
  -3.4101684894817987        10.054769841421198     
   3.4444714645306473       0.14212426937950218     
   9.0035579982779783        1.1815044411436999     
   4.1502545187383530       -11.695388390686327     
   2.3075605704202804       -11.940823594324810     
  -8.7260391649585447        6.9371256891250175     
  -2.7168049802927645        3.6904263386963629     
   12.057493943663431        2.9364106877157958     
  -1.6067256054429397       -10.419495207633926     
   3.2532523966578233       -9.0408769632959363     
   9.6530175101481337       -1.0081997567811971     
   4.2545044510546379       -10.700308102130395     
  -2.5509719296445743        1.6278271121651442     
   2.2049333733544301       -6.1210792566203880     
  -7.0153408080267718       -1.5616010289448190     
   2.7548739212413982        5.0482613537572565     
  -2.6222365247351247       -9.5987909936075724     
   7.4502038926368783        6.4138221383640222     
 -0.89034782676290758        1.4573505937336928     
   3.8673566262166563       -4.3246101547390223     
   2.9023386479947404        2.9706012695676507     
  -8.4390883097569400       -9.0930608822832788     
   6.5291290737365051        1.6461688214259578     
   7.6823214358399072       -7.8425315481087301     
  -4.5777683377361056       -4.2110689844714946     
   4.6692931306404084        1.4445330140739239     
   8.5847499103819533        5.9255769394629514     
  -1.8460430083057748        2.7779650150979704     
  -4.4278102064692675       -6.8474643860120405     
   9.7006096736456904       -7.7391019482874164     
   11.789642986040272       0.80392931762387787     
 -0.29067164087325570        6.0695361862020221     
   5.3154866859326493        4.4643774748762928     
   4.6564151929737392       -3.7111093572958187     
   7.7413850509979829        2.7079237960421811     
 -0.45296342017233693       -3.1676292756729842     
 -0.13043931124660280        9.0146983920835311     
  -1.7665684550576950       -9.0759200478261466     
   1.9947927110026940       0.19154888256042543     
  -7.1918817715896397        6.0065047593645655     
  -6.3280203578731564        1.5577061409632305     
   2.0675830728100961       -8.0170662151807655     
   7.4042738054442996        3.6527591733586169     
  -1.1158435802892264        5.5014585878477504     
   7.4752381319246473       -8.8215331220391668     
   9.3029017278824142       -6.8178817560037412     
  -2.7156923584475710      -0.58371202673885725     
   1.9209798916947691       -1.1736601130218258     
  -3.1759886375993100        6.2061980604712454     
   11.854400928130413       -3.6714984426592685     
   6.8057574999332280        9.5923696695540031     
  0.45022449080851334       -12.401081661798635     
  -9.7102429426585832        1.3638940079079807     
   7.0998611182745304      -0.17244346983743308     
   12.111461596851324       -2.7037939940868414     
   4.6242162369982367        8.0690631878879895     
   7.3466279080543068E-002 -0.58008899884087406     
   7.9549239817896078       -6.8795426312050623     
   7.7247487188084678        1.7078042222965724     
   9.2388619681242936        6.6821338127353798     
  -3.8469829845630015       -6.0335693090739548     
  -3.6378793368148221       -7.4640723614853792     
   3.8067767488750293       -7.3806254917812346     
  -5.7613433621141237        7.4476101558550747     
   5.7302331647026552       -8.2895171501789537     
 -0.17807768397063359        5.0374952134850384     
  -5.1555153262509297       -6.0386827808452139     
   9.8522244941427690        1.7142963251448906     
   2.5675202538042634        6.4672958665292599     
   3.6803872450611532        1.2738880108501180     
   3.2114829287778335        7.9390130478181868     
  -8.0869507969933210       -6.9886302929673425     
   10.098837933770559       -3.8109386085383923     
  -2.8782929285448993       0.40289276914370398     
  -3.6532396169283365      -0.23663049827321977     
  -2.3516384611199070       -3.8080857431877675     
   1.1050177251259674       -3.9392913946371939     
   8.7115601997489875       -1.3445209384176273     
  -3.7733669020158200        1.6102704717966447     
   8.8953678094752835      -0.35603113360788291     
  -7.3738796395182780       -4.4237051921238946     
   8.6469538072743557        2.1164720280212364     
   6.9465736297519438       -2.1918707529221502     
  -7.7440642137252231        2.9458882615458477     
  -7.1434387574887630        2.1384871582134202     
   9.4414255830059677        8.0521760449714908     
   10.977189639436657       -5.4288224768299926     
  -6.4362015234147041       -7.3817489523847284     
  -7.6051559618697206        8.4064679143042120     
  -7.7282614552340752        6.8565071389749077     
   10.421679312209445       -1.6482040885393832     
   7.9153866377714781       -3.0055928103574332     
   6.3205599354257993       0.45347255751913601     
   8.3534102090236413        7.1765086508735019     
   6.9071727580235143       -3.3902138588658777     
   8.9121200346867742       -5.1624546430835734     
  -2.0079269062342284       -6.6698514054126337     
  -3.6037516928511213       -9.8008307164370905     
  -11.186028370763323        1.3068653568979494     
 -0.87006747050813860       -9.6876412195783832     
   5.2303959551231776        3.2993953620498440     
  -10.852796303309798       -4.8124588920306808     
  -10.605506726292866        3.2598657195977410     
   7.9626843828576730       -2.0068954379853872     
   2.8889479153273951        1.8932577878364183     
   11.113718184861542        3.2659373954004964     
   5.0999032016935288        9.1389729356040856     
  -5.7642226256277160       -8.1256352943166714     
  -8.1977169393141818       -4.9901014161426334     
  -8.1338157294405793      -0.80699664047122133     
   4.6721669561379287        6.3646305758687376     
   6.1794635001079214      -0.56366425288092958     
   1.0332758536672593        6.2587439640705567     
   7.0939558669540110       -1.2026884331351804     
   3.1807670104256407       -11.452162286163427     
   10.110716335772668        7.1799977142524103     
   3.0824311057702660       -3.5535567833289865     
  -5.8191141863076954        9.7638435373301018     
  -9.7619025437669702        3.7970472773399049     
  -11.973582269275408       0.68963904836183243     
  0.97080502771228228       -4.9518770389039393     
   6.6601574202452936       -9.4013097593545449     
  -6.5166679136743380       -8.7857471564952689     
  0.93588637514930062       -7.1236773161517247E-002
   9.4673712627432742       -1.9995626652833622     
  -10.632106345806051       -2.6772723892818902     
   5.7392018417295576        8.0609128520033551     
   3.0196374774459329       -5.5382842997531316     
  -3.9556145664723350       -8.7259065540400158     
   5.8043828667163870       -10.620384069775296     
  0.93271926727046017        2.7490018218206105     
   2.4186282982288292       -9.6731557183774370     
  0.36973663178816868        8.1487212190961440     
  -3.7151839971760414        3.7694497918126881     
  -1.5989800702809247        6.3822816731419092     
  -12.000410458955420       -1.7694602974478164     
  -3.0120425410321636       -6.6564761737113116     
   5.1249846704962181        5.4471696727341845     
  -1.4166584593713161        12.218665254729165     
   2.1982595676976904        3.6876287519381754     
  -8.3173945472896254       -2.9869918346704880     
  -4.2815511078194595        2.9408267300999720     
  -10.025684993701649        4.8784164130394601     
  -3.2453870590813403       -4.4196234640353218     
   5.3016005043929635       -2.3761598915492157     
   1.8241443221125286       -7.0460821838244536     
   11.014085024503506       -4.2153762455654347     
  -1.2535945155829780        10.069170494171582     
   5.6361057588559644        1.1820208267242531     
   1.8412309484872655        4.6229611569855855     
   8.1302587175709942       0.29165206711341518     
   6.0999708353987341       -6.2542974421422963     
  -5.5105480112769465       -2.8392614510775713     
   3.6054441278922806        3.6870954901998796     
   11.399601619282128        4.2239540566515723     
  -3.2845331342975266        2.8668820661907346     
  -10.585607286748152        2.1093862865623851     
   10.586714061589571      -0.65112485808530196     
  -6.8425585688765986        4.0442829936268199     
  -9.1167650728908569       -4.5246068963285060     
   4.5297310447159900       -5.4707786316310978     
 -0.98348290426243301      -0.25810713389576284     
   2.6893270348273157      -0.52848344718434803     
  0.17091279008006277        1.3624117365691208     
   1.6963904416656148        9.6619779054866655     
   5.1944698788242718        7.2218240741173672     
  -8.0476204367981783       -1.8206936779246661     
  -3.0696709930086148       -5.4039487847642089     
  -7.4016522317796261       -3.3959420438737764     
   3.7445937630784791        10.829055315649439     
  0.84511399526262232        5.1997570324772209     
   10.158196686181535       -4.8096288536254619     
   9.4810011751619800        2.6705237613585897     
  -4.8706687900011536        3.7703454865018284     
  -11.082206119878565       -1.3692689786281524     
  0.88524654080630338       -1.7946438513996881     
  -10.070408012864805      -0.30178783706958745     


