  6    ***    0.12929E-01    0.3227486122E-01    0.0000000000E+00
  6    ***    0.12929E-01    0.6454972244E-01    0.0000000000E+00
  6    ***    0.12929E-01    0.9682458366E-01    0.0000000000E+00
  6    ***    0.12929E-01    0.1290994449E+00    0.0000000000E+00
  6    ***    0.12929E-01    0.1613743061E+00    0.0000000000E+00
  6    ***    0.12929E-01    0.1936491673E+00    0.0000000000E+00
  6    ***    0.12929E-01    0.2259240285E+00    0.0000000000E+00
  6    ***    0.12929E-01    0.2581988897E+00    0.0000000000E+00
  6    ***    0.12929E-01    0.2904737510E+00    0.0000000000E+00
  6    ***    0.12929E-01    0.3227486122E+00    0.0000000000E+00
  6    ***    0.12929E-01    0.3550234734E+00    0.0000000000E+00
  6    ***    0.12929E-01    0.3872983346E+00    0.0000000000E+00
  6    ***    0.12929E-01    0.4195731958E+00    0.0000000000E+00
  6    ***    0.12929E-01    0.4518480571E+00    0.0000000000E+00
  6    ***    0.12929E-01    0.4841229183E+00    0.0000000000E+00
  6    ***    0.12929E-01    0.5163977795E+00    0.0000000000E+00
  6    ***    0.12929E-01    0.5486726407E+00    0.0000000000E+00
  6    ***    0.12929E-01    0.5809475019E+00    0.0000000000E+00
  6    ***    0.12929E-01    0.6132223631E+00    0.0000000000E+00
  6    ***    0.12929E-01    0.6454972244E+00    0.0000000000E+00
  6    ***    0.12929E-01    0.6777720856E+00    0.0000000000E+00
  6    ***    0.12929E-01    0.7100469468E+00    0.0000000000E+00
  6    ***    0.12929E-01    0.7423218080E+00    0.0000000000E+00
  6    ***    0.12929E-01    0.7745966692E+00    0.0000000000E+00
  6    ***    0.12929E-01    0.8068715305E+00    0.0000000000E+00
  6    ***    0.12929E-01    0.8391463917E+00    0.0000000000E+00
  6    ***    0.12929E-01    0.8714212529E+00    0.0000000000E+00
  6    ***    0.12929E-01    0.9036961141E+00    0.0000000000E+00
  6    ***    0.12929E-01    0.9359709753E+00    0.0000000000E+00
  6    ***    0.12929E-01    0.9682458366E+00    0.0000000000E+00
  6    ***    0.12929E-01    0.1000520698E+01    0.5811315756E+03
  6    ***    0.12929E-01    0.1032795559E+01    0.8303300325E+03
  6    ***    0.12929E-01    0.1065070420E+01    0.1227011155E+03
  6    ***    0.12929E-01    0.1097345281E+01    0.1037443182E+03
  6    ***    0.12929E-01    0.1129620143E+01    0.8582741696E+02
  6    ***    0.12929E-01    0.1161895004E+01    0.8243419069E+02
  6    ***    0.12929E-01    0.1194169865E+01    0.8466868556E+02
  6    ***    0.12929E-01    0.1226444726E+01    0.7632646658E+02
  6    ***    0.12929E-01    0.1258719588E+01    0.6685665100E+02
  6    ***    0.12929E-01    0.1290994449E+01    0.6263693882E+02
  6    ***    0.12929E-01    0.1323269310E+01    0.5736808694E+02
  6    ***    0.12929E-01    0.1355544171E+01    0.5728657537E+02
  6    ***    0.12929E-01    0.1387819032E+01    0.5888657998E+02
  6    ***    0.12929E-01    0.1420093894E+01    0.5317750816E+02
  6    ***    0.12929E-01    0.1452368755E+01    0.5257764017E+02
  6    ***    0.12929E-01    0.1484643616E+01    0.4826557290E+02
  6    ***    0.12929E-01    0.1516918477E+01    0.4992194275E+02
  6    ***    0.12929E-01    0.1549193338E+01    0.4994315621E+02
  6    ***    0.12929E-01    0.1581468200E+01    0.4607814534E+02
  6    ***    0.12929E-01    0.1613743061E+01    0.4759600916E+02
  6    ***    0.12929E-01    0.1646017922E+01    0.5454003531E+02
  6    ***    0.12929E-01    0.1678292783E+01    0.5998812488E+02
  6    ***    0.12929E-01    0.1710567645E+01    0.6705243225E+02
  6    ***    0.12929E-01    0.1742842506E+01    0.7950726488E+02
  6    ***    0.12929E-01    0.1775117367E+01    0.8064629190E+02
  6    ***    0.12929E-01    0.1807392228E+01    0.7937673558E+02
  6    ***    0.12929E-01    0.1839667089E+01    0.9033916260E+02
  6    ***    0.12929E-01    0.1871941951E+01    0.9107094956E+02
  6    ***    0.12929E-01    0.1904216812E+01    0.9444172705E+02
  6    ***    0.12929E-01    0.1936491673E+01    0.1079535942E+03
  6    ***    0.12929E-01    0.1968766534E+01    0.1321643693E+03
  6    ***    0.12929E-01    0.2001041396E+01    0.2107242501E+03
  6    ***    0.12929E-01    0.2033316257E+01    0.1378276714E+03
  6    ***    0.12929E-01    0.2065591118E+01    0.9800936842E+02
  6    ***    0.12929E-01    0.2097865979E+01    0.9243126890E+02
  6    ***    0.12929E-01    0.2130140840E+01    0.8682132981E+02
  6    ***    0.12929E-01    0.2162415702E+01    0.8164050254E+02
  6    ***    0.12929E-01    0.2194690563E+01    0.7738278383E+02
  6    ***    0.12929E-01    0.2226965424E+01    0.7277353964E+02
  6    ***    0.12929E-01    0.2259240285E+01    0.7131607050E+02
  6    ***    0.12929E-01    0.2291515147E+01    0.6864296258E+02
  6    ***    0.12929E-01    0.2323790008E+01    0.6587367446E+02
  6    ***    0.12929E-01    0.2356064869E+01    0.6420639690E+02
  6    ***    0.12929E-01    0.2388339730E+01    0.6578577544E+02
  6    ***    0.12929E-01    0.2420614591E+01    0.6642037808E+02
  6    ***    0.12929E-01    0.2452889453E+01    0.6846824572E+02
  6    ***    0.12929E-01    0.2485164314E+01    0.7019627587E+02
  6    ***    0.12929E-01    0.2517439175E+01    0.7030253755E+02
  6    ***    0.12929E-01    0.2549714036E+01    0.7501246174E+02
  6    ***    0.12929E-01    0.2581988897E+01    0.7200610054E+02
  6    ***    0.12929E-01    0.2614263759E+01    0.7241490598E+02
  6    ***    0.12929E-01    0.2646538620E+01    0.7273869105E+02
  6    ***    0.12929E-01    0.2678813481E+01    0.7888220559E+02
  6    ***    0.12929E-01    0.2711088342E+01    0.8722072091E+02
  6    ***    0.12929E-01    0.2743363204E+01    0.9418054971E+02
  6    ***    0.12929E-01    0.2775638065E+01    0.9295988929E+02
  6    ***    0.12929E-01    0.2807912926E+01    0.9610088254E+02
  6    ***    0.12929E-01    0.2840187787E+01    0.9580581900E+02
  6    ***    0.12929E-01    0.2872462648E+01    0.9303136940E+02
  6    ***    0.12929E-01    0.2904737510E+01    0.9672637221E+02
  6    ***    0.12929E-01    0.2937012371E+01    0.9950683593E+02
  6    ***    0.12929E-01    0.2969287232E+01    0.1087165674E+03
  6    ***    0.12929E-01    0.3001562093E+01    0.1143135110E+03
  6    ***    0.12929E-01    0.3033836955E+01    0.1000616489E+03
  6    ***    0.12929E-01    0.3066111816E+01    0.9594163122E+02
  6    ***    0.12929E-01    0.3098386677E+01    0.9076664734E+02
  6    ***    0.12929E-01    0.3130661538E+01    0.8755665926E+02
  6    ***    0.12929E-01    0.3162936399E+01    0.8402597463E+02
  6    ***    0.12929E-01    0.3195211261E+01    0.7915025767E+02
  6    ***    0.12929E-01    0.3227486122E+01    0.7953204441E+02
  6    ***    0.12929E-01    0.3259760983E+01    0.7802107873E+02
  6    ***    0.12929E-01    0.3292035844E+01    0.7564673646E+02
  6    ***    0.12929E-01    0.3324310705E+01    0.7521678138E+02
  6    ***    0.12929E-01    0.3356585567E+01    0.7691104960E+02
  6    ***    0.12929E-01    0.3388860428E+01    0.7487866934E+02
  6    ***    0.12929E-01    0.3421135289E+01    0.7385996222E+02
  6    ***    0.12929E-01    0.3453410150E+01    0.7774771274E+02
  6    ***    0.12929E-01    0.3485685012E+01    0.7993338641E+02
  6    ***    0.12929E-01    0.3517959873E+01    0.7768521462E+02
  6    ***    0.12929E-01    0.3550234734E+01    0.8303149718E+02
  6    ***    0.12929E-01    0.3582509595E+01    0.8238147918E+02
  6    ***    0.12929E-01    0.3614784456E+01    0.8162436113E+02
  6    ***    0.12929E-01    0.3647059318E+01    0.8373275954E+02
  6    ***    0.12929E-01    0.3679334179E+01    0.8937580706E+02
  6    ***    0.12929E-01    0.3711609040E+01    0.8988515186E+02
  6    ***    0.12929E-01    0.3743883901E+01    0.9772306421E+02
  6    ***    0.12929E-01    0.3776158763E+01    0.9642084600E+02
  6    ***    0.12929E-01    0.3808433624E+01    0.9758541314E+02
  6    ***    0.12929E-01    0.3840708485E+01    0.9089963332E+02
  6    ***    0.12929E-01    0.3872983346E+01    0.9386385852E+02
  6    ***    0.12929E-01    0.3905258207E+01    0.9532496163E+02
  6    ***    0.12929E-01    0.3937533069E+01    0.8757373027E+02
  6    ***    0.12929E-01    0.3969807930E+01    0.9241328523E+02
  6    ***    0.12929E-01    0.4002082791E+01    0.8876180716E+02
  6    ***    0.12929E-01    0.4034357652E+01    0.8774614694E+02
  6    ***    0.12929E-01    0.4066632514E+01    0.8349204906E+02
  6    ***    0.12929E-01    0.4098907375E+01    0.8138265346E+02
  6    ***    0.12929E-01    0.4131182236E+01    0.7831571612E+02
  6    ***    0.12929E-01    0.4163457097E+01    0.7939466011E+02
  6    ***    0.12929E-01    0.4195731958E+01    0.7671292837E+02
  6    ***    0.12929E-01    0.4228006820E+01    0.7381472107E+02
  6    ***    0.12929E-01    0.4260281681E+01    0.7618135922E+02
  6    ***    0.12929E-01    0.4292556542E+01    0.7556796815E+02
  6    ***    0.12929E-01    0.4324831403E+01    0.7579542554E+02
  6    ***    0.12929E-01    0.4357106264E+01    0.7481536632E+02
  6    ***    0.12929E-01    0.4389381126E+01    0.8050256699E+02
  6    ***    0.12929E-01    0.4421655987E+01    0.7712940035E+02
  6    ***    0.12929E-01    0.4453930848E+01    0.8056133847E+02
  6    ***    0.12929E-01    0.4486205709E+01    0.8099458256E+02
  6    ***    0.12929E-01    0.4518480571E+01    0.8230512486E+02
  6    ***    0.12929E-01    0.4550755432E+01    0.7995763097E+02
  6    ***    0.12929E-01    0.4583030293E+01    0.8051552966E+02
  6    ***    0.12929E-01    0.4615305154E+01    0.7901411889E+02
  6    ***    0.12929E-01    0.4647580015E+01    0.8026644054E+02
  6    ***    0.12929E-01    0.4679854877E+01    0.8069078515E+02
  6    ***    0.12929E-01    0.4712129738E+01    0.8135431890E+02
  6    ***    0.12929E-01    0.4744404599E+01    0.8034011161E+02
  6    ***    0.12929E-01    0.4776679460E+01    0.8340021143E+02
  6    ***    0.12929E-01    0.4808954322E+01    0.8573317748E+02
  6    ***    0.12929E-01    0.4841229183E+01    0.8575928374E+02
  6    ***    0.12929E-01    0.4873504044E+01    0.8673257018E+02
  6    ***    0.12929E-01    0.4905778905E+01    0.8521208180E+02
  6    ***    0.12929E-01    0.4938053766E+01    0.8548154593E+02
  6    ***    0.12929E-01    0.4970328628E+01    0.8302019515E+02
  6    ***    0.12929E-01    0.5002603489E+01    0.8427609631E+02
  6    ***    0.12929E-01    0.5034878350E+01    0.7788459517E+02
  6    ***    0.12929E-01    0.5067153211E+01    0.7758218721E+02
  6    ***    0.12929E-01    0.5099428073E+01    0.7558920025E+02
  6    ***    0.12929E-01    0.5131702934E+01    0.7635260079E+02
  6    ***    0.12929E-01    0.5163977795E+01    0.7680627965E+02
  6    ***    0.12929E-01    0.5196252656E+01    0.7715276334E+02
  6    ***    0.12929E-01    0.5228527517E+01    0.7520549019E+02
  6    ***    0.12929E-01    0.5260802379E+01    0.7285594205E+02
  6    ***    0.12929E-01    0.5293077240E+01    0.7629780895E+02
  6    ***    0.12929E-01    0.5325352101E+01    0.7789594394E+02
  6    ***    0.12929E-01    0.5357626962E+01    0.7781917005E+02
  6    ***    0.12929E-01    0.5389901823E+01    0.7739461132E+02
  6    ***    0.12929E-01    0.5422176685E+01    0.8010691115E+02
  6    ***    0.12929E-01    0.5454451546E+01    0.8073169909E+02
  6    ***    0.12929E-01    0.5486726407E+01    0.8130103977E+02
  6    ***    0.12929E-01    0.5519001268E+01    0.7893039702E+02
  6    ***    0.12929E-01    0.5551276130E+01    0.7833949665E+02
  6    ***    0.12929E-01    0.5583550991E+01    0.7845222303E+02
  6    ***    0.12929E-01    0.5615825852E+01    0.7968498140E+02
  6    ***    0.12929E-01    0.5648100713E+01    0.7642064009E+02
  6    ***    0.12929E-01    0.5680375574E+01    0.7788308354E+02
  6    ***    0.12929E-01    0.5712650436E+01    0.8063321436E+02
  6    ***    0.12929E-01    0.5744925297E+01    0.7800403440E+02
  6    ***    0.12929E-01    0.5777200158E+01    0.8208650241E+02
  6    ***    0.12929E-01    0.5809475019E+01    0.8141923560E+02
  6    ***    0.12929E-01    0.5841749881E+01    0.8351322780E+02
  6    ***    0.12929E-01    0.5874024742E+01    0.8129652031E+02
  6    ***    0.12929E-01    0.5906299603E+01    0.7755249742E+02
  6    ***    0.12929E-01    0.5938574464E+01    0.7650261539E+02
  6    ***    0.12929E-01    0.5970849325E+01    0.7517703146E+02
  6    ***    0.12929E-01    0.6003124187E+01    0.7731961630E+02
  6    ***    0.12929E-01    0.6035399048E+01    0.7449099904E+02
  6    ***    0.12929E-01    0.6067673909E+01    0.7050283866E+02
  6    ***    0.12929E-01    0.6099948770E+01    0.7037198341E+02
  6    ***    0.12929E-01    0.6132223631E+01    0.7077464944E+02
  6    ***    0.12929E-01    0.6164498493E+01    0.7756802551E+02
  6    ***    0.12929E-01    0.6196773354E+01    0.7790231383E+02
  6    ***    0.12929E-01    0.6229048215E+01    0.7682562057E+02
  6    ***    0.12929E-01    0.6261323076E+01    0.7355968743E+02
  6    ***    0.12929E-01    0.6293597938E+01    0.7256876245E+02
  6    ***    0.12929E-01    0.6325872799E+01    0.7336464871E+02
  6    ***    0.12929E-01    0.6358147660E+01    0.7579565852E+02
  6    ***    0.12929E-01    0.6390422521E+01    0.7731497323E+02
  6    ***    0.12929E-01    0.6422697382E+01    0.7492421398E+02
  6    ***    0.12929E-01    0.6454972244E+01    0.7475798863E+02
