  -9.7560108426342254       -6.6020000779735817     
 -0.12115608939808500        3.1475370043476154     
  -12.204188088162299       0.10764737965086385     
   5.7213272993603725        12.648426735093548     
 -0.91257836071556919        6.0497900207171327     
   11.838347895787045        1.2055710192087818     
   5.4681690535220069       0.70919394364334587     
  -6.1906236735481057        7.8588143732498281     
  -8.4068032187519961       -6.0703621281701627     
   4.2468691825662752        3.0758371326874876     
  -2.9084558790647996        5.4827708566393518     
  -5.1936418542242482        7.4665917031628801     
   8.6264100267054893        2.6533485189550610     
  -12.522039644888627        3.3453850727031931     
   1.7773335025589005        1.1987121486798442     
   8.5473823399431303        10.901897065161680     
   8.8024672392795740        8.1622874528203493     
  -11.348451381914819        1.0933567954717387     
   11.859739331639519        2.4651348257794221     
  -2.3618958817700801       -12.559104512078047     
  -6.0106202035656295       -9.8949640780629924     
   12.324123150767047        7.8772007200875063     
  -7.9612912547173122       -9.1888479871315702     
  -3.7500366275911632        14.826720363331638     
   3.0554399111272388       -3.3486395674062281     
   11.919547080159095       0.24831156235934498     
  -3.4803026382742104        6.7244403924162244     
   10.571919223919338       -3.9325406976384358     
   3.7035594538486261        13.665947474341291     
   3.7304561825078930        7.6448010197594654     
   12.616016672510558        4.3711799593391394     
   8.8228417822133203       -8.0186056487696060     
   3.2806595255772217        11.387067463908052     
  -1.9988613281073107       -8.2781596382642437     
   8.0792024281271289       -10.897517557303527     
  -4.4364785288704569       0.51644580310720811     
  -2.3244627859409279        10.187417537041485     
 -0.53917675389751629        5.6139102930691021     
  -4.6043668771868687       -7.5134253297539875     
   11.964109639388841       -8.9500926058946835     
   9.0351066382350895E-002   7.7448506785571851     
  -2.7698656586307813       -6.0164314082633714     
  -5.0308292249474853       -1.9102710230965805     
  -3.3322825878938764       -6.7385637733846675     
  -1.5523818017883053        3.3644118999256754     
   6.8361272902297499        3.3271283897341490     
  -5.2118052050486749        9.4833576935734794     
   6.9445071128868792        4.7966525867399170     
   11.210322467683685        2.7338053368143060     
   6.2889551229270904        13.637165596565771     
   4.1562164006931201       -1.8830249170312472     
   6.6694186423205295       -2.1374852805451932     
   8.0245096966548655       -6.6688993985487857     
   9.6166941574817475       -9.9105047801935413     
   11.323679464082517       -3.4461566551075524     
 -0.39528792951011271       -13.339223787589839     
  -6.0454794417530398        4.8516698497313451     
  -14.274340731643008       -1.7425641591395551     
   4.3358544501175835       -8.4673689496535172     
   9.6019235895675710        6.1830685763235671     
  -6.5798192460693556        4.9813470115605289     
  -12.500071781886154        7.3724702579558379     
 -0.65917849683217933        4.6736057190299318     
   10.333989183259080        6.7239940365152560     
   13.235837652120370       -3.3509478126032577     
   1.9406347282144492       -6.7529581240253265     
   7.3606849648884802        3.8335279394980390     
   10.071654482374932       -8.6246858585860195     
   5.2072942445138644        11.465130543661971     
  -15.197438915482477       -1.7547730069296581     
   8.1136731244172768        1.6122228462103512     
  -7.4962139548160307        13.347861007735807     
  -2.7725754665035036        6.0987027010850250     
 -0.78729112394989875       -2.7979592532513298     
   7.1082241786781658E-002  -9.5739110430814733     
  -1.4028379466780616        4.4124103456157284     
  -4.6298279369749560        1.4574954476636348     
 -0.13902289113612953       -5.0484959039428237     
  -7.0065889356515259       -11.353215997623090     
   3.5153733465532953       -6.3851477878821790     
 -0.74659332392039435        3.4029345683649148     
  -5.5375088157487564        8.8554299320321839     
  -3.0114653546110062        9.6138213567184199     
  0.14137252647067694        6.7932579282226886     
  -2.0284079790300118       -4.8197418375962844     
  -5.1838151651201416       -4.4699465906193616     
   13.729520630211141        5.0333934232052622     
  -12.314087549609303       -4.7989608178733745     
   2.6669264898306171       -12.226969053454091     
  -5.0729257510572570        5.4762815086063110     
   13.068918945439075       -4.4631247662863256     
  -7.7571436129193847       0.74502943269400501     
   7.5425695623317424        1.0120023826084203     
   2.5687902633125232        14.930010647229993     
  -1.1050664291877974        12.266949548542891     
  0.46490043706536116       -12.410021855351594     
   11.016481614801156        7.1152545104540454     
   12.777518818982063        1.0864924372704383     
   3.0132324384929152        8.6984629788940104     
  -2.5486053224412060       -13.837225748657708     
  -5.4167519624762948        10.806860569715097     
  -9.0091318197468020       -2.8535496248658618     
  -7.7200396008295415       -13.186559306481346     
   10.309364150265687       -10.823668141636167     
   1.5834560519055345       -11.398285025282872     
  -2.6867436028761400       -10.790204954373918     
   5.3620473690181996        5.0756489374133018     
   14.126053976708155      -0.38599007223049947     
  -7.1547579847611802        8.0143726256044783     
  -2.1816850063992046        1.4938242579827818     
   12.315085899991983       -8.3850969038692060     
  -1.1969871691233138       -3.8832118285314237     
  -11.065746823589940       0.18694303429836354     
   9.3665618764162577       -10.964832960775812     
   5.5446035636699698       -4.1668500534066473     
  -14.475513319688892       -4.4420164071952346     
   11.975437686266108      -0.84941301147067294     
  -2.6171006925168756        14.870317704846466     
   11.865746117397597        3.2291811391434448     
  -12.678290902179763        3.9965945648342522     
  -10.443188539706457       -1.5624642263629118     
  -11.719413733029764        2.9469106382884700     
  -2.6075124275210384       -3.3781123236347419     
  -7.0637363542186575        6.0083843202334943     
  -2.6943585725809087        11.987165238000312     
  -14.127733386409453        5.9002343816526954     
   12.578282487711448       -2.4386859626296307     
   1.1023413480075888        12.038968710026840     
  -7.6646048790202688       -5.7596811454227668     
  -10.449270012629055       0.60631247607660144     
   5.1385514295196399        3.0010847226002575     
  -10.993074480399700        8.5691356109813075     
   1.7651300130537710        3.3445942079971847     
  -15.214456458352402       0.83088036836144419     
   3.0008024044816421      -0.27090394882585755     
   6.7697012029301256        10.987193554376077     
  -9.9437072570359852        10.503030295515252     
  -3.1942783012638944       -13.168643609448804     
   4.1038252547917953        4.3027609740189137     
   7.7586364119843871       -1.0908696002834988     
   3.1908088159271148        7.6583624171527491     
  -12.276109138810353        6.4907618693376703     
   8.2652369189480019        11.496426301156250     
  -6.0345337949657498       -8.9546784558232471     
  -8.9572211139766473        8.3382030603164505     
 -0.36573822567911946      -0.12854321044034395     
  -9.4836905517927335       -1.7723997810931396     
  -3.6597603067465059        3.3800432742178548     
   9.2795719219804358       -6.2684984824395782     
  -8.9720649927062688       -4.9657893567980986     
  -13.826441624024602        1.0993313107465659     
   3.6498701501434474        10.373008824604247     
  -3.5649060469039737       -11.002958072511145     
  0.33793121894417205       -3.1274067068113967     
  -7.0969594257583726      -0.32937421692829905     
   4.2093659641388355       -5.8973879770102435     
  -1.1577817398141745       -11.569723188232517     
  -7.3316621204324806        12.060071451281804     
  -7.4241290552527044       -2.7812744028711931     
  -8.4704431947303647        5.7275754043455045     
 -0.18520296302757677        1.6769763503402686     
  -1.8440420859682485        6.5079340152745004     
   6.0788104569585037        9.6976312666738238     
   2.2537049064665715        13.506250505770657     
   3.6641036084868519        4.9994075339381983     
   3.2522978048874402        12.200077789838680     
   3.8852047992134584       -9.5496490857395901     
  -7.1607351436322340        5.0558998851368822     
  -8.0901498442003970       -3.1161546332671799     
   6.7864179802899178       -5.3748553417999716     
   2.6990386105756019       -7.2313850267958193     
  -8.5831549031111880        1.0972226531942961     
  -1.7793674557624102       -14.803938457060257     
  -4.8406205549413697        10.425095968096466     
  -4.6368490218610727        4.6389231833236737     
  -2.1348074099622951       0.97413023533747434     
   5.9570639711450433        12.184086425016774     
   15.223404397464378      -0.18865101730256584     
  -11.391016381289328       -1.4929356406064311     
  -11.279890814118852        3.4571135968175866     
  -10.129356334657565       -5.8807454250910238     
  -2.0803078267828607       -11.695672253755761     
  -7.6392826843797588       -1.7952502380726407     
  -6.7286654165374697       -8.2492269443084112     
  -13.456856778839251       -7.2990054685844621     
 -0.47237382783103909       -12.162686526564976     
   10.470164174856222        5.8823917146095690     
   2.4789471131361758       -1.2335047706172200     
   3.1600584268217635        5.1829537777542409     
  -6.1818822264516298        1.1043131911594710     
   13.565650568340372       -2.7254782917637810     
  -5.0604541115430957        11.239079979143439     
   2.7184636936510125       -14.374525957693370     
  0.11281702044273746        4.5974268547680381     
   3.1428600743362316       -5.0066069916481730     
   12.596086308565877       -2.8941984476665734     
   13.761313055786134       0.73392811114770484     
   4.4577250640765014        14.642241210435154     
  -11.833918855389189        6.8181960754114854     
   1.7760809661800294        12.781612466513028     
