  -11.234197338600874        7.3570111568164300     
  -12.700533645019473      -0.54621805339276719     
   13.495924456765296       -2.9703188793076771     
   4.6674181519557951        2.8463765765079145     
  -11.718454910538021      -0.73914444180735206     
  -6.2983784774040270       -6.8773700573196495     
  -13.322362733016003       -1.3305073152920326     
  -10.801477929683456      -0.34007128059990666     
  -9.5591298639444151        10.399236813372116     
  -8.6159789995463836       -9.4002320447261951     
   7.9218500947062189        9.4410113411815857     
  -1.9711774735016510        2.7022241896208090     
  -10.447371662586947       -5.0756344069454515     
  -9.8785256778593649       -8.4136921977161858     
  -3.0165009157694240        14.022197891910434     
  -2.0595305946049947        14.312070719716758     
   4.9928707571037094        14.019964761430840     
  -10.145949591212110       0.41508700347570221     
  -13.888696374901549       0.91384519496390337     
   4.2764006825887604       -8.4687396921969356     
   7.5127751794687381       -5.5284544378102964     
 -0.31665439865775080      -0.21121782392210472     
   10.829754954635346        10.091601794159114     
  -6.3447607907719732       0.43528209945891388     
  -10.387575238098393        4.4749527922431245     
  -4.8898970684248972       -10.236268055719316     
   7.6270158482486492        5.1887815661873828     
   3.5675783128751224       -10.830171004476860     
   2.6399256308297732        9.7343666670683167     
  -7.3314804321412748       0.59956232122354347     
   4.7837489455441613        13.041744003416435     
   10.313711033234680       -3.8840821189773749     
  -3.7289679730877556       -1.3126966665086923     
 -0.43862730303237102        3.5325784832050040     
  -12.509018276492952       -3.0197465973649682     
   4.2450951317044998        6.0248688886063864     
  -5.3496797657854387       0.33920304700840820     
   8.9673684826936082       -8.7274208574794461     
  -1.5933798645195314        8.1293504902790712     
   7.1881677007191680       -4.5819933884880593     
  -1.4352024312182106       -8.2518505459202487     
  -9.1638705837251759       0.22575929587498283     
  0.30051110937692177        8.8896979619928214     
  -1.4780815314217504       -7.2527774524205455     
   4.3233299927863378        12.153743278081976     
   3.0787428143685784       -7.8998783303567910E-002
   5.7697180348472186       -5.1067989861947058     
  0.76712191560980603        4.7980673237535907     
  0.58157869715014088        2.0226702375479513     
   8.7734937288194974        11.757202768015167     
   1.6839383994006578        10.028276520565987     
   12.969785123565961        8.1349556567585406     
  -3.9024878408466259        11.302730981559510     
   6.0106336135297651       -7.0211038645750019     
  -11.749903386924158       -3.6703674571838967     
  -5.0239270082953755        3.5028858566863703     
  -13.179454651684086        1.6185943634457458     
   10.300038676036543        10.943228181367690     
  -2.3215833831724422       -7.7899039346584242     
  -6.0228936831223576        3.4661683075240934     
   2.2456726572594485        13.681684703769596     
   7.3144490708562335        4.2394507614538499     
   7.3898257777110326       -1.9220651468674588     
  -6.0337048508077649       -8.4863749342957071     
   8.1695670015586508       -4.7744735391205593     
   9.2918439751364552        4.3804127278878680     
   4.5151155685434468       -1.8619378952917465     
  -11.110605604276028        6.3648726229793464     
  -3.2952592444520072       -13.896082541366560     
 -0.63397332193381684       -6.7169443507775508     
  -7.4308382303913758        1.5946105387852059     
   4.6963668303075199       -13.838616960436763     
   12.901295730059472        1.2319983914430626     
  -7.4703548961175041        13.365063894412824     
  -9.7327638263902596       -5.7745499839404175     
  -4.3981247807651789        3.1736505803335230E-002
  -1.7218854584636196        7.1378760504375514     
   11.115795414503365        1.7937322934780573     
  0.91509868874727174        1.0797360267591571     
  -1.3490172995649214       -3.8853481684077642     
  -11.127708161964810       0.60525961966184294     
  -5.1230821069260344       -8.0723507525707152     
   4.2257413183479020        9.0066022161463302     
   12.445593786896952        4.1246605992950842     
  -3.9079075901684068       -13.105588070352892     
   2.5138895098588905        8.7424938421893632     
  -12.346460655409711        2.1723299918684158     
  -1.9099481472727324       -2.0719557722198978     
  -9.0362912838872216        11.251049829155434     
   11.142899147815591        6.6580794265658607     
   14.657759750839441       -1.3426197392362667     
  0.12283313203397622        7.9057618452157170     
  -13.055852553035953       -5.3659389363636896     
   9.7963342680367802       -6.2804196009094060     
   3.7704480678026089        2.4040123586946947     
   11.815479579687265        3.3480291880118673     
  -9.5371372427865673        6.3380722968018421     
   5.1547777089361491       -2.6305545234956376     
   7.8121923769292563       -2.8281956052087720     
  -5.9060592404459751        9.8742851760048342     
  -4.2988963063825052       -7.5064054458158269     
   13.861638133978982        1.5111051913973950     
   11.594705376848021      -0.52632245661792310     
   14.055530028215532       -2.1414365787192113     
 -0.79937392864306178        7.5215140126089812     
  -9.8195804996654736      -0.52995093091337175     
   6.2519247647146283       -4.2308797504771638     
   4.5175288102981765       -3.4012682519387218     
  -3.0895570538523174       -12.530939150577325     
   1.3845563797991132       -13.265483483063260     
  -5.4905753876200398        2.6188284146071656     
  -2.8416820009854566        6.0052705049325361     
  -4.8496792702559128        7.5200983773182601     
   2.6030111232558251       -2.9743235339894829     
  -5.1205911543286443E-003   6.9139142495281458     
  -5.5253923010828734       -11.875659704651488     
   9.3005549590283820        10.907127833276720     
  -1.8518348390092163        6.1466000589536396     
   3.4820050142862926        6.6704075653988308     
 -0.59114058576656536       -7.7159654644288533     
  -11.764692790990402       -9.0459306113040387     
   3.1671859868254133       -12.597091679368598     
  -12.031801165943520        6.7535725607058392     
  -7.9603139540251986       -10.842777741875709     
   2.4831914725964332        6.7243523965350205     
  -13.241607643083317        2.6168732033605031     
  -4.5538227098911230       -5.0097978530710803     
   4.3087666942260165       -10.159281351052492     
   9.5135115931666761        8.7299281366184172     
   9.6756080494689378       -3.1137133217783695     
   1.2842435914943220       -14.260213824108822     
   5.2413281216935372       -8.7316414635511475     
  -8.7699208156164783       -5.5055512038092447     
   8.2936153642668486        4.4435693057866965     
  -11.425653772568717       -1.6961756280717348     
   8.6939776462864788       -3.2998042538667263     
   1.7450634649798682        4.5876721318474489     
   4.5198348408825826       -11.136983665129835     
   9.8277241830362492        10.057744478057971     
  -3.9671669097623052       -10.621302688704231     
   6.8822794715226960       -12.970842925064780     
   7.4368834377681905       -11.181183033839028     
   1.5098710855683608       -4.6887615363905653     
  -3.5735050973767084        8.3560271852812846     
  -9.9032259083036251        2.5382017119986799     
   9.7897617639283983       -7.2804814377522611     
  -1.0929697637995128       -13.177501194157168     
  -10.203319046758139        3.4920415763362436     
  -7.4856035760642179        2.5929426752799536     
   6.2355563692216567        6.6444505277264563     
   1.4388281963508311        5.5394819736000906     
   9.2011030726519358       -10.556648541787379     
   3.4101306860128342        3.9301049374933927     
  0.66226566053148239        6.1691395922863883     
  -13.231854667875036       -2.3277526430624489     
  -5.8430322888055288        7.6349871453689406     
  -10.806861181646566       -3.3395533818874985     
  -2.1885175105832073       -4.4284649892318511     
   1.0686540307191357       -1.6550785721452441     
 -0.92827842146373907        6.5297130305143476     
  -12.994581209652639        3.5859689400740216     
  -4.7035256432001624       -1.5385549383482788     
  -10.789001161078801       -8.8277238528751081     
   8.2009998221307505       -10.535683578603134     
  -9.4840700025560238       -4.8061204566527520     
   5.2305642822847700       -1.1633321504535574     
   6.4382550167596087       -11.230474392547693     
   6.8630809248713947        10.923169496726507     
  -2.1291608049664346        3.6894599369596555     
   2.9859020095592568        3.0243697446752433     
   15.264761137491913      -0.54779569446029053     
  -1.2985308778396478       -4.8840967462721334     
   5.4378745798031058        4.0750890646005740     
   10.988233810208435        2.7856807089298115     
  -9.2269611963364593        3.2746661073513992     
   10.283019392203579        8.0918361049254113     
   7.8455101348701595       -3.8283650601905745     
   10.647667070374339      -0.84800414632868060     
  -2.2778302644687924       -8.7892778216125187     
  -2.5166951152492461        7.7447289023340868     
  -2.2868912563549983        13.338396197615609     
   6.2338415733895882       -12.209690062823642     
   1.9349552766932185       -8.7831260160584250     
  -5.1403249048229922      -0.63869279526463718     
  -8.2270825964341565        3.2631367701000062     
   5.5035312971060391       -3.5678842875928694     
  -10.582267829226559       -6.3019684027841230     
   7.1845639295278589        6.3278095785360993     
   8.0383784121999632E-002  -11.546816567524893     
   12.634952748690765       -3.4783199107208898     
   1.6071964777503589        11.025441214442406     
   2.4134976257467442        3.8437606567365781     
  -11.564644731086592       -2.6874213728017784     
   6.3466483557837456        4.4923979925454391     
   2.9450146871313954       -6.1005703549812651     
  -10.313340348220814        6.9685459047066480     
 -0.41043835704457898       -3.5386289071517893     
  -8.5446865161220913       -1.7332495703612782     
  -2.7545136369577095       -1.5362799353407672     
  -2.6361917855212460        12.401773998226636     


