   2.4159197982654468        4.2353167488700505     
   4.4946185355684358        13.409797333065578     
   8.1062372650316146       -12.895108416117456     
   3.0330801052907850       -8.6786000301929000     
  -10.305046981929250        7.9496467571411635     
   7.7896473048103969        11.031868327832074     
   11.473086337986203        4.7418531196691154     
  -3.3858477834982792        9.4943455217003336     
   4.7564104897107899       0.35749118872355240     
  -6.6773031902224300       -8.5305408221874544     
  -3.4096242493632540       -13.999469826249916     
  -5.5663631868732084       -2.4272547627697305     
  -6.5593592712987014       -2.5481380353256160     
  -9.8083950089506349        2.2651689973667053     
   15.243822696261608       -1.4129323303973724     
   8.8670285624221847       -4.0351068881483672     
  -2.4078381179257904        3.8160050777034917     
   10.771645286440890        9.2183369859964888     
   10.806822487087384      -0.31089040535531448     
   5.4963606231364954       -9.5297471632622663     
  -2.7884479178994503        1.4967311499131493     
  -2.4099389029127254       -14.002103786204881     
  0.11278172424993935       -8.5315698269604461     
   2.8401304159712741        3.3297209405590347     
   10.750445175126959        10.217976814473934     
  -3.7812152037803819        1.3738981699786388     
   4.0549059470876010        11.646896879034031     
  -1.1673484658417768        5.6988659817034648     
   12.191163481638741        8.2260127366932245     
   15.028384366632915      -0.43677378244618359     
   8.0903403608456550        11.988848144511751     
  -11.807817861018416        1.8110210865675511     
  0.71798660012659687       -1.5608597431357107     
   6.1830598451869943       -10.256351571211242     
  -3.2503349756003765        6.6655556631834179     
  -6.1255088573425374        9.7089097505682780     
  -5.7759580007067353        1.2193793962697619     
   4.7096022318170681        7.3839196567197343     
  -5.7292660852192441       -11.208247475709745     
  -10.852919724321680       -1.1013792887582436     
  -4.2128924698327159       0.47239144710654901     
   8.9205459280012356        8.1631422568964135E-002
  -5.1045480184785461        6.1457493327391175     
 -0.20833390575706864       -1.1841930333818047     
   5.7555474105765700       0.37155820464876510     
   1.3735431552272954        5.6445938162793752     
   11.195357546878885        8.3127646412107943     
  -1.7575996158975669        8.7370008712010385     
   7.3962404801609605       -5.0923100173886677     
   7.4083134387384497        6.5671947441226521     
  -4.5101301422611471       -12.038668434794088     
  -12.754150374973868      -0.65955135528894948     
   2.7763298110724781       -2.2861211403452995     
   3.8010334417316463        7.8009477112552652     
  -9.2861489144908251       -4.9537067590835386     
  0.66842582035754061        1.8753543280110201     
  -4.6446980454251481      -0.42970552008744284     
   9.8953195504205720        9.7005574745400320     
   8.7868371284281217      -0.90945060082770635     
   9.2017789349113919       -8.6486374006092657     
   2.7598168398804450       -13.962767370982013     
  -11.570066159006821        2.7821959132027829     
   9.0990225256892945        10.306155250903128     
   4.5832589324970598       -9.9370761285789975     
   13.250859842563926       -7.0080308350543890     
   2.2608515656996273      -0.67917046631452616     
  0.96554748698221682        12.732999229667897     
  -6.9813771565336484        9.1924827968734206     
  -8.2692670162542239       -10.646876294941768     
   9.2149548342221657       -7.6486679448338624     
  -9.3083479580250774        8.0358356349441742     
   13.674353253046485       -2.5925254562993834     
  -1.1553137756812701       -1.5064573194776398     
  0.99968266477663703       -15.278593684894807     
   8.5318217290176417       -3.0925940656542341     
   8.7687844755844910        11.249962563536293     
  -5.3459173472540051        2.1215077736338368     
   9.3621038382606496       0.97916428913061149     
   8.4035546637859984        1.2647847523865352     
   10.282263317836895       -11.344218386412482     
   8.6936776803722324        3.5062093444257174     
   5.1175581365509100        9.5942132388892531     
  -2.7270686943684153       -2.8675017641422684     
  -7.3131339123913799       -1.8918333954225330     
  0.89203442890659856       -10.328714119243205     
  -10.728397790352123        7.0434852352102864     
  -5.2096446453133662       0.39485220284169070     
   10.777917697352411        6.6054744778994925     
  -12.775795492772147        2.0629731291581765     
  -10.083920279429183       0.49292158244850781     
   9.9087464108928476       -6.9289360104889663     
  -6.7759546656903265        1.2237607251627454     
   1.9933246869672108        10.653136934135190     
  0.68896522941599025       -9.3493797903103815     
   1.7998443209585124        13.285547141132808     
  -2.7363152371388284        13.044449211325654     
 -0.63706647169592989       -11.611254552262151     
   7.1324987491971399        7.5283573086375553     
  -6.8761880720491781       -13.679018821054534     
   12.031956529533307       -6.2999938853905455     
  -3.7462798877318506        8.5619174627873331     
   6.4498086310804235       -2.9557791531073008     
   4.8897786774796801        4.9842989300562808     
  -10.155377190979920        6.2238556549888759     
  -14.733811617068580        2.4327810903549074     
   1.0217230398866737       -5.9989688315357208     
  -12.799695491494406        4.5530562460159461     
  -4.6272762477166784       -2.7702139768381238     
   11.768081490185866        9.1326360227138146     
  -4.1044800035269731        6.1459277837774007     
   3.7585458512568009       0.41385360884025119     
  -4.7786920378388453        1.2974269614585827     
  -5.5514261360179438        3.0996609953529246     
  -13.770325667116353        2.1636414064570286     
   1.7325648360475259       -10.870166984640401     
  -2.9849756418825737       -3.8342418876763213     
  -8.3349060440672833       -9.6490773205643148     
   9.9182347231937431       0.14797638075826744     
  -8.4939366280696795        12.279144510179913     
   11.761127724036262       -1.1595773462583291E-002
  -7.4381021469116755       -10.092015729972841     
  -4.0577208311591937        12.754009529206858     
  -4.3978828097856173       -13.842976386659576     
   2.7251692992030070       -3.2851707156600041     
   8.4902626376090945E-002  -10.919011509678567     
  -8.3664410886793945        1.9092650843407295     
  -5.2740748348895163        13.194300439822262     
  -1.7389006249137489        12.970653525830441     
  -14.227565689975970       -4.4572399027444405     
   9.3730264307390385       -10.928013540629125     
   4.6872156323156107       -8.9422391067829796     
   2.9805270540777848       -7.6800631845810763     
   1.8437103262887753        3.4152875154457489     
  -4.3760690980366537        11.806065423263735     
   11.758545477363807        6.4117358205556449     
   7.7253407187816148        3.7567986986051629     
   4.2453675724028725        10.083122963608020     
  -2.2831964239272367       -4.5464266266889322     
  -5.4993337066063424       -12.181171579224227     
  -6.1062838281818710        8.7089057304845134     
   3.2307347403514082      -0.43570385176167775     
   10.199073636159833        8.3985417081915248     
  -7.3735168425869482        2.0253088009442943     
   1.9646259886174917        6.4512502709355566     
   7.1147732589527273        11.769446748577826     
   13.773690139612423        1.6995899344658665     
  -1.5568021178973728       -5.2340167113712885     
   14.431222635243470        4.9768722951195796     
   9.8868064324792311       -10.070229625931336     
 -0.56603700537686230        10.774846944756371     
   9.7778853779548989        6.6279569656687238     
  -3.9477092576345956        14.638328324592731     
  -3.6927938869872725       -3.1274978892128007     
  -6.7529670018156622       -7.5335577134978804     
  -5.7821337284968672       -8.9759563627003534     
   5.6580462467649530       -14.224732753024433     
  -10.458922468769337        5.2710954540915846     
  -2.9891566393723452       -8.5667533157763103     
  -7.7691595465571774        1.1070092608034137     
   12.686564606063490       -7.8333361712249321     
   1.9991588726068148       -3.9729723387107230     
  -1.4434993419996269       -14.259216945772652     
  -1.3133034630951894      -0.51912115960192651     
  -3.2502798358973308       -4.7984620988907238     
  -9.7324406884348242        7.1301245570299638     
   3.2810062381914777       -6.7262229449948148     
  -3.3219422147252491       -6.9898346622222371     
  -5.0067026273857724        3.9376273644160946     
   5.0479638249302852        2.6649457682510898     
   9.4672412180986019       -11.923230950889852     
  -1.3325826812794412       -15.253058797507775     
   4.6825574364924449       -14.006570950962246     
 -0.30734030357172931       -9.4393289675370422     
  -4.8809858444529350       -12.967296365570467     
   13.469709008360342        2.6522421107547913     
   10.097698805308717       -9.0926351895771820     
  -12.510002963239332        1.0991488859233205     
   1.2622570809921190      -0.72174579258840443     
  -1.2440634035420415       -12.406075392357296     
   1.3115187351377038        8.6714294845012549     
  -2.7579264532812120        8.7162811748218783     
  -1.7044952924601393       -13.293692314281596     
  -7.5790321623062722       -8.0973744895370920     
   12.339640512276581        4.2437024232993421     
  -1.1783142098284134       -7.1424605959515732     
   4.3436233710396834        3.3748716848945324     
   14.831156224527755       0.54388041525960718     
   8.9904759182621792       -9.6266144488610532     
  -6.4997909548339026       -5.6416321580057804     
  -5.6414755425076182      -0.50693279073468112     
   3.7740969013128702       -9.3497898222746851     
  -11.147359011410872       -8.4946751517366241     
  -7.5030328066892533       -9.0943395587941485     
  -8.4424590433221933       -7.5933063946310169     
   5.0170871965948640       -2.9176128146986566     
  -7.8619243826411322        4.2759748752177922     
  -9.1590640852404999        6.3103230776053527     
   4.6331260462276740       -3.8415393519045082     
   14.080375762390995      -0.11717800070326537     
   10.217259459817523        4.6085763305208287     


