  7    ***    0.12929E-01    0.3952847075E-01    0.0000000000E+00
  7    ***    0.12929E-01    0.7905694150E-01    0.0000000000E+00
  7    ***    0.12929E-01    0.1185854123E+00    0.0000000000E+00
  7    ***    0.12929E-01    0.1581138830E+00    0.0000000000E+00
  7    ***    0.12929E-01    0.1976423538E+00    0.0000000000E+00
  7    ***    0.12929E-01    0.2371708245E+00    0.0000000000E+00
  7    ***    0.12929E-01    0.2766992953E+00    0.0000000000E+00
  7    ***    0.12929E-01    0.3162277660E+00    0.0000000000E+00
  7    ***    0.12929E-01    0.3557562368E+00    0.0000000000E+00
  7    ***    0.12929E-01    0.3952847075E+00    0.0000000000E+00
  7    ***    0.12929E-01    0.4348131783E+00    0.0000000000E+00
  7    ***    0.12929E-01    0.4743416490E+00    0.0000000000E+00
  7    ***    0.12929E-01    0.5138701198E+00    0.0000000000E+00
  7    ***    0.12929E-01    0.5533985905E+00    0.0000000000E+00
  7    ***    0.12929E-01    0.5929270613E+00    0.0000000000E+00
  7    ***    0.12929E-01    0.6324555320E+00    0.0000000000E+00
  7    ***    0.12929E-01    0.6719840028E+00    0.0000000000E+00
  7    ***    0.12929E-01    0.7115124735E+00    0.0000000000E+00
  7    ***    0.12929E-01    0.7510409443E+00    0.0000000000E+00
  7    ***    0.12929E-01    0.7905694150E+00    0.0000000000E+00
  7    ***    0.12929E-01    0.8300978858E+00    0.0000000000E+00
  7    ***    0.12929E-01    0.8696263565E+00    0.0000000000E+00
  7    ***    0.12929E-01    0.9091548273E+00    0.0000000000E+00
  7    ***    0.12929E-01    0.9486832981E+00    0.0000000000E+00
  7    ***    0.12929E-01    0.9882117688E+00    0.5543355841E-01
  7    ***    0.12929E-01    0.1027740240E+01    0.2580139216E+04
  7    ***    0.12929E-01    0.1067268710E+01    0.2562494681E-01
  7    ***    0.12929E-01    0.1106797181E+01    0.0000000000E+00
  7    ***    0.12929E-01    0.1146325652E+01    0.0000000000E+00
  7    ***    0.12929E-01    0.1185854123E+01    0.0000000000E+00
  7    ***    0.12929E-01    0.1225382593E+01    0.3495494794E+01
  7    ***    0.12929E-01    0.1264911064E+01    0.7372663269E+01
  7    ***    0.12929E-01    0.1304439535E+01    0.8190521461E+01
  7    ***    0.12929E-01    0.1343968006E+01    0.5918980252E+01
  7    ***    0.12929E-01    0.1383496476E+01    0.6574098673E+01
  7    ***    0.12929E-01    0.1423024947E+01    0.7880934346E+01
  7    ***    0.12929E-01    0.1462553418E+01    0.9134766999E+01
  7    ***    0.12929E-01    0.1502081889E+01    0.9361988901E+01
  7    ***    0.12929E-01    0.1541610359E+01    0.1472768859E+02
  7    ***    0.12929E-01    0.1581138830E+01    0.1763839693E+02
  7    ***    0.12929E-01    0.1620667301E+01    0.1792385940E+02
  7    ***    0.12929E-01    0.1660195772E+01    0.1853918592E+02
  7    ***    0.12929E-01    0.1699724242E+01    0.2550074119E+02
  7    ***    0.12929E-01    0.1739252713E+01    0.6660106291E+03
  7    ***    0.12929E-01    0.1778781184E+01    0.4872454072E+02
  7    ***    0.12929E-01    0.1818309655E+01    0.2789374018E+02
  7    ***    0.12929E-01    0.1857838125E+01    0.3420131342E+02
  7    ***    0.12929E-01    0.1897366596E+01    0.4617615416E+02
  7    ***    0.12929E-01    0.1936895067E+01    0.4694622343E+02
  7    ***    0.12929E-01    0.1976423538E+01    0.7302307444E+02
  7    ***    0.12929E-01    0.2015952008E+01    0.5775380958E+03
  7    ***    0.12929E-01    0.2055480479E+01    0.2548786579E+02
  7    ***    0.12929E-01    0.2095008950E+01    0.1879382409E+02
  7    ***    0.12929E-01    0.2134537421E+01    0.2023221268E+02
  7    ***    0.12929E-01    0.2174065891E+01    0.2153059751E+02
  7    ***    0.12929E-01    0.2213594362E+01    0.2230501564E+02
  7    ***    0.12929E-01    0.2253122833E+01    0.2578028388E+02
  7    ***    0.12929E-01    0.2292651304E+01    0.2591060926E+02
  7    ***    0.12929E-01    0.2332179774E+01    0.2549090863E+02
  7    ***    0.12929E-01    0.2371708245E+01    0.2362447828E+02
  7    ***    0.12929E-01    0.2411236716E+01    0.2601758029E+02
  7    ***    0.12929E-01    0.2450765187E+01    0.2966889675E+02
  7    ***    0.12929E-01    0.2490293657E+01    0.3080221107E+02
  7    ***    0.12929E-01    0.2529822128E+01    0.3935346162E+02
  7    ***    0.12929E-01    0.2569350599E+01    0.3917498167E+02
  7    ***    0.12929E-01    0.2608879070E+01    0.5152570412E+02
  7    ***    0.12929E-01    0.2648407540E+01    0.4440855303E+03
  7    ***    0.12929E-01    0.2687936011E+01    0.1071306897E+03
  7    ***    0.12929E-01    0.2727464482E+01    0.7351703719E+02
  7    ***    0.12929E-01    0.2766992953E+01    0.4881423321E+02
  7    ***    0.12929E-01    0.2806521423E+01    0.4110968418E+02
  7    ***    0.12929E-01    0.2846049894E+01    0.4441914294E+02
  7    ***    0.12929E-01    0.2885578365E+01    0.4131501338E+02
  7    ***    0.12929E-01    0.2925106836E+01    0.4416206820E+02
  7    ***    0.12929E-01    0.2964635306E+01    0.5200058418E+02
  7    ***    0.12929E-01    0.3004163777E+01    0.1868812098E+03
  7    ***    0.12929E-01    0.3043692248E+01    0.4393037042E+02
  7    ***    0.12929E-01    0.3083220719E+01    0.3632757782E+02
  7    ***    0.12929E-01    0.3122749189E+01    0.3743053935E+02
  7    ***    0.12929E-01    0.3162277660E+01    0.3405555431E+02
  7    ***    0.12929E-01    0.3201806131E+01    0.3767312833E+02
  7    ***    0.12929E-01    0.3241334602E+01    0.3968549662E+02
  7    ***    0.12929E-01    0.3280863072E+01    0.3579680828E+02
  7    ***    0.12929E-01    0.3320391543E+01    0.3693767034E+02
  7    ***    0.12929E-01    0.3359920014E+01    0.3939357948E+02
  7    ***    0.12929E-01    0.3399448485E+01    0.4187146280E+02
  7    ***    0.12929E-01    0.3438976955E+01    0.4729876382E+02
  7    ***    0.12929E-01    0.3478505426E+01    0.1294096421E+03
  7    ***    0.12929E-01    0.3518033897E+01    0.6367828238E+02
  7    ***    0.12929E-01    0.3557562368E+01    0.4981804604E+02
  7    ***    0.12929E-01    0.3597090838E+01    0.7470422340E+02
  7    ***    0.12929E-01    0.3636619309E+01    0.1663588350E+03
  7    ***    0.12929E-01    0.3676147780E+01    0.6293611599E+02
  7    ***    0.12929E-01    0.3715676251E+01    0.4746164948E+02
  7    ***    0.12929E-01    0.3755204721E+01    0.4244670753E+02
  7    ***    0.12929E-01    0.3794733192E+01    0.4335325098E+02
  7    ***    0.12929E-01    0.3834261663E+01    0.4311510157E+02
  7    ***    0.12929E-01    0.3873790134E+01    0.4133566741E+02
  7    ***    0.12929E-01    0.3913318604E+01    0.4439749668E+02
  7    ***    0.12929E-01    0.3952847075E+01    0.4539813441E+02
  7    ***    0.12929E-01    0.3992375546E+01    0.5625058287E+02
  7    ***    0.12929E-01    0.4031904017E+01    0.6078098529E+02
  7    ***    0.12929E-01    0.4071432487E+01    0.4148566389E+02
  7    ***    0.12929E-01    0.4110960958E+01    0.4145881189E+02
  7    ***    0.12929E-01    0.4150489429E+01    0.3993788959E+02
  7    ***    0.12929E-01    0.4190017900E+01    0.4112986131E+02
  7    ***    0.12929E-01    0.4229546370E+01    0.4456936172E+02
  7    ***    0.12929E-01    0.4269074841E+01    0.4081946760E+02
  7    ***    0.12929E-01    0.4308603312E+01    0.3988623346E+02
  7    ***    0.12929E-01    0.4348131783E+01    0.4466299520E+02
  7    ***    0.12929E-01    0.4387660253E+01    0.1075497570E+03
  7    ***    0.12929E-01    0.4427188724E+01    0.5129804095E+02
  7    ***    0.12929E-01    0.4466717195E+01    0.5020826801E+02
  7    ***    0.12929E-01    0.4506245666E+01    0.4661889002E+02
  7    ***    0.12929E-01    0.4545774136E+01    0.4681666593E+02
  7    ***    0.12929E-01    0.4585302607E+01    0.7170414771E+02
  7    ***    0.12929E-01    0.4624831078E+01    0.6362190389E+02
  7    ***    0.12929E-01    0.4664359549E+01    0.4754005558E+02
  7    ***    0.12929E-01    0.4703888020E+01    0.4472634440E+02
  7    ***    0.12929E-01    0.4743416490E+01    0.4698875446E+02
  7    ***    0.12929E-01    0.4782944961E+01    0.4541538032E+02
  7    ***    0.12929E-01    0.4822473432E+01    0.4336489713E+02
  7    ***    0.12929E-01    0.4862001903E+01    0.4641451846E+02
  7    ***    0.12929E-01    0.4901530373E+01    0.4770472892E+02
  7    ***    0.12929E-01    0.4941058844E+01    0.4513983603E+02
  7    ***    0.12929E-01    0.4980587315E+01    0.4674970376E+02
  7    ***    0.12929E-01    0.5020115786E+01    0.4992843639E+02
  7    ***    0.12929E-01    0.5059644256E+01    0.4259177679E+02
  7    ***    0.12929E-01    0.5099172727E+01    0.4416275123E+02
  7    ***    0.12929E-01    0.5138701198E+01    0.4416781132E+02
  7    ***    0.12929E-01    0.5178229669E+01    0.4289272467E+02
  7    ***    0.12929E-01    0.5217758139E+01    0.5155183929E+02
  7    ***    0.12929E-01    0.5257286610E+01    0.4665277817E+02
  7    ***    0.12929E-01    0.5296815081E+01    0.5780920819E+02
  7    ***    0.12929E-01    0.5336343552E+01    0.5643527784E+02
  7    ***    0.12929E-01    0.5375872022E+01    0.4897759437E+02
  7    ***    0.12929E-01    0.5415400493E+01    0.5341449765E+02
  7    ***    0.12929E-01    0.5454928964E+01    0.5028015246E+02
  7    ***    0.12929E-01    0.5494457435E+01    0.5199597736E+02
  7    ***    0.12929E-01    0.5533985905E+01    0.5564406685E+02
  7    ***    0.12929E-01    0.5573514376E+01    0.5794010216E+02
  7    ***    0.12929E-01    0.5613042847E+01    0.5812570974E+02
  7    ***    0.12929E-01    0.5652571318E+01    0.4996936558E+02
  7    ***    0.12929E-01    0.5692099788E+01    0.5095087639E+02
  7    ***    0.12929E-01    0.5731628259E+01    0.5292447060E+02
  7    ***    0.12929E-01    0.5771156730E+01    0.5028785739E+02
  7    ***    0.12929E-01    0.5810685201E+01    0.5286942525E+02
  7    ***    0.12929E-01    0.5850213671E+01    0.5321537048E+02
  7    ***    0.12929E-01    0.5889742142E+01    0.5293932825E+02
  7    ***    0.12929E-01    0.5929270613E+01    0.5472460213E+02
  7    ***    0.12929E-01    0.5968799084E+01    0.4979931732E+02
  7    ***    0.12929E-01    0.6008327554E+01    0.5296228281E+02
  7    ***    0.12929E-01    0.6047856025E+01    0.5261944201E+02
  7    ***    0.12929E-01    0.6087384496E+01    0.5574494333E+02
  7    ***    0.12929E-01    0.6126912967E+01    0.5653568160E+02
  7    ***    0.12929E-01    0.6166441437E+01    0.5434235505E+02
  7    ***    0.12929E-01    0.6205969908E+01    0.5018977402E+02
  7    ***    0.12929E-01    0.6245498379E+01    0.5409206630E+02
  7    ***    0.12929E-01    0.6285026850E+01    0.5851921410E+02
  7    ***    0.12929E-01    0.6324555320E+01    0.5911450308E+02
  7    ***    0.12929E-01    0.6364083791E+01    0.5825540284E+02
  7    ***    0.12929E-01    0.6403612262E+01    0.5811753804E+02
  7    ***    0.12929E-01    0.6443140733E+01    0.5719156975E+02
  7    ***    0.12929E-01    0.6482669203E+01    0.5662995700E+02
  7    ***    0.12929E-01    0.6522197674E+01    0.5754475138E+02
  7    ***    0.12929E-01    0.6561726145E+01    0.5777558438E+02
  7    ***    0.12929E-01    0.6601254616E+01    0.6122153772E+02
  7    ***    0.12929E-01    0.6640783086E+01    0.5880060930E+02
  7    ***    0.12929E-01    0.6680311557E+01    0.5773026779E+02
  7    ***    0.12929E-01    0.6719840028E+01    0.6039036507E+02
  7    ***    0.12929E-01    0.6759368499E+01    0.6113939473E+02
  7    ***    0.12929E-01    0.6798896969E+01    0.5966630655E+02
  7    ***    0.12929E-01    0.6838425440E+01    0.6024157605E+02
  7    ***    0.12929E-01    0.6877953911E+01    0.5793350007E+02
  7    ***    0.12929E-01    0.6917482382E+01    0.5599432683E+02
  7    ***    0.12929E-01    0.6957010852E+01    0.5491688922E+02
  7    ***    0.12929E-01    0.6996539323E+01    0.5608698344E+02
  7    ***    0.12929E-01    0.7036067794E+01    0.5895397975E+02
  7    ***    0.12929E-01    0.7075596265E+01    0.5972313759E+02
  7    ***    0.12929E-01    0.7115124735E+01    0.6150893744E+02
  7    ***    0.12929E-01    0.7154653206E+01    0.6137884594E+02
  7    ***    0.12929E-01    0.7194181677E+01    0.5685780382E+02
  7    ***    0.12929E-01    0.7233710148E+01    0.6213502000E+02
  7    ***    0.12929E-01    0.7273238618E+01    0.6322854383E+02
  7    ***    0.12929E-01    0.7312767089E+01    0.6144306691E+02
  7    ***    0.12929E-01    0.7352295560E+01    0.6291656584E+02
  7    ***    0.12929E-01    0.7391824031E+01    0.5922213747E+02
  7    ***    0.12929E-01    0.7431352501E+01    0.5734172931E+02
  7    ***    0.12929E-01    0.7470880972E+01    0.6007078878E+02
  7    ***    0.12929E-01    0.7510409443E+01    0.5918402623E+02
  7    ***    0.12929E-01    0.7549937914E+01    0.5731560774E+02
  7    ***    0.12929E-01    0.7589466384E+01    0.5693120527E+02
  7    ***    0.12929E-01    0.7628994855E+01    0.5745385964E+02
  7    ***    0.12929E-01    0.7668523326E+01    0.5756051683E+02
  7    ***    0.12929E-01    0.7708051797E+01    0.5920574793E+02
  7    ***    0.12929E-01    0.7747580267E+01    0.5818042591E+02
  7    ***    0.12929E-01    0.7787108738E+01    0.5753530838E+02
  7    ***    0.12929E-01    0.7826637209E+01    0.5808636994E+02
  7    ***    0.12929E-01    0.7866165680E+01    0.5621667960E+02
  7    ***    0.12929E-01    0.7905694150E+01    0.5253107674E+02
