   6.4665870060211823       0.82791006111456800     
 -0.64796607485535818        11.404662405676110     
  -6.8184002841636397        6.7473450145179763     
  -10.271446565031443       -3.3543666048658696     
   6.9475761442568160        6.3005052711241500     
  -7.8578985748290444        3.5446246185242991     
 -0.92525328020084352      -0.25951993600479989     
  -2.0491929451309741        10.824677533895969     
   5.8572063877141680       -5.9446191716024259     
  -8.5490547838790452       -8.9954949945375589     
   9.6373757097330337       -6.3460886544925925     
   7.6099934466724672       -4.6602860072578434     
  -9.3059495250522488       -6.6188312820103352     
   2.4318454530188851       -12.160979822140471     
   3.8571744571817943       -4.5346766300971586     
  -4.0859485179011568        7.1455335605694676     
   12.328922646323674       -1.4141860427713611     
   5.9994503302120847        6.1538782593964303     
   6.3706463815240202        1.8434023295160464     
   7.3140424828610602        7.9666662075130690     
  -5.2378613107800103       -3.2333050112377313     
 -0.39425468246911916        9.7219305781188847     
   1.9297402319062928        3.0368342496465028     
  -6.1806530772684480      -0.85706211909765639     
  -8.6580784953213055       0.78855941750827729     
  -4.0346719835612310       -11.734952646698313     
  -9.9677505842395853       -4.2462927814396600     
   2.9413152821754180        6.2839993997461177     
  -4.9691679575148866        10.074347583501231     
  0.10190180769831227       -12.107698944301545     
  -1.0289022157720640       -11.762292547213969     
   6.3509159611374155        8.1882593843654039     
  -1.3817037519628543        5.7035563996331113     
   9.5761866426606446        7.3201814053093957     
   11.341370113037103        9.7942164920035338E-002
  -3.1214371634616538        10.076151521237708     
   8.2474526155759111        1.5283777034220671     
  -5.9582090265470296       -2.5334295562739495     
   7.4404264988831308       -9.8345554036746226     
  -6.4403938540840464       -5.4664937354922865     
  -6.2317468293690261       -4.2061975662958222     
   12.084646492586744        2.8008692617045221     
  -1.3795895028006875       -9.5390893960848526     
  -9.0423151789384164        8.1934960943108486     
  -10.858784094486372        5.3094983648370091     
  -4.9185302226797623        3.5513327208053611     
  -10.789499901767357      -0.11453644903414648     
  -6.6671515286829850       -6.4139037457920729     
  -2.3898254753125436      -0.25758600207652171     
  -5.8378906459059756       -10.951061820013260     
  0.22561045350361400        10.435852541076855     
  0.96906362805393842       -12.364047317254817     
   2.5705856638883207        8.6800077955791473     
  -5.8508498915982248        7.7578488864112636     
   5.5274215492961796       -5.0081954524920400     
  -3.0699126882891550       -9.8682517980328530     
   1.4068294102997230        1.2367666571164178     
   10.107970312244076        1.8696039612817208     
   11.242239375501436        3.3965483400676839     
 -0.37478845278567274        8.7892029896291977     
   6.1171347281734034       -8.0246556157591229     
   6.7404415380999874       -9.1306787650149879     
 -0.62632568575349346        1.5227392656793430     
  -9.7984814546898189        1.9400850302711601     
  -3.4169323646530314        1.0761621819502807     
   5.3588053735806467        1.5011805599665398     
   9.3189120898374505        4.2969789541322134     
  -1.5193622875077573       -10.941270580938847     
  -6.2312265428420472        1.1162573851026945     
   6.5923450489187818        3.9615458626130935     
  -5.5902965020657396       -4.9303083812945045     
   11.558210131844250       -4.3818697230777701     
  -2.8238563471632760       -7.1014963635826307     
  -10.110425199041847        2.9605517297815149     
   4.8889135816419236        9.4582508213632970     
   1.3334573067826001      -0.58613058178889121     
  -9.2536927889495324      -0.84106216131506706     
  -1.1828130103035597        6.9527175652255098     
  0.56477240662539230        4.6149321573659297     
  -4.9498431777005516       -10.661094311585332     
   9.8453490021133412       -2.0088261483325436     
   3.1445409980861569        10.880826347701580     
   10.419628199226880       -5.9063670973256519     
  -1.7111415972150834        1.2495458788395961     
   1.6798858735975986        6.4512203757212472     
  -9.1082011235759701       -4.4825993458997146     
   4.3447294209747040        4.1101586630015339     
   8.5517387824624436        8.9925980129859848     
   3.0619546642382076       -11.173885181792807     
  -8.2773121456305585        6.5971414741802281     
  -8.0673598315007524        4.6885982482755972     
   2.4073668511345998        4.6288529244808450     
  -2.0446018097419372       -6.1881082648175285     
   8.1155095327244151       -3.8348595182113776     
  -1.6572683266111092       -8.5827171614109989     
  -7.6794104725457606       -2.1735206485734206     
  -7.9947674721166990        7.5382823099489054     
  -3.2676385183072107        5.4771867142576891     
  -9.1922901567975970        2.7050632332443323     
   8.8790203127099083       -2.0417663470304737     
   1.3619273324822481       -3.0116283396135040     
  -5.5407867618847542       -9.2642880877551708     
  -8.7991016738198784       -7.9263152052180406     
  -2.5516978458007271        1.7711533487842150     
   7.3529607791687406       -3.2892830333652681     
  -4.8358384357744777        1.6909943033508965     
  -5.6156836898705906       -1.6922831104212168     
   9.5964498394995523       -4.3084468126432203     
   10.752386214817967       -1.3204942246578795     
   8.3782073757718081        4.9841513035062528     
   12.063622955623410       -2.9085984749840001     
   3.1355654256701575        12.005719903379189     
   3.7376846480976824       -10.517629847848054     
   3.9875233140919848        11.410855066675531     
  -3.7807699177297529        8.4862218318050022     
  -1.6485704380098403       0.34186692147791181     
   6.9169022758449730       -7.5275321344574113     
  -3.4897990314974225       -4.9602520131799990     
   1.9352219180821417       -5.7587833130351900     
  -1.6685290078733572        8.6620880727031064     
  -9.4961064220232672        1.0970430590005165     
   5.7086094307034960        7.1427248378518664     
  -4.4668507879231552       -4.6182637545484715     
   4.2376846896310996        5.0524443078969492     
  -3.9545538706867380       -10.248134964039785     
   2.5495074351488753       -3.8756338275318263     
   1.1771198567083384E-002  -4.7280156546999752     
   9.4118992081438719        6.2460661214786528     
  -3.8931981551563264       -9.1687362176032696     
  -9.5091710697582048        4.1328205692282689E-002
   7.6716670015907313        8.7560346466675867     
  0.42286345020720750       -9.8800850245443961     
  -1.8566944623261050       -4.7693280679216361     
  -9.7177720446132341        4.4612047106582073     
  -6.7423892133803589        8.7359335983401341     
   5.2323517105944077        10.302422517540167     
  -2.1049177330402564       -12.227967997314243     
   3.4045022691824456       -5.3916622614185794     
   10.447146932592679      -0.41030121421481358     
  -8.2678067281890491E-002  -11.226362115780235     
  -4.7769088360592908       -8.6921476284229211     
  -8.4459440996561383        8.9249087788151211     
   3.3330873372012730        8.2087142692703452     
  -2.3470706818546589       -9.3121178979290971     
  -5.3656391215922996       -7.9370231619491642     
   8.4591348934894217        4.0329435121211255     
   10.704217910712725        2.5734686787209662     
  -6.4377603623041182       -10.080250219873767     
   9.3996881270332011       -7.7480693234674067     
   5.3109687154986496       -7.4465450313209480     
   4.7194550036590286        8.5322192089131459     
  -6.8807736223936899       -2.6750091587888911     
  -7.0297116989369544        7.7014258305986480     
   8.7143401541126870        6.8593184151440605     
   9.0998914270350753       -5.5335378906214912     
  -5.9364809353756647E-002  -3.7551201020165745     
  -2.8414001302914618        3.5602157854338712     
   1.3362823101213328        10.465719307491353     
  -8.1238561118204604       -6.0808150438839546     
  -1.4822848938241626        2.1304096113879782     
  -7.3023868880352909       -5.7288249045928659     
   8.9073514197135957       -6.9368791334317503     
  -6.2311018957348443        4.9549219774244673     
  -3.4768744556531521        2.8612722324395969     
  -4.0351421253237794        10.166268582428907     
   10.341206438583621        5.3131699416260272     
   5.8177650829809346       -2.3656486909072445     
   10.915915947601070       0.94999362667593190     
   4.5237763788854579       -5.1108951107017759     
  -10.541889233668016       -6.5466450577315571     
   3.0744683295323023       -1.1927357069982529     
   2.5167401486342507        3.7277110749966575     
  -10.206223924756832        6.3020735511989585     
   4.4829512881495024        7.0664375841161347     
  -5.7633060704821499        4.0885480431182968     
   10.544476519208471       -4.3062553421040031     
  -9.0635702644868719       -1.7189870023815326     
   3.7600250773720543       -3.5146953929281506     
  -2.5179071759155329       0.68059177347575761     
 -0.47452623296717611       -9.5327796652710077     
   10.793935895388694       -3.4179001166583287     
   6.2355457832277787      -0.18683795183402366     
   3.4769349511622094       -2.2287588766992208     
   7.4506140126578009       0.82122791039846665     
  -3.9787664251245416        1.8867458376190493     
   6.0373951525887097       -6.8887593292287264     
  -6.1087716091563937       -7.1507276173206735     
  -1.4744967629048926      -0.99147593918619792     
  -5.1137574394898158        8.8800370139250475     
   7.9437683065941966       -7.0476424155830575     
 -0.52740995832890736       0.58073216779369496     
  -3.2710043811221201        11.004382715071657     
   7.9217137373005260        2.4760768484236935     
   5.1549966835306362        2.5868109798729795     
   8.8861745829383647       -8.6622319479336927     
   3.0260719587445801        9.4854828907677007     
   5.8379458854498010        10.950926271516838     
   8.1618318963449141       -9.3188421663757115     
  0.66072036593712336       -7.5410780419785661     
  -6.3639358414839675        5.8861179231558802     


