% itn    run  time           vxave               vyave               vaverun
  1      1    0.12929E-04    0.1952587168E+04   -0.1825619807E+04    0.2673103876E+04
  1      2    0.25857E-04   -0.3044170517E+03    0.7921757047E+03    0.8486531025E+03
  1      3    0.38786E-04    0.8005941072E+03    0.4672435267E+03    0.9269667943E+03
  1      4    0.51714E-04    0.6653557080E+03   -0.7369287445E+03    0.9928555749E+03
  1      5    0.64643E-04   -0.7201194359E+03   -0.7293918169E+03    0.1024980207E+04
  1      6    0.77571E-04   -0.1628742159E+04   -0.2687954576E+03    0.1650773158E+04
  1      7    0.90500E-04   -0.4676969923E+03    0.3651251456E+03    0.5933437862E+03
  1      8    0.10343E-03    0.1054324098E+03   -0.8016737358E+03    0.8085770041E+03
  1      9    0.11636E-03    0.5266897149E+03    0.3401135501E+03    0.6269603519E+03
  1     10    0.12929E-03   -0.6078474159E+03    0.1348869048E+04    0.1479502008E+04
  1     11    0.14221E-03   -0.9209597573E+03   -0.9270795489E+03    0.1306768290E+04
  1     12    0.15514E-03   -0.1994000793E+03   -0.7414506256E+03    0.7677951692E+03
  1     13    0.16807E-03    0.1274501858E+04    0.6627265962E+03    0.1436510191E+04
  1     14    0.18100E-03    0.1731050348E+04    0.5973627775E+03    0.1831222978E+04
  1     15    0.19393E-03   -0.5372959887E+03    0.4144170104E+03    0.6785487735E+03
  1     16    0.20686E-03   -0.1148458295E+03    0.1840311240E+04    0.1843891272E+04
  1     17    0.21979E-03   -0.1752068199E+02    0.1041010150E+04    0.1041157581E+04
  1     18    0.23271E-03    0.2001569299E+03   -0.2446520837E+03    0.3160971981E+03
  1     19    0.24564E-03    0.1617976721E+04    0.1800397445E+03    0.1627962831E+04
  1     20    0.25857E-03    0.3590814035E+03    0.6762361473E+02    0.3653934969E+03
  1     21    0.27150E-03    0.4864180344E+03    0.1570054369E+03    0.5111293489E+03
  1     22    0.28443E-03    0.1173712402E+04   -0.3762545668E+03    0.1232545456E+04
  1     23    0.29736E-03    0.1500746182E+03   -0.5772875595E+03    0.5964757476E+03
  1     24    0.31029E-03   -0.2799777572E+03   -0.7851765921E+03    0.8336005190E+03
  1     25    0.32321E-03    0.8268054588E+03    0.8298928674E+03    0.1171464655E+04
  1     26    0.33614E-03   -0.8901707110E+03    0.2607937467E+02    0.8905526534E+03
  1     27    0.34907E-03   -0.3644187783E+03   -0.1006476191E+03    0.3780621499E+03
  1     28    0.36200E-03    0.2138162620E+03    0.2328160920E+04    0.2337958653E+04
  1     29    0.37493E-03    0.2150907934E+03   -0.8472717362E+03    0.8741472669E+03
  1     30    0.38786E-03    0.6861907413E+03    0.1422824174E+04    0.1579647544E+04
  1     31    0.40079E-03   -0.5489240784E+03   -0.1130927329E+04    0.1257105512E+04
  1     32    0.41371E-03    0.4649446883E+03    0.3808743783E+03    0.6010314927E+03
  1     33    0.42664E-03   -0.5822838123E+03    0.7974495410E+03    0.9874108610E+03
  1     34    0.43957E-03   -0.4252986847E+03    0.1341940101E+04    0.1407722346E+04
  1     35    0.45250E-03    0.5469060420E+03    0.8104043545E+03    0.9776816642E+03
  1     36    0.46543E-03   -0.5719145152E+03   -0.1343630995E+04    0.1460284378E+04
  1     37    0.47836E-03    0.6167913091E+03   -0.2746716652E+03    0.6751859319E+03
  1     38    0.49129E-03    0.2148429953E+03    0.1247560030E+04    0.1265923987E+04
  1     39    0.50421E-03   -0.1133306922E+04    0.2257991082E+03    0.1155582025E+04
  1     40    0.51714E-03    0.1097481125E+04    0.5247782079E+03    0.1216493727E+04
  1     41    0.53007E-03    0.1604055826E+03    0.9442262824E+03    0.9577542604E+03
  1     42    0.54300E-03    0.1162178107E+03   -0.1382592660E+04    0.1387468573E+04
  1     43    0.55593E-03   -0.8242416228E+03   -0.6485195768E+03    0.1048785914E+04
  1     44    0.56886E-03   -0.1350812049E+04   -0.4310741049E+03    0.1417927387E+04
  1     45    0.58179E-03   -0.3492618927E+03   -0.3138808729E+03    0.4695796760E+03
  1     46    0.59471E-03   -0.4358007673E+03   -0.2890404873E+03    0.5229404479E+03
  1     47    0.60764E-03   -0.2410976463E+03   -0.3683171449E+03    0.4402108520E+03
  1     48    0.62057E-03    0.1254205568E+04    0.7225180926E+03    0.1447433591E+04
  1     49    0.63350E-03    0.3939853922E+03    0.1503499316E+03    0.4216984600E+03
  1     50    0.64643E-03   -0.8768331225E+03    0.1539292940E+04    0.1771513217E+04
  1     51    0.65936E-03    0.5023676283E+03   -0.7514606388E+03    0.9039172117E+03
  1     52    0.67229E-03   -0.7996674538E+03    0.2754460546E+03    0.8457769007E+03
  1     53    0.68521E-03   -0.1465599556E+04   -0.2721494269E+03    0.1490653337E+04
  1     54    0.69814E-03    0.3300832756E+03   -0.1215380949E+03    0.3517477467E+03
  1     55    0.71107E-03    0.4826184006E+03   -0.8527891120E+03    0.9798825389E+03
  1     56    0.72400E-03    0.1322734635E+04    0.9251145056E+03    0.1614144902E+04
  1     57    0.73693E-03   -0.3480477358E+03   -0.1166562258E+03    0.3670775142E+03
  1     58    0.74986E-03   -0.8724873563E+03    0.4203677443E+01    0.8724974830E+03
  1     59    0.76279E-03    0.3520697564E+03    0.5396611751E+03    0.6443502909E+03
  1     60    0.77571E-03    0.3018207807E+03   -0.7436997919E+03    0.8026114652E+03
  1     61    0.78864E-03    0.8381188176E+03   -0.8898935347E+03    0.1222437588E+04
  1     62    0.80157E-03   -0.4492322290E+03   -0.6861405735E+03    0.8201210168E+03
  1     63    0.81450E-03   -0.1011060253E+03    0.3842864054E+03    0.3973644042E+03
  1     64    0.82743E-03   -0.1543023858E+03   -0.3037871588E+02    0.1572644036E+03
  1     65    0.84036E-03    0.1157056412E+04   -0.3253065686E+03    0.1201916763E+04
  1     66    0.85329E-03    0.1355584758E+02    0.2337315440E+03    0.2341243167E+03
  1     67    0.86621E-03    0.6321627241E+03   -0.1198718609E+04    0.1355195931E+04
  1     68    0.87914E-03   -0.3876958454E+02   -0.8948160734E+03    0.8956555621E+03
  1     69    0.89207E-03   -0.9417735997E+03    0.1652566314E+04    0.1902081211E+04
  1     70    0.90500E-03    0.1029198218E+04   -0.1737806749E+03    0.1043766591E+04
  1     71    0.91793E-03   -0.2558627224E+03   -0.6091171609E+03    0.6606734809E+03
  1     72    0.93086E-03    0.2645011708E+03   -0.6093135298E+03    0.6642468268E+03
  1     73    0.94379E-03   -0.4563509117E+03   -0.3002217227E+03    0.5462501600E+03
  1     74    0.95671E-03    0.1446563593E+04   -0.6003737904E+03    0.1566203983E+04
  1     75    0.96964E-03    0.1233972771E+04    0.8570526961E+03    0.1502407443E+04
  1     76    0.98257E-03   -0.2906047791E+02    0.1155387146E+04    0.1155752555E+04
  1     77    0.99550E-03    0.9954526316E+03   -0.1017855667E+04    0.1423712085E+04
  1     78    0.10084E-02    0.4559858465E+03   -0.4398908924E+03    0.6335827408E+03
  1     79    0.10214E-02    0.3579239690E+03    0.6306063744E+03    0.7251027286E+03
  1     80    0.10343E-02    0.1179122795E+04    0.1267319888E+03    0.1185913809E+04
  1     81    0.10472E-02    0.1148372150E+04    0.5534158978E+03    0.1274765763E+04
  1     82    0.10601E-02    0.3584434187E+03    0.9246393789E+01    0.3585626587E+03
  1     83    0.10731E-02    0.2996095096E+03    0.3131254664E+03    0.4333744524E+03
  1     84    0.10860E-02    0.2912708957E+03    0.1465547965E+04    0.1494212024E+04
  1     85    0.10989E-02   -0.8268545415E+03    0.5305758258E+03    0.9824454895E+03
  1     86    0.11119E-02    0.6081778790E+03    0.1066649504E+04    0.1227852393E+04
  1     87    0.11248E-02   -0.7801502127E+03   -0.1078544259E+04    0.1331124364E+04
  1     88    0.11377E-02   -0.3301754847E+03   -0.8935066545E+02    0.3420517389E+03
  1     89    0.11506E-02    0.6393060176E+03   -0.1196483936E+04    0.1356571411E+04
  1     90    0.11636E-02    0.7157592570E+03   -0.1195659268E+04    0.1393525170E+04
  1     91    0.11765E-02   -0.1060486193E+04   -0.2004278199E+04    0.2267545383E+04
  1     92    0.11894E-02    0.3663382156E+03    0.9226730866E+03    0.9927382903E+03
  1     93    0.12024E-02    0.2060674594E+03   -0.3446094161E+03    0.4015214159E+03
  1     94    0.12153E-02    0.1331923198E+04    0.7289756754E+03    0.1518362585E+04
  1     95    0.12282E-02    0.3630902694E+03    0.2778230944E+03    0.4571872871E+03
  1     96    0.12411E-02   -0.2504150454E+03   -0.1529408190E+02    0.2508816532E+03
  1     97    0.12541E-02    0.5948476778E+03   -0.1530437933E+03    0.6142199626E+03
  1     98    0.12670E-02    0.2170612906E+03   -0.2049350254E+03    0.2985196284E+03
  1     99    0.12799E-02    0.3940773273E+03   -0.9501421026E+03    0.1028623816E+04
  1    100    0.12929E-02   -0.2663464158E+03    0.9660158109E+03    0.1002061355E+04


