  -8.8480954913936394        2.7969166125173253     
   5.5306015594440021       -6.6251190690403954     
   4.1415978535333613       -6.3838298958634558     
   2.5209490517071216      -0.11763027836252721     
   8.6674819854429206       -2.1581350949031943     
  -2.9018681301789351        1.8045308178129271     
   6.3629922428498613       -6.0602340367670013     
   7.1168141983029871        10.145506657374458     
  0.87389609374875887        11.475989680307610     
  -6.8969080074156066       -8.9540149215787537     
   7.4259434749132121       -8.8098867812826889     
  -6.6527900429885376       -7.9845596462519577     
  -1.5819843695699125      -0.11666322909935094     
   8.1440834331179488        2.5063431754604397     
   11.601907277370543       -4.4047708818430511     
  -1.0032760379680057        11.070272358858597     
  -5.6472303057792281       -2.5905474406061963     
   1.0041978233534303       -6.8366552052376806     
  -8.0007524031275619        6.1503351456834956     
   11.624116342402052       -9.2367478443838677E-002
   7.2792986472928192       -7.8184027951476214     
  -9.2898701698227057        7.0160931568785161     
   5.2099308550151457       -3.7096390426335999     
   8.4782242840192747        6.3577892933873867     
  -1.2270210992644257        5.7454729475402573     
   1.3736146093094490       -4.7758739095479372     
  -3.6615284446185101        3.9955816486663029     
   5.0950706802021726       -10.734335582456922     
  -9.8259657933456914        1.1972697066227311     
  -10.278364598775509       -2.6652040574645919     
   4.5965617188797241        5.8523640239188213     
   7.9054125583554917       -1.5072534759038176     
  -2.2253486107621043       -3.6896221544509267     
   4.7042822337558681       -7.2127691559733833     
   1.6713165675365356        12.137704203427202     
  -2.1761380185460206        6.0629742657623442     
  0.72752590699264497       -1.0073779991498595     
   7.0727271796173037        4.6118965684326980     
   5.6727242995220797       -9.0701517821770441     
  0.53359133307091322       -1.9880598219101702     
   6.2822767829916408        10.696489225809659     
   3.3971009949965132       -1.6595897119816527     
  -1.1542921962263173       -5.4883887581694397     
  0.76653381357674011       -3.9809356199838954     
  -3.8308485127297427        9.4468040380367491     
   7.7152063106849367       -2.4888443272794114     
  -4.8049707507725321        9.6771193678520575     
  -11.004707014680760        2.3305655798165832     
   7.6697210813454157       -4.9446796961922095     
   6.9337644114757255       -1.7464071743359675     
  -1.9381524808580002        10.714830850484489     
   3.9760126177664428        3.8677113152645424     
  -1.5288223383431565        3.2875029403372054     
  -8.7451412729120932       -6.4906084836524158     
  -5.6716097381731245       -7.6609362343939411     
   10.239629624786097       -3.4599241926784665     
  -4.5560715819389239       -6.4744807226787611     
 -0.62944499944219923       -2.6511242626145153     
   4.9000078316547073       -9.7173985609428435     
   6.5720225039602864        5.4779303647597288     
  -4.2478658995626013       -9.1786955080977197     
 -0.60336132722222635        6.5267534856639271     
   4.4346983359144643        2.3906633742898817     
   8.7218205529232815        5.3766173366162837     
   8.4094785950134732       -5.6171546583014669     
  0.76937908874886141        1.9214883660971931     
  -3.6558732589157019        8.1670338034470813     
   1.4827214901569701        8.4571342233585973     
   1.6465112925532432        6.2304056645192984     
   3.1419665075194265       -6.4115077372117391     
   11.059753653755928        4.2590385251469858     
  -4.8133746362399519        7.3930773073557283     
  -2.4436693362098771       0.39773753469748763     
  -7.6374018037417084       -6.4813330050894145     
  -9.5141841086529091       -5.7885004797888699     
   9.2102708376029554       -6.2860925819929570     
  -4.8136612744829499        5.6424285253520683     
  -3.0036330592677287        10.009660854934184     
  0.52520640772551885       -11.351368238613777     
   4.2442701754494259       -3.4467264890463940     
   7.5780591550286145       -9.8171217985245303     
  -3.8313602859194527        7.1795876040787858     
  -5.5140417993130448        1.9449818975377211     
   6.6185544229103739       -9.4017307857220214     
  -1.9385360037540937        5.0403638477820891     
  0.37441837894805469       -4.9472726642055376     
   10.932034402251487        3.2666224157630124     
  -5.8114894221992071        7.1085246101987272     
   2.5586136172352338       -2.2088344486156490     
  -6.7904090372072146        7.3137262461368895     
   1.6328505073483430      -0.57755014422891626     
   11.247039481065219       -3.4666898133498725     
  -1.1880260321090326        2.3442862514807747     
   10.149858710872110        1.2393667689863683     
 -0.66969346104953109       -9.5046610054248806     
  -7.0586774032977226       -3.6329682273881279     
  -7.7314431917885491      -0.58788576060612874     
  -9.7980838795870095       -4.7948296302633677     
  -2.2993599728338792       -8.7058160123847905     
   5.8417342771263145       -10.054996460158966     
  -7.4369684853020077       -5.4602916552023482     
   7.1440223394599736       -3.3091425995005177     
  -3.2710107854483415       -8.9427778808723062     
  -10.755454374140404       -5.2221192448605773     
   6.4705492478129827       -8.4061268211159277     
   9.0099978232090621      -0.15590416800034704     
  -7.0112559145639164        6.3383563590813026     
   7.8941490690357723       -3.9705422283456291     
  -1.2978230328930762       -8.6612106746210511     
   5.2509806089518865        6.6575173078545147     
   4.9976659477009671        9.7371327748027010     
  -10.603064872590727       -4.1937035272894319     
  -2.1740897539336514        2.5135654032208472     
   9.7760860360986435      -0.79757380052192339     
   4.5168809074224638       -11.550058948549253     
   9.3575424587570666       -5.2964062118529052     
   3.6633514130305134       -7.2642086614341945     
  -4.6855324215138658        3.8975381841724164     
 -0.88823219910883822       -12.310618936418294     
   5.5760445434223778        5.6421498905606660     
   8.3610342375714488       -9.1701185901078599     
   7.1676300210270734        2.2898820388854784     
   12.388004411722335      -0.73761024562883448     
  -8.8117316495387197       -5.0474756688574640     
   7.5844096899526825       0.34673406644341398     
   8.8450553988564504       -1.1641237607743946     
  -8.7214670868289463       0.39928593019330200     
   9.8131599413163837        2.1970950551066073     
  -1.7646988386169309        11.719228726112915     
  0.17649944074159210       -6.2754788591866353     
  -4.3268355980554247       -1.1766630975876522     
   6.6024786033944771       0.53555139964219789     
   8.4709061548948146       -3.1478383633286606     
  -10.049212915633879        5.6138264261708226     
  -6.6431186572417245       -2.6827275227297367     
   9.9530985349658980       0.19117631476947466     
  -3.5484740763770084      -0.54833422925626663     
  -11.097683154690248       -3.2468859124685840     
 -0.20386159471366733        2.1690378908839922     
   2.4029696181436062        8.0618803058676747     
  -3.9724164205079675       -8.2164431006474725     
  -3.0443555920257039        6.5601002569513289     
   1.9022182515707682       -8.3007479289211741     
 -0.24505213174541240        5.5552707959481857     
   6.4962759843326251E-002   3.9338405253391624     
  -3.5544084464190733        10.845562910542082     
   12.398164773053972       0.54003181162768621     
  0.70319061054448528        5.8747125011596442     
  -3.7551539056307441        11.827206453274243     
  -3.1417725877231373       -4.0892702016332958     
  -1.6884774313335091       -9.5812909670976723     
   2.6970469957335350        12.105811017942543     
   7.4194550333405269       -5.9267692709441588     
   10.994105552040677        5.7549112470331441     
   2.6863255942714508        11.094163554237577     
 -0.54199873899164930        3.1104381649146435     
  -4.1097650666703469       0.29955258892020192     
  -10.010620178291168        2.1909870702427781     
   11.467158298096427       -1.1259044583312470     
  -8.7435140954725625        8.8056304542304638     
   2.3162567977551642       -10.727539328634474     
   7.3880969700754386        3.2657497845709580     
   1.7763422954063277       -3.8323756488798373     
  -5.2669631703611337       -9.3997971137056133     
   3.3769890545318839      -0.63577328057104054     
  -1.0483239627118273       -10.432502572634103     
  -9.4271420324469695        8.0537540288342591     
   8.0783995230678869      -0.52180425000565211     
   3.3505407393942437        8.3815375151989464     
  -2.9640343410662564        8.9481312616474273     
   9.4914833208715219        6.5292823350415761     
   9.9169232221429038        7.4600258724499833     
   2.6368001488694266        6.0772264426530453     
   10.355849574494297       -2.4503929677527374     
  -6.8090939703708528       -4.6391838926842270     
  -4.2573733151666522        4.8024487766849813     
  0.91487398710134837       -8.5574892714152906     
  -8.3950036020080088        3.7971452724522918     
  -1.9595474956775378        8.7359899832850516     
   2.7773712976031630       -7.7641429570001819     
   2.5203712704022561       -1.1527287215508126     
  -6.7335150697896768       -6.9880012799334219     
   5.1943726134694019        3.0402991942390383     
  -9.2570365178271992       -2.7531145778376231     
  -1.2190931504508384       -3.8460945852757571     
   9.3005289765619814       -3.8061788986324196     
   2.6106488667184373        1.5260880601556277     
  -7.7720884398059953        7.1231144911506057     
   8.2991448020409013        8.5385010784929882     
   9.4237343022165767       -2.8119083127243960     
   9.9249248694466470        3.2355818277599564     
  -4.0123232386403380       -3.5361770258206966     
   10.526902009940196       -1.4640992236479842     
   7.2591364089037738        1.2921145729320542     
   10.486257483903872        6.6364045739836275     
 -0.22602985979718637       -3.6095177666750389     
   4.2671202775295249       -5.3872204703466551     
   10.181943645779072       -6.6118277133744332     
  0.43560106113539482       -7.6607497688216197     
  -5.8844499871859410        6.1105083908350393     


