  -1.1907299001937399       -6.3163945674221385     
   11.304032516307476       0.40810869931502658     
   2.2415662581441316        1.1178431636885233     
  -1.6413180395077966       -12.300820407495463     
  -5.7514553636333625        5.2062162857526255     
  -4.4843694314127642       -2.4924543117663558     
  -4.7711114991389936      -0.11759100076862744     
   11.161068471107718        2.4726295071959239     
  -1.3293388205343162       -8.1447037153433559     
 -0.45417926309094186       0.57875094729793997     
  -6.4740224701921978       -5.5804943487118255     
   10.759828381925635       -6.1787801032511043     
  -7.2772827179702677       -8.1666250423666966     
  -7.7422641545329149        2.3546359208592635     
   8.0053140037818711      -0.85734229967341913     
   3.4791022961464262        6.2251814513136230     
  -10.010243639921045       0.71165169137900153     
  -2.6801361231462786        10.967213915526866     
   3.9413316886355960       -1.5437744223194609     
   8.8495477275435679       -3.8781186407212540     
  -6.7369962072458609        5.1226757662996318     
   8.7679976516356692        4.3317195588561273     
  -5.5819730658592510       -5.1404148618115730     
  -3.3642287503269106        10.244306789365586     
   3.3576029271429246       0.34233379788496560     
   9.3645564979640064        1.6552103124737718     
   4.4319790622480335       -11.591560885881748     
   2.1580543057849697       -11.397140013714504     
  -8.7815280932094701        6.8395363096863875     
  -2.7392909114033417        3.6819150335797861     
   12.282872409810153        1.7608036898784822     
  -1.3628428813953362       -10.834353739479415     
   3.2798376273918439       -8.9672745813379144     
   9.7716093621867923      -0.82660063401652362     
   4.5003241344861484       -10.598862054506013     
  -2.5512352646210266        1.6070443709851117     
   2.2977192356823330       -6.1972844818057942     
  -7.2633493008861665       -1.3332396962212103     
   2.5259899575804443        5.1467188202883234     
  -2.8546066967771515       -9.3436019649018949     
   7.5258865628826568        6.1957349595274982     
 -0.87419870070006200        1.4764654023961272     
   3.8743990359733278       -4.2676320676298927     
   2.9023675098952375        3.0380569591849307     
  -8.8578721031858567       -8.6883800630551136     
   6.3496617768733374        1.5943338225723411     
   7.9326120215769880       -8.1294766478024290     
  -4.5687045050275454       -4.3208713919150634     
   4.9893591209071877        1.2235303911643987     
   8.6379085120873960        5.8428509077623394     
  -1.8206763798403709        2.7950704221692617     
  -4.3811458078886858       -6.7293582470213611     
   9.6769247453045804       -7.7692665076377256     
   12.289294011824202       0.50866437028421452     
 -0.18232561881852286        6.0977614831135742     
   5.6415533985542581        4.6788498433297834     
   5.2159416459996404       -2.9758737679473302     
   7.6381911665967639        2.3630848891422134     
 -0.84106698276490788       -3.0426233013858908     
 -0.15969996495612318        9.0939172076492198     
  -1.8813326319271491       -8.9719180612571812     
   2.0535551269220300       0.14831184139333606     
  -7.1329967640873786        6.0622611328824840     
  -6.2303392945700118        1.7558687365732331     
   2.0145323768363319       -8.0898128446988782     
   7.8059898547828928        4.0981948602643179     
  -1.0522849858957710        5.5980656876132358     
   7.2224636576862160       -8.8358297407994666     
   9.5369490051638461       -6.7942160513984815     
  -2.8596083002684396      -0.66385151118452490     
   2.0663012304054140      -0.85197198941790631     
  -3.2247910998971148        6.3349222501403171     
   11.773369381760121       -3.9235819833338454     
   6.9243135808628749        9.4959178669877993     
  0.58297665519541531       -12.130869184828644     
  -9.6775718727117983        1.6632886913182725     
   7.1789387923222643      -0.32859847869153874     
   12.109384057033965       -2.7071137227112172     
   4.4193782262191776        7.9855209813237380     
   4.8846644601298291E-002 -0.56876510727332807     
   7.8275108649612815       -7.0293260574053162     
   8.3223776092346391        1.4023939668973886     
   9.4030853230794911        6.4689559532803553     
  -3.6208312314535265       -6.0818635774117409     
  -3.8678888451412523       -7.6097897969004293     
   3.7497489758646263       -7.1572783296595057     
  -5.6796916933553492        7.3522862241262938     
   5.4169325523580731       -8.7880421616982662     
 -0.18655234674739049        5.0383995173323664     
  -5.0705918235433671       -5.9949043379122227     
   10.232344132994029        1.0963737083255372     
   2.4912833127517819        6.2058717027387154     
   4.0729147207289209        1.5656299998194145     
   3.4298944976079393        8.0707693399068017     
  -7.5371741217666210       -7.1989024136771436     
   9.8320518552308993       -3.9975518803700445     
  -2.8107020583259819       0.32869163539351032     
  -3.6957869398706782      -0.13366348783032062     
  -2.6563050799301884       -3.6721521412510825     
   1.0142124913431316       -3.9383304519892213     
   8.8875586134140985       -1.2917345282214310     
  -3.6452080682997656        1.6200672582603013     
   8.9368234994765103      -0.27984565198198641     
  -7.0327371458981478       -4.6108548249011552     
   8.6249575855576310        2.3360856828975698     
   6.7392192076790574       -2.2931837893218225     
  -8.7428387886510794        2.2955586419968816     
  -7.4076557503488818        3.2908473646914356     
   9.2331811966304063        8.2901720997937431     
   11.139590688129214       -5.2536372754336131     
  -6.5774115744510002       -7.4669376982794535     
  -7.7655613879179057        8.2366304604131901     
  -7.7864766933694618        6.8161882943594749     
   10.635963730070417       -1.4215665717526877     
   8.1149326230898389       -3.0184949755286903     
   6.7998430996973633       0.57875864961738022     
   8.5499905908747209        7.0301608145262904     
   6.8351233540990242       -3.4648637871921610     
   8.9155917748904443       -4.9575216728517901     
  -2.2722578756883860       -6.4447079688120734     
  -3.8161650110593359       -9.8154956338298156     
  -10.761599446585887        1.3491627880043060     
  -1.3866225538405934       -9.8465423971593058     
   5.0661905365665270        3.0039806751136706     
  -10.600470549382608       -4.8586508774316686     
  -10.253854380113230        2.6100273789503130     
   9.2652240084629742       -2.6953711581642552     
   3.0950189649226956        1.5889435689869287     
   11.376233226494618        3.4283566252697342     
   4.2854389265936392        9.5004796953318493     
  -5.7491252499486079       -8.0163172454900113     
  -8.0161830651821155       -4.6573038947916006     
  -7.9715901200934276      -0.56324169397243773     
   4.6721640048888089        6.4230957598713836     
   6.2150016950014271      -0.22353239415170797     
   1.0353419360784595        6.3614520033500739     
   7.1010036169349622       -1.3204817943519569     
   3.1452151201602421       -11.594083235326934     
   9.6995791158828819        7.4163617210800057     
   3.2647584697456087       -3.4117683673693446     
  -5.8885335621034320        9.9638802563418096     
  -10.241030752252255        3.6020343495087492     
  -12.006395639868709        1.0054384942519849     
   1.0928428435209701       -5.0325522186873028     
   7.0989814941670399       -10.178694224832890     
  -6.4430017914080677       -8.7254974667013805     
  0.85841795657950837        4.8527463497135643E-003
   9.7089619312349349       -1.8101484226593125     
  -10.778631341558052       -2.7238007663680803     
   5.7588328471107140        8.0820154495900685     
   2.9672472276333712       -5.4604294221284642     
  -3.9227411455103258       -8.6133975275338592     
   5.2891264726958873       -10.011909264916111     
  0.95004516006014605        2.7628439740135562     
   2.5148397387368089       -9.6814569119417726     
  0.21642093352120212        8.1795929462121233     
  -3.7126339632469523        3.9011889938832938     
  -1.6648193076750561        6.3886374322122332     
  -12.072856384960108       -1.7232856065155935     
  -3.1258016363244199       -6.9489470652914136     
   5.1212141550914820        5.5254674260737442     
  -1.3660608836161869        12.165839564001095     
   2.1704716120196137        3.7240583619728671     
  -8.7945633046570624       -2.2372612188866134     
  -4.4064029100508852        2.7969013945737169     
  -9.9036850859985961        4.7461650017144814     
  -3.3318598495989873       -4.5715490376101711     
   4.7889885418686875       -2.0558985180529894     
   1.9391409006625262       -7.1089226892290363     
   10.809767139728631       -4.1444022366014055     
  -1.0870858274217634        10.057930679579716     
   5.8321337322851132       0.71555003200041856     
   1.6898874565927802        4.5978745549455384     
   7.8276364646137395       0.42078968734747396     
   6.1040545960342794       -6.2455364507698325     
  -5.5972331415928682       -2.8997943471242458     
   3.6336050780494928        4.5136940702226154     
   11.579733586163050        4.3986037576694628     
  -3.4207805397699773        2.9552837613803029     
  -11.260661091032409        2.5788507051324991     
   10.677328915552842      -0.43012212065052019     
  -6.8844936608261396        4.1419959379147455     
  -8.9357588638450007       -5.0509994178704565     
   4.6605049177196420       -5.5187966593259938     
 -0.95635554365155850      -0.27016665095449716     
   2.7977827181646941       -1.5144964557260325     
  0.21026710722494271        1.3221544657239688     
   1.4703951256676278        9.3769466418275638     
   5.1445028206618701        7.3031259271754108     
  -7.7514097333688845       -2.2087475327153019     
  -2.8435927415734379       -5.4485152527084448     
  -6.9158397817371347       -2.8689987460860200     
   3.8317395567489432        11.098286274286483     
  0.80245674916991971        5.3259123493687630     
   10.184170487482140       -4.9411569463235097     
   9.5112078257123134        2.7529812022330380     
  -5.0364137296850551        3.5722435651151025     
  -10.902469426775360       -1.7371517677465895     
  0.86779905955370917       -2.1309294053079357     
  -10.119466658129333      -0.27083334393448666     


