   2.5297868400346761        4.1712117944138223     
   3.3911641219485231        11.037720657318758     
   6.4697248015324771       -10.498064361636748     
   2.5506866132840416       -6.9960156253284591     
  -8.3756772423477770        7.2240819884082823     
   6.3874367291788605        8.4481055067093234     
   8.8122062803398897        4.0879850188992046     
  -2.9220772987204997        7.5144272466036437     
   3.6824788566686513      -0.37139794607974952     
  -5.0788738478266362       -7.3309524755254731     
  -3.0945823043485086       -11.927783926044562     
  -4.8034103915927071       -1.7307379119407711     
  -5.6638702511564905       -2.2414941013140153     
  -7.6199327674217399        1.6221362145286675     
   12.122904049231090       -2.6502112083546474     
   7.6253243427219450       -3.1930181776474833     
  -1.4862078597001660        2.4236092394087425     
   7.6551126267602960        7.0571718621539574     
   9.4839309673158620      -0.51325196545509855     
   4.4289974104070637       -7.5727926757050774     
  -1.4571180215604758        1.3969377507261158     
  -2.0939020625493923       -11.946866895765709     
 -0.37154255414508069       -6.4679114333995233     
   2.9519530609333255        2.9635468695593081     
   9.0537236566689625        8.4852188101561534     
  -2.4984604743738701        1.3713235392744070     
   2.7966315360943699        9.2496611466676146     
 -0.97904449317294084        4.6035927046150427     
   9.5956058340476016        6.5602424887871145     
   11.843034652849843       0.11640151308580407     
   6.4528382695511022        10.490657927284293     
  -9.4204353387194768        1.2481299688959231     
   1.2813090522804478       -1.6190274565479281     
   6.0439101458147411       -8.5112890802451027     
  -1.9566485515913519        4.8844139357199499     
  -4.9410188213123876        7.8693205569218465     
  -3.9446888023076543        1.1151080934401709     
   3.7413200726891107        5.8373880553081507     
  -5.2604928084577303       -9.2590865150968309     
  -8.3194316845250764      -0.61472945529940504     
  -3.1045184715458691       0.57155305100133902     
   6.8866371350984306       0.16407006953242131     
  -3.8157648170467704        4.8278524101058649     
  0.35991396276233456       -1.0642637015461316     
   4.9080141601182774       0.69772697428759722     
  0.94206929592617217        4.5675241369637094     
   8.6386759965123634        6.8638637994107734     
 -0.77899034636557696        7.3620513958082761     
   6.0468403009465694       -4.2171739508758677     
   6.1644523988949986        5.4569853506649553     
  -3.3584029113573068       -9.6094907236258997     
  -10.171536733767766      -0.55824080588079861     
   2.3189136136477257       -1.7208301613383474     
   2.8389669839316278        6.2700142690313436     
  -7.6268060327556162       -4.2854553824608992     
  0.52744895114452717        1.6835974406580037     
  -3.5990625884320457      -0.78972769764985595     
   8.3127689586965712        7.8135456651267150     
   7.0037956596569790      -0.85971881682930196     
   7.5352013288980650       -6.9816710095880552     
   2.6993426328229644       -11.509666652444009     
  -9.4007542056790623        2.2478037411494851     
   7.3218142387526370        8.0045192619574159     
   3.7629454245283962       -8.3364728162822015     
   10.979973887663343       -5.0265152680516989     
   1.9265098699095602      -0.31527922179673601     
  0.54506634999484205        10.260887754119986     
  -5.7922152411744356        7.3038484629752940     
  -6.6527282941238077       -9.1488163982050619     
   7.4318610845303805       -5.9092615854876476     
  -7.3703920780068115        6.8606714366383788     
   11.360960069052874       -2.0034816077838249     
 -0.66145586147271673      -0.99146171838693931     
  0.91496437654295082       -12.376100202563187     
   6.9408273090330157       -2.4516284265838575     
   7.2235997693618765        8.9998367895351326     
  -4.4762650754467348        1.9676943274542031     
   7.8549140840147302       0.51351332932385052     
   7.2460270283663251        1.3068674586311362     
   8.7224179642818562       -8.8271612100893257     
   7.1493182173486725        2.3020788002868144     
   4.7449276052987654        7.3155199105902442     
  -2.2060488424448130       -2.1895118671456397     
  -6.0856065549344152       -1.3035427620822662     
  0.30214870825334084       -8.4503416600196122     
  -9.4723692177153289        5.4887262925555165     
  -4.0191285760459579       0.11719764051198550     
   8.0466503116804731        5.1118196143730792     
  -10.279500927228289        1.7626062469201018     
  -8.5391430996811870       0.77524592947443605     
   8.2735132993032909       -5.2881303787392451     
  -5.9382510894513745        1.0064990593124770     
   1.8996355566958907        8.7269867056848920     
  0.84998720103135539       -7.6135745180308074     
   1.3728192522417317        10.921562947163199     
  -2.0829860310085864        10.606893978378507     
 -0.42042498534874029       -10.100758311768567     
   5.7791416410897352        6.4179553233491102     
  -5.4220348416412820       -11.161352608487753     
   9.9365705968870657       -5.2876476230732194     
  -3.8238889199596913        7.0790893209600174     
   5.3962583778162259       -2.2535591475553578     
   3.7042948244108045        4.2105538158899005     
  -8.4987957397146499        5.1921288348196031     
  -12.061356717949939        1.7455739438410891     
  0.86989190053463372       -4.7860891100789686     
  -10.218923607882337        4.7453556721838765     
  -3.8054896490699868       -1.8075678049419752     
   9.3778591341471174        7.5377476549939564     
  -2.8890083736981036        5.2841887723334970     
   2.8347805599599942       0.15854503591533536     
  -3.3966696031929402        1.9629512806196874     
  -4.5874412153093429        2.9646771688321558     
  -11.976328213450040       0.74896663552559994     
   1.2874321264473549       -8.6318799471679934     
  -1.2441282520994255       -2.4624669981833671     
  -6.8433388292937867       -8.1559759377900320     
   8.6812896665557453       -1.1110538559261243     
  -6.7188582540023809        10.130822864702687     
   10.290812781825371        8.0076253555303512E-002
  -5.8992310837228095       -8.4895409215844992     
  -3.0853804539100378        10.636154821336980     
  -3.5241922968765653       -11.013993508934144     
   2.2469839225367223       -2.7218628182623439     
 -0.48497345836436728       -9.0944786373845421     
  -6.9314750572540387       0.89386342787413331     
  -4.0859515833806617        10.615334527606148     
  -1.0792093838657517        10.527773366931163     
  -11.653582568313594       -3.7722537593857099     
   7.7545592227715288       -9.0944568953231713     
   4.3072939630035911       -6.5217575654649247     
   3.3206647487416872       -6.3476264697924840     
  0.97527588290661404        2.5795833586571546     
  -3.1445023524533586        9.6339165150069821     
   10.025721691922504        5.6581920684466951     
   6.2009372333148658        2.6313738329797571     
   3.9235835247173632        7.9059982563906273     
  -1.1098584821370137       -4.6105301879449980     
  -4.2632699066185120       -9.1847567059701785     
  -4.8644936378099768        6.8692105553087588     
   2.7959665267325682      -0.84200547705847528     
   7.9814528847500430        6.1100058235379757     
  -6.5375702141137619        1.8125212772634851     
   1.8787320399409777        4.9660444759371138     
   5.5363565225414479        10.055721197510300     
   11.372867835651943        1.0428779726519624     
 -0.60066658456494448       -5.4725603159875424     
   11.847180475444954        3.6941824113520809     
   8.0012041398392988       -8.1256254654654221     
 -0.27773189743889160        9.6592410057098572     
   7.8126914232221747        4.1388988522791124     
  -3.0595891025370237        11.875527215479522     
  -3.1360853556447803       -2.5577389722731492     
  -5.2908897539608626       -5.7165803439765588     
  -4.1429074956413148       -7.6985659714242445     
   4.7240662007179850       -11.472130402000433     
  -8.3161203494648692        4.1665536167519637     
  -1.7621462422132959       -7.0542721028055908     
  -6.3583438723235446        7.3008338165611669E-002
   10.663910752929015       -5.9751133936435403     
   1.5931185405658119       -3.4784634225995057     
  -1.1244564858070918       -11.700115121545730     
  -1.1555169618652121      -0.11109843371394271     
  -3.2895227550403487       -3.5469845791167502     
  -7.9246846133169040        6.0215717475762567     
   2.7891197534819057       -5.4980587481879404     
  -2.3415598751381719       -6.2380273008408382     
  -3.9806234216906837        3.8256044310495620     
   4.3283726958942923        1.5127309259622645     
   7.3416495583672647       -10.004777399902892     
 -0.41196980670389405       -12.402944009598990     
   3.7053208307605536       -11.493800421791082     
 -0.16783201686610338       -7.5279656191018285     
  -4.1464450631051379       -10.229503915589275     
   10.861061202536529        1.9730621923494618     
   8.5031174464344605       -7.2604853683658410     
  -10.001155176801284       0.43387068840074716     
  0.93023471233633492      -0.21426453370824305     
  -1.3410788418378710       -9.7092908288301789     
   1.3025769762624793        6.9058149946302958     
  -2.0561513889896843        5.8795422206424410     
  -1.2523108597867341       -10.706551072701119     
  -6.3322653623019320       -5.5704560093566631     
   10.435744305143103        2.8992147186544530     
  -1.3421066127035306       -6.1433967351679373     
   3.6334232982717136        2.2323933061068457     
   12.370646122544152       0.97736988692756177     
   6.9994340087385041       -8.0775507179078847     
  -4.6899834213105835       -4.9135661064547165     
  -5.2027890642384689      -0.81475703233706809     
   2.7871792685560997       -8.0380101357042566     
  -9.5455237498451559       -6.9918874046016679     
  -6.0899909567745532       -7.4961576432335368     
  -7.2801443167832902       -5.2490542663058788     
   4.1591075475582420       -2.3209131558166525     
  -5.9801656757815964        3.5170423496711969     
  -6.6911524649890541        4.2839816312948837     
   3.7130440044950053       -3.5783854696164616     
   10.386433582974123      -0.95450229011931831     
   8.3090229070420296        3.2226292083301349     


