  3    ***    0.12929E-01    0.3227486122E-01    0.0000000000E+00
  3    ***    0.12929E-01    0.6454972244E-01    0.0000000000E+00
  3    ***    0.12929E-01    0.9682458366E-01    0.0000000000E+00
  3    ***    0.12929E-01    0.1290994449E+00    0.0000000000E+00
  3    ***    0.12929E-01    0.1613743061E+00    0.0000000000E+00
  3    ***    0.12929E-01    0.1936491673E+00    0.0000000000E+00
  3    ***    0.12929E-01    0.2259240285E+00    0.0000000000E+00
  3    ***    0.12929E-01    0.2581988897E+00    0.0000000000E+00
  3    ***    0.12929E-01    0.2904737510E+00    0.0000000000E+00
  3    ***    0.12929E-01    0.3227486122E+00    0.0000000000E+00
  3    ***    0.12929E-01    0.3550234734E+00    0.0000000000E+00
  3    ***    0.12929E-01    0.3872983346E+00    0.0000000000E+00
  3    ***    0.12929E-01    0.4195731958E+00    0.0000000000E+00
  3    ***    0.12929E-01    0.4518480571E+00    0.0000000000E+00
  3    ***    0.12929E-01    0.4841229183E+00    0.0000000000E+00
  3    ***    0.12929E-01    0.5163977795E+00    0.0000000000E+00
  3    ***    0.12929E-01    0.5486726407E+00    0.0000000000E+00
  3    ***    0.12929E-01    0.5809475019E+00    0.0000000000E+00
  3    ***    0.12929E-01    0.6132223631E+00    0.0000000000E+00
  3    ***    0.12929E-01    0.6454972244E+00    0.0000000000E+00
  3    ***    0.12929E-01    0.6777720856E+00    0.0000000000E+00
  3    ***    0.12929E-01    0.7100469468E+00    0.0000000000E+00
  3    ***    0.12929E-01    0.7423218080E+00    0.0000000000E+00
  3    ***    0.12929E-01    0.7745966692E+00    0.0000000000E+00
  3    ***    0.12929E-01    0.8068715305E+00    0.0000000000E+00
  3    ***    0.12929E-01    0.8391463917E+00    0.0000000000E+00
  3    ***    0.12929E-01    0.8714212529E+00    0.0000000000E+00
  3    ***    0.12929E-01    0.9036961141E+00    0.0000000000E+00
  3    ***    0.12929E-01    0.9359709753E+00    0.0000000000E+00
  3    ***    0.12929E-01    0.9682458366E+00    0.0000000000E+00
  3    ***    0.12929E-01    0.1000520698E+01    0.5024829427E+03
  3    ***    0.12929E-01    0.1032795559E+01    0.1200806362E+04
  3    ***    0.12929E-01    0.1065070420E+01    0.3534983095E+03
  3    ***    0.12929E-01    0.1097345281E+01    0.1143559147E+03
  3    ***    0.12929E-01    0.1129620143E+01    0.1127831898E+02
  3    ***    0.12929E-01    0.1161895004E+01    0.6427169758E+01
  3    ***    0.12929E-01    0.1194169865E+01    0.6837121939E+01
  3    ***    0.12929E-01    0.1226444726E+01    0.1007726658E+02
  3    ***    0.12929E-01    0.1258719588E+01    0.1283160892E+02
  3    ***    0.12929E-01    0.1290994449E+01    0.9850683668E+01
  3    ***    0.12929E-01    0.1323269310E+01    0.1161948977E+02
  3    ***    0.12929E-01    0.1355544171E+01    0.1421119415E+02
  3    ***    0.12929E-01    0.1387819032E+01    0.1454788525E+02
  3    ***    0.12929E-01    0.1420093894E+01    0.1814732225E+02
  3    ***    0.12929E-01    0.1452368755E+01    0.1755639966E+02
  3    ***    0.12929E-01    0.1484643616E+01    0.1945398091E+02
  3    ***    0.12929E-01    0.1516918477E+01    0.1888227936E+02
  3    ***    0.12929E-01    0.1549193338E+01    0.1936396310E+02
  3    ***    0.12929E-01    0.1581468200E+01    0.2062385539E+02
  3    ***    0.12929E-01    0.1613743061E+01    0.2177111011E+02
  3    ***    0.12929E-01    0.1646017922E+01    0.2593878898E+02
  3    ***    0.12929E-01    0.1678292783E+01    0.2798654689E+02
  3    ***    0.12929E-01    0.1710567645E+01    0.5213249001E+02
  3    ***    0.12929E-01    0.1742842506E+01    0.1187849199E+03
  3    ***    0.12929E-01    0.1775117367E+01    0.1661332303E+03
  3    ***    0.12929E-01    0.1807392228E+01    0.1227632334E+03
  3    ***    0.12929E-01    0.1839667089E+01    0.6109746998E+02
  3    ***    0.12929E-01    0.1871941951E+01    0.4557976137E+02
  3    ***    0.12929E-01    0.1904216812E+01    0.4908392857E+02
  3    ***    0.12929E-01    0.1936491673E+01    0.5675010542E+02
  3    ***    0.12929E-01    0.1968766534E+01    0.6535822694E+02
  3    ***    0.12929E-01    0.2001041396E+01    0.1366900288E+03
  3    ***    0.12929E-01    0.2033316257E+01    0.1759148499E+03
  3    ***    0.12929E-01    0.2065591118E+01    0.1128471206E+03
  3    ***    0.12929E-01    0.2097865979E+01    0.7630751603E+02
  3    ***    0.12929E-01    0.2130140840E+01    0.4778827629E+02
  3    ***    0.12929E-01    0.2162415702E+01    0.3463211562E+02
  3    ***    0.12929E-01    0.2194690563E+01    0.2871673901E+02
  3    ***    0.12929E-01    0.2226965424E+01    0.2811907713E+02
  3    ***    0.12929E-01    0.2259240285E+01    0.3102674091E+02
  3    ***    0.12929E-01    0.2291515147E+01    0.3184363071E+02
  3    ***    0.12929E-01    0.2323790008E+01    0.3344969456E+02
  3    ***    0.12929E-01    0.2356064869E+01    0.3222964431E+02
  3    ***    0.12929E-01    0.2388339730E+01    0.3411935520E+02
  3    ***    0.12929E-01    0.2420614591E+01    0.3296408636E+02
  3    ***    0.12929E-01    0.2452889453E+01    0.3664231633E+02
  3    ***    0.12929E-01    0.2485164314E+01    0.4138278175E+02
  3    ***    0.12929E-01    0.2517439175E+01    0.4184768733E+02
  3    ***    0.12929E-01    0.2549714036E+01    0.4110698474E+02
  3    ***    0.12929E-01    0.2581988897E+01    0.4106397727E+02
  3    ***    0.12929E-01    0.2614263759E+01    0.4397026005E+02
  3    ***    0.12929E-01    0.2646538620E+01    0.6159042431E+02
  3    ***    0.12929E-01    0.2678813481E+01    0.8233924387E+02
  3    ***    0.12929E-01    0.2711088342E+01    0.8707433648E+02
  3    ***    0.12929E-01    0.2743363204E+01    0.8149938520E+02
  3    ***    0.12929E-01    0.2775638065E+01    0.6657181358E+02
  3    ***    0.12929E-01    0.2807912926E+01    0.5694692660E+02
  3    ***    0.12929E-01    0.2840187787E+01    0.5471292215E+02
  3    ***    0.12929E-01    0.2872462648E+01    0.5303582212E+02
  3    ***    0.12929E-01    0.2904737510E+01    0.5550470847E+02
  3    ***    0.12929E-01    0.2937012371E+01    0.5919086644E+02
  3    ***    0.12929E-01    0.2969287232E+01    0.5816547866E+02
  3    ***    0.12929E-01    0.3001562093E+01    0.6536605351E+02
  3    ***    0.12929E-01    0.3033836955E+01    0.6356665449E+02
  3    ***    0.12929E-01    0.3066111816E+01    0.5944479229E+02
  3    ***    0.12929E-01    0.3098386677E+01    0.5620919289E+02
  3    ***    0.12929E-01    0.3130661538E+01    0.5303009718E+02
  3    ***    0.12929E-01    0.3162936399E+01    0.4933117645E+02
  3    ***    0.12929E-01    0.3195211261E+01    0.4720681033E+02
  3    ***    0.12929E-01    0.3227486122E+01    0.4774584311E+02
  3    ***    0.12929E-01    0.3259760983E+01    0.4726062485E+02
  3    ***    0.12929E-01    0.3292035844E+01    0.4573125206E+02
  3    ***    0.12929E-01    0.3324310705E+01    0.4911102306E+02
  3    ***    0.12929E-01    0.3356585567E+01    0.5009305726E+02
  3    ***    0.12929E-01    0.3388860428E+01    0.5185557419E+02
  3    ***    0.12929E-01    0.3421135289E+01    0.5235850655E+02
  3    ***    0.12929E-01    0.3453410150E+01    0.5426750180E+02
  3    ***    0.12929E-01    0.3485685012E+01    0.5663369495E+02
  3    ***    0.12929E-01    0.3517959873E+01    0.5957587577E+02
  3    ***    0.12929E-01    0.3550234734E+01    0.5900389722E+02
  3    ***    0.12929E-01    0.3582509595E+01    0.5894926254E+02
  3    ***    0.12929E-01    0.3614784456E+01    0.6040294077E+02
  3    ***    0.12929E-01    0.3647059318E+01    0.6535283935E+02
  3    ***    0.12929E-01    0.3679334179E+01    0.6734371485E+02
  3    ***    0.12929E-01    0.3711609040E+01    0.5842890711E+02
  3    ***    0.12929E-01    0.3743883901E+01    0.6092148069E+02
  3    ***    0.12929E-01    0.3776158763E+01    0.5546734195E+02
  3    ***    0.12929E-01    0.3808433624E+01    0.5708447593E+02
  3    ***    0.12929E-01    0.3840708485E+01    0.5631909196E+02
  3    ***    0.12929E-01    0.3872983346E+01    0.5531932817E+02
  3    ***    0.12929E-01    0.3905258207E+01    0.5912903313E+02
  3    ***    0.12929E-01    0.3937533069E+01    0.5869267524E+02
  3    ***    0.12929E-01    0.3969807930E+01    0.6024241960E+02
  3    ***    0.12929E-01    0.4002082791E+01    0.5699164537E+02
  3    ***    0.12929E-01    0.4034357652E+01    0.5861197172E+02
  3    ***    0.12929E-01    0.4066632514E+01    0.5762550290E+02
  3    ***    0.12929E-01    0.4098907375E+01    0.5915883595E+02
  3    ***    0.12929E-01    0.4131182236E+01    0.5944580676E+02
  3    ***    0.12929E-01    0.4163457097E+01    0.5586004091E+02
  3    ***    0.12929E-01    0.4195731958E+01    0.5645121367E+02
  3    ***    0.12929E-01    0.4228006820E+01    0.5640109701E+02
  3    ***    0.12929E-01    0.4260281681E+01    0.5458566736E+02
  3    ***    0.12929E-01    0.4292556542E+01    0.5631082062E+02
  3    ***    0.12929E-01    0.4324831403E+01    0.5887993748E+02
  3    ***    0.12929E-01    0.4357106264E+01    0.5919191246E+02
  3    ***    0.12929E-01    0.4389381126E+01    0.5619919608E+02
  3    ***    0.12929E-01    0.4421655987E+01    0.5801868109E+02
  3    ***    0.12929E-01    0.4453930848E+01    0.5901905136E+02
  3    ***    0.12929E-01    0.4486205709E+01    0.5960048099E+02
  3    ***    0.12929E-01    0.4518480571E+01    0.6175074884E+02
  3    ***    0.12929E-01    0.4550755432E+01    0.5999178495E+02
  3    ***    0.12929E-01    0.4583030293E+01    0.6145382894E+02
  3    ***    0.12929E-01    0.4615305154E+01    0.6107975809E+02
  3    ***    0.12929E-01    0.4647580015E+01    0.6598486304E+02
  3    ***    0.12929E-01    0.4679854877E+01    0.6593706686E+02
  3    ***    0.12929E-01    0.4712129738E+01    0.6204658191E+02
  3    ***    0.12929E-01    0.4744404599E+01    0.6484222249E+02
  3    ***    0.12929E-01    0.4776679460E+01    0.6636383471E+02
  3    ***    0.12929E-01    0.4808954322E+01    0.6715159673E+02
  3    ***    0.12929E-01    0.4841229183E+01    0.6660022234E+02
  3    ***    0.12929E-01    0.4873504044E+01    0.6597495858E+02
  3    ***    0.12929E-01    0.4905778905E+01    0.6533105561E+02
  3    ***    0.12929E-01    0.4938053766E+01    0.6432823636E+02
  3    ***    0.12929E-01    0.4970328628E+01    0.6479171812E+02
  3    ***    0.12929E-01    0.5002603489E+01    0.6102319858E+02
  3    ***    0.12929E-01    0.5034878350E+01    0.6226182314E+02
  3    ***    0.12929E-01    0.5067153211E+01    0.5904577201E+02
  3    ***    0.12929E-01    0.5099428073E+01    0.6024888685E+02
  3    ***    0.12929E-01    0.5131702934E+01    0.6116048327E+02
  3    ***    0.12929E-01    0.5163977795E+01    0.6097500275E+02
  3    ***    0.12929E-01    0.5196252656E+01    0.6117896180E+02
  3    ***    0.12929E-01    0.5228527517E+01    0.6184711815E+02
  3    ***    0.12929E-01    0.5260802379E+01    0.6313387665E+02
  3    ***    0.12929E-01    0.5293077240E+01    0.6233033221E+02
  3    ***    0.12929E-01    0.5325352101E+01    0.6031053211E+02
  3    ***    0.12929E-01    0.5357626962E+01    0.5985379854E+02
  3    ***    0.12929E-01    0.5389901823E+01    0.6178232390E+02
  3    ***    0.12929E-01    0.5422176685E+01    0.6037359857E+02
  3    ***    0.12929E-01    0.5454451546E+01    0.5968886535E+02
  3    ***    0.12929E-01    0.5486726407E+01    0.5955305670E+02
  3    ***    0.12929E-01    0.5519001268E+01    0.5995053997E+02
  3    ***    0.12929E-01    0.5551276130E+01    0.6023054098E+02
  3    ***    0.12929E-01    0.5583550991E+01    0.6286924722E+02
  3    ***    0.12929E-01    0.5615825852E+01    0.6602352470E+02
  3    ***    0.12929E-01    0.5648100713E+01    0.6245221726E+02
  3    ***    0.12929E-01    0.5680375574E+01    0.6216601146E+02
  3    ***    0.12929E-01    0.5712650436E+01    0.6258711779E+02
  3    ***    0.12929E-01    0.5744925297E+01    0.6279115312E+02
  3    ***    0.12929E-01    0.5777200158E+01    0.6364913785E+02
  3    ***    0.12929E-01    0.5809475019E+01    0.6339668944E+02
  3    ***    0.12929E-01    0.5841749881E+01    0.6097441897E+02
  3    ***    0.12929E-01    0.5874024742E+01    0.5889311640E+02
  3    ***    0.12929E-01    0.5906299603E+01    0.5979272435E+02
  3    ***    0.12929E-01    0.5938574464E+01    0.5987209473E+02
  3    ***    0.12929E-01    0.5970849325E+01    0.5956414720E+02
  3    ***    0.12929E-01    0.6003124187E+01    0.6130768525E+02
  3    ***    0.12929E-01    0.6035399048E+01    0.5931862604E+02
  3    ***    0.12929E-01    0.6067673909E+01    0.5871977062E+02
  3    ***    0.12929E-01    0.6099948770E+01    0.5907831488E+02
  3    ***    0.12929E-01    0.6132223631E+01    0.5840104550E+02
  3    ***    0.12929E-01    0.6164498493E+01    0.5698231529E+02
  3    ***    0.12929E-01    0.6196773354E+01    0.5823791029E+02
  3    ***    0.12929E-01    0.6229048215E+01    0.5798299816E+02
  3    ***    0.12929E-01    0.6261323076E+01    0.5756753555E+02
  3    ***    0.12929E-01    0.6293597938E+01    0.5557477861E+02
  3    ***    0.12929E-01    0.6325872799E+01    0.5366493017E+02
  3    ***    0.12929E-01    0.6358147660E+01    0.5474994838E+02
  3    ***    0.12929E-01    0.6390422521E+01    0.5542169984E+02
  3    ***    0.12929E-01    0.6422697382E+01    0.5835478127E+02
  3    ***    0.12929E-01    0.6454972244E+01    0.5966036724E+02
