   1.9338785838153292       -5.1312787218282727     
   9.7897705947050966       0.88013548155192878     
   3.1873982286556970       0.80839496942246480     
  -1.4879016493146204       -12.089400989086357     
  -2.7916306535428599        4.8254385687170656     
  -7.1424307657215724       -2.3905017115281431     
  -1.1425848836464105       0.16591936941651539     
   11.681913377449543        3.8348745298867315     
 -0.97535158477028860       -8.9026233408405169     
  -2.7900993187429086        1.9970365020799974     
  -7.6607100634509147       -7.8291213464611777     
   9.1251043476750766       -7.9033412174606914     
  -8.3462788076031718       -6.6185959827630461     
  -8.2932589936682000        2.2255634462430063     
   7.9521310519610902       -2.9525111466672604     
   4.5009383191903085        5.5048835378012084     
  -9.3119338933439746        2.3036521371750460     
  -4.7523788658843777        11.458853331600455     
   4.6064390485146900       0.85717934425510434     
   9.8362422228334818       -4.1859327117769816     
  -6.1444850007467355        6.0105593469422889     
   8.1769089943512014        6.1127584791012755     
  -7.9721742004952985       -4.7420067871566633     
  -1.0573231139715704        8.7375113658571504     
   3.9246051645027258       0.13209960299813858     
   8.8228967805745508        2.1339053399157737     
   3.7803560862502295       -11.291307344239989     
   3.0592442913142448       -11.976832173315126     
  -10.829853386108354        3.6509641520731368     
  -3.4645819646623295        5.5636522793284291     
   12.113714662226212        1.5683644901895273     
  -2.9430746576823856       -9.1534986332409627     
   3.7049678259858054       -9.3469240764377037     
   9.3823127579889061       -1.4952712339692666     
   5.9234593714015009       -10.859876745102337     
  -2.0605400607061748        3.6067107375111624     
   3.0014002342617943       -8.6455574109410733     
  -4.0804191967836321       -2.1066407653064787     
   2.2586576268480509E-002   6.7204498044531800     
  -2.5549120818863407       -5.7348581614057448     
   7.4617482620394080        6.8588714273982667     
  -1.5609904597875530        2.7426153477509363     
   2.9892017752939708       -5.8617587273476337     
   1.3889232375548655        6.2404950980203147     
  -8.6495700312277624       -8.3474471077365440     
   7.2684573192230335       0.85387526156004045     
   7.7495022391452721       -6.5112240098817207     
  -4.0476849838420392       -4.4580085115380834     
   7.0757675123158617      -0.11549667820360796     
   6.8351428583891920        6.0849552895577572     
 -0.57943156631682891        2.5212382771623219     
  -5.1836909628137082       -5.1566306343734016     
   8.6984104061675804       -8.8034414169773374     
   11.784453537768430       0.63169118604317587     
 -0.41711191365146655        4.6254625965936773     
   5.8540724917516744        6.2206618261307112     
   5.3218941586684441       -2.1159790189997105     
   7.1041077540701147        2.1851159047226663     
  0.52814347639911852       -1.5075322808366205     
  -2.2640380387848791        10.199600451998666     
   3.2480199657970998E-002  -8.8969601521433468     
  0.78792699710664937       0.73049081144517547     
  -6.9154595034008279        7.8372189695531356     
  -6.5185471112288154        1.8137523832885645     
   2.3098477828179411       -7.9315664759208424     
   7.3994844088359946        4.7753924829947776     
  -2.0235795909437138        6.4261485618992138     
   6.6257261627780695       -8.5796588266211700     
   9.8847088166445207       -7.2131775384961339     
  -3.9442990796362243       -1.1155232530355059     
   1.8878419972018614       0.12194718261388153     
  -3.0333470717387181        3.7906444171408133     
   10.170824128481019       -5.1167714973346214     
   5.0255502589413457        8.4083077285852887     
  0.41317555436272907       -12.402797154790912     
  -9.8441965008169667        3.5548148527620214     
   7.5992789165811958       -1.9452325604671543     
   11.746638875667392       -4.0016529340974580     
   4.7488923931635885        9.3588599982072171     
 -0.96640664348399263        1.5956838840963861     
   6.1163227399423423       -5.8229458677439982     
   8.7936396328761663        1.1244157229795457     
   9.1743729155640779        8.0392567823957215     
  -3.0519180252262057       -6.5905512811249434     
  -3.6147652699397552       -8.1736414851129258     
   4.0347442428582472       -4.7586359424618978     
  -5.1622023585476411        5.3864648027233200     
   3.9644025021025593       -8.3879973407372699     
   2.6555832330504088        5.1604346642115875     
  -5.2870452581997469       -3.8284670749660386     
   9.7653582517233435        1.8470575865876495     
   2.2881390489923596        7.5581792584693979     
   4.0445089805540269        2.7064401205069357     
   3.1665643957794396        7.0850670075145707     
  -5.5870420755564503       -8.1886538372445195     
   9.4935518062748958       -2.4822641757378197     
  -2.1852642942467599       -1.5107070073590407     
  -3.7937677598062267      -0.11822041859234617     
  -1.2316078818846843       -4.0727619839213824     
   3.2601897975812766       -7.6818686819264572     
   10.758259764093427       -1.0075945441003755     
  -3.0117633464611515       0.48969063990980666     
   8.5833414058525026       -2.0848623819541361     
  -8.9673597124807323       -4.7437967439706696     
   7.9202113123326168        1.6172077836602901     
   6.9068964427865982       -1.2172768929392355     
  -9.1193324961801281       0.89352358862254788     
  -5.9103604588305627        4.3934654146711809     
   10.044305666984515        6.6336804449790892     
   10.940992007111012       -5.7402481138838013     
  -4.0434613041157172       -6.4850769599661797     
  -7.5129639032393190        8.6337716879686308     
  -8.5074592451953492        9.0346430214841558     
   11.130344334608512       -9.1775504725584545E-002
   5.9998520546447658       -2.8375274726068014     
   8.7678737283096471      -0.73709437678998424     
   10.842897139192843        6.0359946878042798     
   4.3423978029602530       -2.3040438080649004     
   8.8448991103914203       -4.2652817421802629     
  -2.0623970794555522       -6.8048745986364896     
  -3.2916981928782452       -10.151576336472282     
  -12.256404855713754        1.9460889476447243     
  -1.9328639848517120       -11.199553568765989     
   3.9758504543160962        3.6925398080215053     
  -10.863754829723497       -5.6630042074874849     
  -8.3754521828385311        3.2565224704091138     
   8.8927630822020873       -3.2672951624103868     
   4.5132725232308211        1.8421239805691838     
   11.251976861171242        4.7301367506093559     
   6.6060586968152704        9.8955233231818536     
  -6.5679131336997223       -8.3710301121446911     
  -7.7916211451190707       -3.7508122498064562     
  -6.9716640914628956      -0.79850885242159153     
   5.3674294937424802        7.3071207283400010     
   7.7941500920468689      -0.77588916292693000     
 -0.75284509413598877        7.6878480946388992     
   6.9784701702010006       -2.7154374425428047     
   5.2330985096165739       -10.146367199223441     
   10.062473319429836        5.4353499425566625     
   3.6118779393290743       -1.6215982377490918     
  -3.9015062450452009        10.756117701238434     
  -9.6426142760477500        5.4575391788259928     
  -10.942695070609600       -9.4501718187489897E-002
  0.40931359089480118       -5.8160598195717954     
   7.4735357216704443       -9.0921509863940830     
  -7.7911682965214597       -8.8549220181948769     
   1.4102366652598599        1.4945933264585671     
   10.267134350477608       -1.8798537160250586     
  -11.473779086120206       -3.4526271672107245     
   6.3990939456583327        8.3495695285657767     
   1.7703856062352379       -6.1120558367768005     
  -1.9887845359784324       -9.4595637020591568     
   4.7445676033123769       -9.0060859749372106     
   1.1311642567747464        2.4734669894135219     
   2.7657443243793058       -9.6655967739651398     
  -1.8975581610098324        9.2560893559392436     
  -4.9121200898232171        4.4238166619958506     
  -5.3353190255456084        6.8028425475788659     
  -11.590028769829008        1.2015447704396665     
  -3.3865792588446824       -5.1930136217541012     
   4.8869723218444516        6.4315093660978038     
 -0.90203958631855508        10.835953254902320     
   1.1692224859881186        5.2711833867224485     
  -5.9287465627597884       -6.8843702716854471E-002
  -3.9653862737413714        3.4460075190800992     
  -11.555297083380445        2.8356869992250808     
  -1.9434266565694160       -4.9488646979142690     
   2.7869624825142734       -2.1706509719329610     
   1.4108013505276438       -7.5346718693742343     
   11.102184729562568       -4.7557022795955062     
 -0.13651327603822169        10.126323538853017     
   8.1276181720215384       0.38100905634583704     
  0.65797521520517988        7.5761776102436951     
   9.1011096927982642       0.18256251275400101     
   5.1565135768272850       -4.4090044713858694     
  -4.2433264489836668       -3.0941265359757888     
   3.8973554273481668        6.4164061807551773     
   10.294039958980289        4.4655239248123362     
  -1.3583066527859307        4.3003741577402224     
  -10.865193849344678        2.1129438212784022     
   12.233189336946641      -0.36432882523157067     
  -6.6340878476012737        3.7143183032569778     
  -9.9580775728412156       -4.6595431961102278     
   5.2205610692378857       -5.4049574751241067     
  -2.0700345433232328       0.81572773023838052     
   2.5394635388050566       -1.2083700088136793     
  -1.4843250996350718E-002   1.3107420443118336     
  -1.0955298288246520        9.8616812679770476     
   5.8629031970097287        9.2009192418895189     
  -5.7988624488514668       -2.5606863900327479     
  -2.7624629421307239       -4.4019533102610904     
  -6.1747866760158479       -4.6386337039925110     
   3.7643668538043578        9.4954049391750228     
  -1.6739296359184039        5.4878896735491658     
   9.1781773147513164       -5.2405663143093530     
   7.9628812874593828        2.6318923767682532     
  -3.9210733450942565        4.4541166932295493     
  -10.815319187655659       -2.7120426208603110     
 -0.11010952982078469       0.30041776761323563     
  -9.8811418704636598       0.26228355665944936     
