  -7.8266314480533774        4.1634649957611529     
  -4.7113825682810813       -5.4298785124413822     
   11.880908111308635        1.9940253473533127     
   10.010953697568825       -4.6016694224776247     
   3.0236433443745510        9.6066479910004485     
   4.3503888446178260       -8.3316229289189003     
   6.0229859694266192       -1.9077163079824926     
   5.0993700642607704       -9.8963796980335541     
   5.0373870953752062      -0.41255100840661818     
  -4.1551915413450304       -10.760148772702431     
  -10.711429278695466        5.5925504347085724     
   6.0062616945354819       -9.4746426506262953     
   2.2121142057939132        5.4969146112125156     
   3.5999921680322307        11.177093784500915     
  -3.9875069228877140        8.2434172547825817     
  -8.0187606945582441        5.1815724105180925     
  -1.0716212407385204        4.9829926865476510     
   5.1815933332176876       -8.9003164777290120     
  -11.286725697530313       0.46734111844409204     
  -6.2025586615448409        2.9672835250360214     
  -7.0803255993555778        4.8314459238055489     
   4.1316020476145541       -11.318294973089770     
  -7.2501723345789584        5.8206698862099371     
  -8.0331626451128297        6.4527738526184546     
  -2.7116237751297230        9.4967773768242338     
  -5.9592916736652022       -8.1574823060024677     
   8.8424137325940055       -1.8346751068430440     
   7.2101825493891738       -2.4092615810857407     
   5.6808480098062617        8.6744733199003043     
   2.4587850217819831      -0.91666324489115547     
  -6.3455382987107605       -9.1293888930880076     
  -3.6725133768317895E-002  -6.1584236779091910     
  -5.5989342995089819       -5.8894215988341019     
  -3.0138255328308556        8.4840499685864863     
  -4.2450051857007143       -7.3520456684384667     
  -10.855653062356673      -0.43723921309366709     
  -11.209730834213348       -5.0102888513955524     
  -6.2433016166737021        1.9679706114595701     
  -9.7140313402974794        5.8692107975532890     
   9.5409753347138402       -1.0222325141227528     
 -0.52635401481454025       -8.4414971938033307     
  -7.1379973072204024        1.5149021157102613     
  -11.702847495772378       -4.1256087686767096     
  0.46966697338483654       -8.5440908435613885     
   10.701016879438109       -1.4879195686194733     
   7.5400790313529047       -3.3668510087561683     
   5.9155341555253544      -0.89234137528299085     
  -3.6785728965629381        9.2326729265481049     
  0.88286654435152934       -11.387494931388932     
   8.7703864192310643        2.1107043133985246     
   4.2756339243062662       -9.3304076573205261     
  -6.9465610547671330       -8.3300340985171371     
   7.5706905102126267        8.0563960196577380     
  -7.0320236822827988        3.5548518981572177     
   5.4600699279476430       -3.4690235548981336     
   11.351934612155080        2.8423040422290091     
   3.6694006312403187        4.4708335741507987     
  0.19905947057348944        12.319898857228671     
   1.8200184414130223        2.4628789581677881     
  -11.916620187201623      -0.32824880139841722     
   4.4479295707720716       -7.3356916108612182     
  -5.9539312512860159       -2.3429059096095770     
  0.78450659237341824        11.465780332272844     
   2.1631247250118530        1.4946191304578507     
  -10.441848991087310       -5.6579882712746903     
  -6.6994676601070076        7.9594490303824905     
  -10.515662617743386        6.5726549732344557     
   9.0946273015612444       -5.6244078152627486     
   7.7702543874544121        2.0589551587352291     
  0.45408422906136409        5.9191759598802074     
   4.6221126366289962       -6.3499991435176053     
   1.9114610802485206       -5.5348782582388525     
  -6.9435020930287541       -2.0558675305251644     
  0.21692448572133324        9.4832294438781251     
   7.8016801729538701       -4.3332161925272228     
   8.2234812164546209        2.9499984352876187     
   8.7677358080947805       -7.3644601595597399     
   1.4842654201326690        6.1832795010517074     
   10.148076474440575        7.1313611420515324     
  -9.9950213334101807        4.8930401670213683     
   1.1764609850223462        1.6539954830105352     
  -1.2734733533803138       -7.7676582369495994     
  -7.6090927391422882       -2.8200576961625683     
   4.2109456253169633      -0.97656819519650484     
  -7.7680388868538826       -9.0065956974968913     
 -0.99206790798523203        1.9950051273426137     
   10.167772879994155       -2.9293543050260915     
   3.3660357066712501      -0.41895415945265563     
   8.1912198834529839       -2.6052335617028368     
  -3.3505438148955293       -1.4108912585632740     
   5.0898494488096784       -1.4558039802202765     
   12.359257748517264        1.1149664068188765     
   9.1603535606717710        6.8941623872691125     
  -6.2365642590596408       -5.0866535448188763     
 -0.21605509998092745        11.410352048738641     
  -4.7944175481146063       -6.4879945339604248     
  -2.4318893204607583       -1.8077236975210733     
   4.2728879601730352       -2.0330612319355716     
   10.345595245008644        2.9166354650388202     
   9.0069462536255269       -4.5948865490121484     
   10.788154710887570        2.0100315462545111     
   1.5618416973608487        10.835367041601552     
   2.9163789720608735       -5.3425947540004355     
   10.405848029172720      -0.52067179330817481     
   7.5691617592425597      -0.68864468287378466     
   10.921877445352386       -5.0146394742991829     
   8.5177263458818882       -3.6357962631929857     
   4.6851018890851224        4.3708662024124072     
   3.8413117137119195       -5.7256652578782665     
  0.70679114863852555       -6.8304647378793266     
   11.339771280506163        1.1525416367177463     
   7.8601467197885588       -1.6458385001247722     
   3.6627455299291838       -6.7090471080344347     
   8.5508924148824974      -0.87694932535537917     
  -4.2672743530373394        7.2241884537370309     
  0.77831043117386778        6.8936497258760365     
   9.2824194912087421        2.9719344149069258     
  -8.5244203254083093       -5.1960843353993686     
   2.6781037908146015        4.6103605223938722     
   6.8179648700986224       -4.0684271973772121     
  -7.7253773157745327        8.1844303778366321     
  -9.4194560668165330       -5.6454040951314814     
   6.9936764687169211       -8.0509283124958024     
   1.6680270523543910       -6.5054579760316935     
  -7.5847415565740146       -4.8373997928687738     
   5.2711609987725643       -7.9031211043079361     
  -2.5677117477040023      -0.77869050644134730     
   2.1013636271945453        9.9921011317229897     
  0.63838483594787854        10.428249133331587     
  0.11875781383933459       -5.1707661126240252     
  -1.4512432270359068        1.0205756967469122     
   3.2696799773961742        5.4160954380498101     
  -6.3669255103013001       -4.0922674467922526     
   1.2476204739307444        5.2118145112594831     
  -1.4757466211991819       -8.7602061022511144     
   9.7703992136732687        2.0993056242469659     
   6.9158374246311505       -9.0532886561706682     
  -2.8741444508924689        4.3404122250746946     
  -1.9868066719212132        1.8916876415422306     
  -11.701941405530626       -2.1147690870954765     
  -1.5342055670729802        2.8341560539031896     
  -3.3061364089739005        7.5122404732444714     
  -4.9359484715678557       -11.386077124561604     
  -7.3666452773254010        7.2151401022965125     
  0.92013096742496092       -5.8374499063360714     
   3.5503745684409647        6.4275547620181701     
   6.6854573843146632        8.5952283780218224     
   6.0889518202381865       -8.4786690225978134     
  0.82636332434001869        2.5905381569949051     
   5.9626368796822121E-002  -7.6264806038239854     
  -8.5571546919022623       -6.1960089083943908     
   6.7822058478383518        1.9026279237357937     
 -0.60333215985749067        5.8709894263762488     
   5.1870299685049668       -2.4594049750102127     
   4.6686622429299769        10.988626404639248     
   3.3227890678913301       -1.4385527737001640     
  -9.0142898591967242        5.0841877779262488     
  -6.6415523303398105       -3.0731890974684375     
   6.0638129604501749        2.6046512155731216     
  -3.9619737614173580       -4.6517409042264779     
   5.0666626229776623        2.5071897442182358     
   9.5006974034642369        7.8950558418023329     
  -7.9497278903926167        3.1566358911697465     
  -10.701797154330452       -4.1339967571841019     
   10.921491681642038        3.7447051958189124     
  0.11264355331500508       -10.747227451554263     
 -0.67749623067197462       -4.5629850865719934     
   2.4183651897578353        3.3032213406148840     
   9.8320029398845659       -1.9820969980623333     
   2.0328148458799555        11.718450192952279     
  -12.338270648291475       -1.2620463960957939     
  -3.9499977780369147       -11.754775960125992     
  -8.3526655739952353        7.4003613811005922     
  -7.9639825951477627       -1.8855688068960554     
  -2.9822485255984219       -12.046113144028391     
   4.2747155766298235        5.2829165081765970     
  -8.7529072664665275       -8.7965948232616284     
   8.3953796699024448       -6.3664959456148376     
 -0.52212362218992980        2.8818576031834708     
  -6.5991792914222058       -6.0291866792441526     
   2.5829082026805050        10.867977986951741     
   1.2155224458189100        9.5286712097272019     
  -6.6210832560279112E-002   5.0276461624953503     
 -0.84365944277788640       -5.5515375065700105     
  -1.2098253893514677        6.6669963499564577     
   4.7387231813845094       -4.1628308027698084     
   9.5158137840325896       -3.7316151760280976     
  -2.3189357793835197        3.4905547316760477     
   4.5004042553993804       -3.1867147102808167     
   4.5428117089967861        6.2726322359183087     
 -0.21722883358385126        6.7930098896753845     
   3.7772718428038807       -3.8788441332189429     
   6.8208123335558106       -10.054796261989130     
 -0.45915639686419363        1.1475254455614727     
   2.1572000860966885        8.9938932921093038     
   9.1740840324877784       -2.7918707544126145     
  -9.9461663590635663       -4.7891672481484644     
  -7.1146777048675434        2.5577475961945604     
  -7.3311382137173631       -3.8172575815854080     
  -4.9370516270210834       -8.1353084213568589     
