  -4.2526329119550192      -0.93077725480558593     
  0.60872360065003139       -3.0826165938410610     
   4.9191490465706709        3.7282193329228477     
  -2.1278775483458729        2.4777080730449459     
  -3.3301287833320918       -5.0754171348025281     
   2.6645207523757923       0.33611402639797133     
   3.5899558734248318        2.2871919753110785     
  -4.3437560295163449        1.5860106451082085     
   1.1710539343221087       -6.8136973017242433     
   3.1699461503892494       -5.5354280799335225     
   2.6924044958923363       0.95940141456826611     
 -0.63268776362102774      -0.19983453066089588     
   4.9775706955721466       -4.1706043281708176     
  0.37240005747904364        5.3783188331929725     
   7.8614189917099306        2.7392690011643475     
   1.4712838219853701       -5.9414337454707589     
   5.5977933688918409      -0.27756651701195784     
   2.3309214371731333       -5.7340824493681506     
  -1.9849828558229430       -4.1781081403866898     
 -0.35464116899858777       0.73598102201187132     
  0.55960001395999137       -6.1406205397225841     
  -2.3779552114316127       -5.0030223749810157     
   3.1933546780413824        3.0847805271699360     
  -1.8424296733865260       -5.7838235485019371     
   3.3680509894525694       0.23394499749523695     
   5.9246279428986250       -4.1813098451123780     
  -1.9984164862890836      -0.57955992931213374     
 -0.35353908694304959       -6.3654994409470218     
   1.1070219301759798       -4.4086269051977540     
  0.13616872615723360        3.5860354511773220     
   3.4302215855173879       0.90245767249409725     
   3.7369185980430464       -1.3184100661713847     
  -1.1424874777875078        1.2056243131041384     
   1.7244196634194078       -5.0700983048445973     
  0.51886860972286986       -2.1878487911099591     
   3.1790412531930352        1.6422106114358246     
  -1.3260857508556132        1.9876391282454042     
  0.30369083702582972       -4.7028668568274021     
  -2.2517150960863108       -1.9816884612119521     
 -0.28870104443403816      -0.80440838246974489     
   1.8711951775859335       -4.2653961079914540     
  -4.5336225218706447       -3.9849241661443498E-002
   3.3745632733526674       -3.5660730951937736     
   4.1337878576018161       -2.2334406409924115     
  0.48552625336219635        2.6787788783749069     
   1.1159462966941294        4.7586225617617348     
  -2.7865544200356340       -5.8792666999062027     
   4.8055333172939276        6.3978597896620845E-002
   2.6868822282304854       -7.3065357939428788     
   2.5553528380884827       -2.4186342655285937     
   1.3171680537046284       -3.5413252211558843     
   4.4872346948002173        5.2013787288232702     
  0.88157381331102991       -5.2790913611032497     
   5.7131284750891336       -2.6083977859797582     
   3.4048910845404712        3.9447043059190365     
   7.5244630297838366       -2.0877516071142210     
 -0.45934477298503090        2.4519648953174538     
   2.3074228704042752        3.1077066024144715     
   6.9580327817943681        5.4805008021975271E-002
   2.8646477081767832      -0.38093824512835323     
  -2.3541454693536061       0.23043621551399082     
  -4.6279340121968167       -2.5297990794672365     
   1.7534947521880964       -1.3957180636681705     
  -2.9067668184830282       -2.7045406082792081     
   5.0423659594873191       -1.9973109882616720     
  -1.5840314674062970       -3.4018472262474524     
   6.6168627649040870       -2.4200416440218628     
  -1.4059455001181878        4.6714253858078791     
  -1.4675721995312083       -4.9269572448191692     
  -2.0526196947927158       -2.6947688931426641     
   1.5547730697092208      -0.48190016759034510     
   6.6497314857066812        1.6247088952897728     
  -2.6872294983829106E-002  -5.4872510580020197     
  0.54492704599483432       0.37862714208677273     
   2.0091910437885150       -3.0975354114725628     
   5.3162978266885013        2.1227926524374245     
   2.5778280253410304       -4.8165547870830157     
   5.5716748991159362        3.0134117215781799     
   5.4415651389340836       -3.4050161686796008     
   5.9048907602683300       -1.7763504654848585     
   1.1609343985316767       -1.0205911985696969     
   4.8103700484866403       -2.7627500280179507     
   3.6380542454028739       -7.1053891734630961     
   5.5024136613118921       0.64528625192709155     
   7.4151128914633517      -0.79337327369015309     
   1.5436118953004911        1.5085980472522191     
  -2.0087667491658672        1.5699377564261565     
   4.4280927954021596        2.0760144075883935     
   2.1306498732503072      -0.85623454513899122     
  -8.4078089660044250E-002  -3.2336174718747941     
   1.3370477213316185       0.22035456673272799     
  -4.9052521667343747       -1.6294626266383310     
   3.3910020784015225       -2.6989774890046507     
  0.25537372232519384       -7.0749714333545324     
   6.1646885094947912        4.8037783031014927     
  -4.9123642186862684       0.81783240061704487     
  -3.7206736511932115        2.3076417451009203     
  -5.1966533521749882      -0.71508936239480358     
  -2.5310841488555265       -1.2136484749189027     
   1.8606710955278098        4.1755093102611509     
  -3.8128787573262590       -4.2481671750453849     
   7.3058797228915306       0.89778578810262855     
   1.0949949414056479        2.2031091960467482     
 -0.62649217170572225        4.1314906143770811     
  -1.1584107783059496      -0.71927454875058150     
  -1.1341325613240176       -4.1323998096835117     
   1.9461997310795387       0.89797831369855330     
 -0.32532085408755834       -3.9925779730088360     
   1.8677621757183422       -2.2711120469050594     
 -0.96111291171283553       0.44880082100074292     
   4.0638274492768742       -4.0191104007358520     
  -4.1802061151737346       -3.3557695371896821     
   2.7033445834802650        4.5024861716784850     
   4.0614123377469458        3.4578136119015928     
   2.5880779562826608       -3.8998794911883219     
  -2.4661052908009249       -3.4427445672976456     
   6.3603622401859718       0.80007857195145893     
  0.25299287883149058        1.0485172820523141     
   2.1320326070369240       -6.2504833883881325E-002
   1.2537026211803524        5.7047143180420097     
   4.1979039045756732       0.72131936060269997     
  -1.2819743922283247       -6.5536531928108763     
 -0.54165209645517010       -2.0446338783634128     
  -2.6863349556176819        1.0340071254450596     
   6.4591602278247615      -0.66336173305242618     
 -0.44020633996953057        1.5196273887131941     
  0.58525728313440850       -3.8007442368911541     
   3.5223998537958754      -0.61862953168134915     
  0.29360461634399981      -0.56608829727019094     
  -1.7027437880428853       -1.3244520800633637     
  0.99980473548001469        3.8845684110642162     
   1.3733803150076376        2.9892402496901864     
  -3.9721844678641909       -1.8197680558797427     
   3.7266330508828140        5.7894042560015313     
   2.8593066412090127        5.4115572873337818     
 -0.80385849849641644       -3.3654597893345159     
   3.9875467901391071        1.4733237298608277     
   4.4249657120786701       -4.8528567377136493     
   1.9091961043685999        2.3958189789170157     
  0.54354989994402325       -1.2224641899690616     
   4.7905719876346478       -5.7711655363854666     
  0.77663145574162362        1.5129304281770375     
  0.24719266542921436        4.4509152150962050     
   3.5136496398863004       -4.7229746002662862     
   6.9562981640364230        2.4920274821651018     
   2.9773859879015565       -1.2593402982129680     
   5.2371604591723440       -1.1457439783721706     
   5.6872457841245241E-002  -1.6301893721748042     
  -2.9840339933919098        2.8840601370907986     
  -2.8412120694643881        1.9367838550990053     
   5.8042025377486848        3.9241161513957832     
   1.7452198544238136       -7.5467524428474588     
   3.8885062588813937       -6.1994215659440428     
  -3.0970142259245441       -1.9065100048189636     
   6.3779010940635699       -3.3273278669202058     
   4.3551264239936494      -0.71181367809627438     
   5.3647397429618611       -4.9980478590263298     
   4.8964769957378707        1.3564754493858149     
  -2.8240209342432028      -0.39851417712462034     
  -3.6432899407961998      -0.21000256067852427     
   6.7832588464996686       -1.5042975779347041     
  -1.7897196184602313       0.77216336185149215     
   1.0197629388291733       -1.8274048310917252     
 -0.69580635945604341        3.2849488643811631     
   1.9779634118514267        5.0804946060067149     
  -3.3788774292487420       -1.0867955221224237     
   3.1689724300737718       -1.9922041353391624     
   6.3269966814091756       -5.0402638374680864     
   7.6088605836461669        1.7863259277346779     
  -3.3384716266751657E-002  0.10262007745424485     
   2.4150741997500855        1.6161026881364300     
  0.82831329103776652      -0.30530012596327438     
   4.0548934047390635       -3.1061622485324181     
   2.7294982464542779       -3.1180147895059127     
   6.4797668122710466        3.2809800567831280     
  -1.3557631290992973        2.8201074401928450     
  -6.3346390651167914E-002  -2.5429457161657028     
 -0.51744387352259780        5.0544682977255864     
   7.8823717766699692        8.3052439902755362E-002
 -0.88218080518071895       -2.6922052886348729     
   4.4789457812788855       -1.4645999691531728     
  -2.8868430296141918       -4.2237801710068750     
  -1.5128876030744884       -1.1454006230757650E-002
  0.19504000664625484        1.9510593748003666     
 -0.92425109671439620       -5.6460386005002867     
   2.1521891413007070        6.0395384173686626     
   1.1087583575921212       0.86299476093740446     
 -0.90414033735377275       -1.4308194571095907     
   4.7273102693932261        2.8344159898937624     
  -1.4024150360474223       -2.0476074388821019     
   3.5951870356355276        4.8242882665615117     
  -4.7647047825168736       -4.1041273156240550     
 -0.57581628134494200       -4.8026683900650511     
  -1.4956690268578252        3.7195548528982720     
   4.0133619535204010       -1.7851365897916093E-002
   2.3911703396894226       -1.6827051573963105     
  -2.2920031720126288        4.2727226458097380     
   1.3436077515738751       -2.7008827584600104     
  -3.9465117639417224       0.69437419094731145     
   2.7434448541730849        2.3678512158050480     


