  -6.6876231047786492        3.6138297014539340     
  -3.4485778658922057       -1.6287999502804174     
   12.400348063949801       0.48024198973899640     
   10.101063550348348       -5.5145856474470518     
   1.9015549605985709        9.2551594655915430     
   4.6487608853081568       -8.5833782936476553     
   5.4462953901630593       -1.3743732854860140     
   4.6287894331799722       -10.459304280682824     
   2.6556236446054760       -1.8858837654389122     
  -4.3012440905062395       -11.025848163294077     
  -10.197745674394348        4.2956252281482286     
   5.6368718288413993       -10.295429731760205     
   2.2093765539860786        6.4124421630833277     
   4.4652516913289402        9.7590191491415652     
  -3.3294868361850858        8.0570567990336475     
  -8.1190885831060573        5.2538400261307636     
  -2.2313731429278394        6.2883663740237115     
   5.2814618087178049       -9.3597063822722166     
  -11.608113609196032      -0.78335789501419129     
  -6.0728242033950570        1.0066890169347469     
  -7.0881102861465619        5.3417936672297088     
   2.1272416681065311       -12.226133777493178     
  -5.0834891811148166        8.6445562875350905     
  -6.4480633199566801        7.5800374481172437     
  -3.1982110776915169        11.781746581263125     
  -6.1749740306639307       -10.763708377319421     
   8.2238493423569068       -2.8189473975897648     
   7.1734192745633356       -2.9367975122530146     
   6.6789102596590322        10.059576548992140     
   1.3773706660100886       -2.1872655962327325     
  -5.7221672764409757       -9.8378457664098420     
  0.84244767700027257       -8.4884899810831751     
  -3.7354519101118338       -5.3972627593168490     
  -5.1298677657330396        10.272200225170282     
  -3.2544254328833366       -8.1494782994429134     
  -11.183045337914416       -3.5598856276138986     
  -10.563486766151797       -5.5849211397047576     
  -6.9761795237461985        1.4376806616866684     
  -10.780085318465479        3.4356570526984953     
   10.667468824154749      -0.75959030406921402     
  -1.8299025008504917       -9.5841773907326839     
  -7.5738706726319034        2.2399211785975930     
  -10.208454585623235       -3.8997067566098833     
 -0.84845846635718913       -9.3886445751449923     
   10.891138035932086       -3.6351851100786163     
   8.2327640525391121       -4.6216327906585128     
   3.5020813646294844       -1.2260106736944745     
  -1.9851839473556012        8.7821762571466007     
   2.0338113414663068       -9.8358553684837169     
   9.6870752053460425        2.9032584057137267     
   4.2934981701679868       -9.5173006065897532     
  -6.4205408893932594       -9.1204349690398452     
   7.9113916509778948        8.6278770968933287     
  -4.9626676349878842        1.9503676204549527     
   6.2815978490716722       -2.4688737385728374     
   12.310028667703135        1.5657305629435647     
   4.3182376960976301        3.4669992491573467     
 -0.77428184450214244        11.875250772597846     
   1.4001239835441555        1.1401875592898858     
  -10.820392187440582       0.67831456934393997     
   4.3326493102168362       -7.6349259953337043     
  -4.9248226583823769       -2.4632940781748536     
  -1.5158764494265788        11.153023295189209     
   2.3983385924515690        1.0709890187849644     
  -9.5566339240911713       -5.7922338775226523     
  -6.1133747891483825        10.076052232044153     
  -9.7811548211209782        3.3819673384268492     
   8.7007505759287849       -5.9366403161562991     
   6.0642748455459161       0.93224838819148714     
 -0.29021831589605129        5.5082078349453845     
   4.1106064451086555       -6.3679955895599427     
   1.6156850646684100       -4.8795598569099727     
  -6.4228527918693938       -1.4676713757191988     
  -6.8035800570798194E-002   9.5983729919467713     
   9.1854117651022378       -5.0619121921713708     
   8.8052279209345503        3.3747342136594680     
   8.8150168318110023       -7.0047299220262405     
   1.2035467415168197        6.5674334968460419     
   9.5954974706105300        7.8629930975580793     
  -11.327231690985533        2.5986052036402731     
   1.8023963344436182       0.22439213051599050     
 -0.38124263896673594       -7.3053752623664527     
  -7.7778949524276149       -1.5079298862441350     
   3.2309438597548237       -2.7046254720629790     
  -4.9432241541876882       -7.7003347182462596     
  -1.8773845517448069        3.0731289613383468     
   10.469116599424336       -1.7892044115916519     
   1.5648933822827287       -1.2007765471225478     
   7.7937721787041898       -3.7213618262616381     
 -0.42658878987440535      -0.30518285145904356     
   4.4706224069791167       -1.6048688046770989     
   11.784265757217572      -0.31091501824913620     
   7.0789462285425353        6.7251921268790174     
  -4.1419727706135063       -4.4831563754125012     
  -1.7464446440199510        12.181039300245063     
  -2.9943429226870060       -7.1820353925383147     
  -1.4168333547516778       -1.4501901937634776     
   4.2582917806215219       -2.5840178957195907     
   11.354726900005256        1.9401973701901671     
   10.384341129613903       -4.5410410102801970     
   11.519151642968799       0.95429394714959770     
   1.2163857292503562        11.135140663971354     
   3.8444240191081436       -3.4941014677505278     
   9.6468982962866416       0.80746079447148300     
   7.2248853259431804      -0.76513573018758874     
   10.596349148203601       -6.4227016298768413     
   9.8498316122138529       -3.6952076912588416     
   5.2872575371447406        3.7206813637030520     
   3.8629570535378699       -5.3977237213320768     
   1.3100453138384003       -6.8205942479992663     
   10.555493465748585        1.2283720338700410     
   7.9680164169739847       -1.4345588430538738     
   3.1434831245068815       -6.1141207913003282     
   8.1513913280613579      -0.38807347735040959     
  -4.3289046164715055        7.9805550156103680     
 -0.43166881925392914        6.5075317376171835     
   8.9012832367981183        4.3798330130953884     
  -7.9910493649957273       -6.5522590418776296     
   2.0406592111443116        3.9578555740858379     
   7.7638309207499105       -5.5242094316804407     
  -6.9451456375658225        9.5190330176512887     
  -5.7541643620669767       -7.0567592949273701     
   7.2739404996367751       -7.9589440313916846     
   1.6540641213114611       -5.8805047027581283     
  -6.1993337947766429       -4.4645252728637166     
   5.3190946843509730       -7.8281971655700300     
  -1.7500435706203656        1.1915446055747110     
   2.5504059993713617        10.060719725613453     
 -0.55088661969204800        10.875560405830745     
 -0.21598213234576052       -4.0014756530714450     
  -2.1501238022738622        2.1098809274444830     
   3.5784008887412884        4.4249237536632000     
  -3.4648584921544434       -3.7442987834668466     
 -0.36327888130625058        4.5022669540617910     
  -1.9818199923799880       -6.9051558235044528     
   10.676268065398556        3.0858393625366136     
   6.8077747374256541       -9.1873616173958865     
  -3.1900024732549612        4.5801279991171562     
  -3.1122655568924635        1.8373311354598270     
  -10.934522136299027       -4.6127972529035004     
  -2.8562740866953469        2.8193923685173425     
  -3.2967430965957925        7.0579067329328113     
  -4.7511600229377358       -10.127465881812114     
  -5.9942010821092504        9.0751102095809522     
  0.73273929227257117       -5.4838357043075288     
   3.2340663542301464        6.2342118912737581     
   7.6446776207231499        9.6593170094389773     
   5.9708209369543326       -8.6360409191948424     
   1.0127713104940352        2.0930635047844239     
  -1.5087541661725166       -8.6357952007137548     
  -6.9378357687364431       -6.7048225521764930     
   5.1755081808416676       0.46719173664364261     
  -1.3911022755998781        6.9143057739300975     
   5.2365168522009151       -2.3684776086656694     
   4.0836130087781655        8.0242018798996551     
   2.2335109489409652       -2.7922718701704379     
  -10.326612998163789        2.5441859977478019     
  -5.9438911924135844       -2.4327865917358746     
   7.0513615874966122        2.6625261914109539     
  -2.4512165979152734       -1.5399461128831728     
   5.5643809573397016        4.6814273124736712     
   7.5715772373289338        5.8516199786432432     
  -6.4352896958998889        4.5820647096749250     
  -9.8879734629897236       -4.8469063841977036     
   12.144202997301862        2.5537522507013528     
   1.2882508644621993       -10.508746190953527     
  -1.0440051967575392       -2.9220668389613196     
   2.2126444118463495        2.9719417245370043     
   8.9421412613102209       -1.0045402785665709     
   1.0130887220977707        12.118977650752617     
  -10.733745871793410       -1.3678468632746643     
  -3.5065395335466736       -11.634945688189880     
  -6.8930736536719719        8.5168820726622005     
  -8.7623471721583801       -1.7147140928837064     
  -1.5880256579151648       -12.300496580216745     
   3.8581610641056630        5.4206338592339653     
  -7.5860426793536204       -7.4662432395092884     
   7.9179036380138195       -6.5576850931487014     
  -2.5569331661111279        3.8062128464179659     
  -4.7303781810993293       -5.2916186751487553     
   2.3801191609569692        11.116300825926142     
  0.57379358168586136        10.367595450683941     
  -1.2452499707236155        5.9252818065739463     
  0.59482141393797883       -7.5194461696903359     
  -1.4963139545861561        7.9085556415011018     
   5.3595010521091355       -4.3520720858565918     
   9.2756435848408287       -2.8754999367823029     
  -3.5371117433573795        3.5819271528452208     
   4.8734027737172845       -3.3906966381894703     
   5.0633650370683405        7.1238997696037565     
 -0.58120061148013924        7.4997870288216175     
   4.8484952463274480       -5.6400060179428753     
   6.6495209293456714       -10.177612978131870     
  -3.3121878149984036       0.85698845383263911     
   1.5597761766542695        10.195714142658591     
   8.7934433536821803       -3.7525507596081829     
  -6.1784514523815117       -6.0537442372940919     
  -5.7202000834131148        3.8687609445854521     
  -5.1364529574366955       -4.3758600181865619     
  -2.5272236449732506       -8.8615213688432402     


