  -9.0448197966860118        6.3247407372649365     
  -10.927114181791318       -1.0131387467781492     
   10.857156297131722       -2.5309781152419104     
   4.1799357240010959        1.9947225492149199     
  -10.278027602200574      -0.18497256013785074     
  -4.6981392313262180       -5.7511077608599690     
  -11.995029369728652      -0.78757237877976027     
  -8.5208612964273307      -0.79545400114226406     
  -7.7094168771715541        8.4240902412147936     
  -7.0535762707951131       -7.7595017153113419     
   6.4512663032231172        7.4537016531561511     
  -1.2742788806180352        2.6716769441487660     
  -8.3240518926450147       -3.7791567288222807     
  -7.6078956679177896       -6.9216614685378390     
  -2.2948213084212545        11.865783790174630     
  -1.4077820313814104        12.327707183108535     
   4.3216347740880954        11.580874909758853     
  -7.8052270359340161       -9.4712836461780581E-002
  -11.929797380274792       0.67925804612870178     
   3.3797855448177030       -6.9082125102416425     
   6.3216351083808888       -4.9802265471711813     
  0.14927503128851452      -0.17352971261705585     
   8.7965787905782413        7.4675278400121030     
  -4.7292430322464263      -0.13968589190881270     
  -8.5463447539808737        3.9202854659059350     
  -4.3597967710367120       -7.6254991623802288     
   6.4643724647109746        4.5033657465107968     
   2.2449985461883823       -8.8182141240339398     
   1.9334841881946812        7.8652369402824718     
  -5.7322020899138870      -0.15139211693765839     
   3.9715673785138255        10.554964256087777     
   9.0330990792964503       -3.2958879049664702     
  -2.7808775432652855      -0.78972915320090242     
 -0.27887345045057493        2.7615721236850486     
  -10.963080695853296       -2.4722870621091024     
   3.6197272158582097        4.3092569430994532     
  -4.0085870653283040       0.55305137122982895     
   7.4246598139773949       -6.6556657305211644     
  -1.4472933961804901        6.4231540101683660     
   6.2621582976301191       -3.9674619330510388     
 -0.73773252159886826       -6.5484525844466548     
  -7.2101398453759549       0.71046890426316378     
   5.4127361099559471E-002   7.5245866640232153     
  -1.1366764557730145       -5.6309785918318909     
   2.9718852492341372        10.475812218260458     
   2.8004485418358964      -0.19111979349364747     
   4.5091135833664833       -3.8066889684314589     
  0.38846947100286433        3.5056432807142333     
  0.47788411485625643        2.1086576523319174     
   6.6791380984964315        10.153432004138777     
   1.1798045451406995        8.5344724122589533     
   10.524184198892655        6.5735243898356339     
  -2.8376921131477646        8.9252265655695044     
   4.5011416649771609       -6.2455923502351256     
  -9.2284552588391158       -3.2618685594229277     
  -4.0724774027044397        3.5607163110509221     
  -11.335186487529141        1.4831559395255292     
   9.0994107348632287        8.4325205029716059     
  -1.8059131609958157       -6.3876132804480088     
  -5.5185841761468017        2.5900642850232045     
   1.9839321992555841        10.315996993303415     
   6.0593939638737329        3.0617225693381984     
   5.9941160562397799       -1.0264919256379070     
  -5.1604349420754643       -6.7215096815833402     
   7.2013373447743563       -4.4944788203410955     
   8.1782930022164599        3.1085267210696448     
   3.4857717093518295      -0.99503326708345674     
  -8.9211624272318417        4.8725026947077161     
  -2.3884484145982214       -11.270359077935563     
 -0.16935870652572244       -5.3646864818192768     
  -5.2100167153466606       0.73717163551884546     
   4.1041245981222101       -11.615428751889851     
   10.093474187094609       0.83962466328444674     
  -5.9062206554882000        10.914083941220941     
  -7.8463534093367819       -4.6908306265470712     
  -3.7207592168149244      -0.43452383640050113     
  -1.8909061914474736        5.4881751891003612     
   9.3208366761664685        1.4767730585277199     
  0.84343674605328312       0.54786274969233117     
 -0.56403503924191312       -2.8360522956724399     
  -10.567506520611493       0.82838814167300778     
  -4.1511140562751949       -6.5885191000275318     
   3.3445654990187421        7.5976772666229504     
   10.212187265535269        3.1512162613698376     
  -3.3884584124130681       -11.249396920253098     
   2.5127951085654172        7.0400386309542498     
  -8.7416179291845690        2.0328796304266654     
  -1.4103370958945949       -2.2248805171021875     
  -7.4860066160007461        9.3984829524982878     
   9.2898158836873836        4.9163552919821951     
   11.404693229508332      -0.62433623768562418     
  0.55394814711286167        6.6588372362084085     
  -10.967735507783097       -4.7472544419874874     
   8.1464740209646695       -4.9009423085391370     
   3.4415654921212724        1.3197131981416070     
   9.2138698752160675        3.0422753860223355     
  -7.3086436109682786        5.4905313699224152     
   3.8158902994047210       -1.9820514022693281     
   6.3787719354939929       -1.9647814594198867     
  -4.8606431305943243        7.6712763115021447     
  -3.7037146840327626       -5.6401358557493362     
   11.707065978434525        1.3077777099517049     
   9.4454770207303245      -0.38567496216248726     
   11.276664998534720       -1.6225612548987633     
 -0.44354219249383697        6.5570469394316939     
  -7.5467900879512992       -1.0646579804179161     
   5.4235386665820347       -3.4015362431115479     
   3.1761792861974780       -2.7519210604327302     
  -2.1249305650854078       -10.247740051612800     
   1.6784745667069039       -10.307500129557143     
  -4.5182117999207341        2.6461904848412185     
  -2.4519606758720562        4.1828518498810254     
  -4.1257767542982666        5.4478272904745468     
   2.3023066762257165       -2.2635855096645159     
  0.19169410305157880        5.7075416430054213     
  -4.3897707081728718       -9.6557803076550677     
   7.5892066214672473        9.7356254350441453     
  -1.4932575215921506        4.5354087697552163     
   3.0060722148861765        5.1229349698879538     
  0.23378237505807389       -6.3093187890177198     
  -9.5041475930226529       -7.5985141577083306     
   2.5639493051926752       -9.7682820583948704     
  -9.6998854198609656        5.5243523224302615     
  -6.8891555146303203       -8.7481677524974373     
   2.1128114318876925        5.5729522167666019     
  -10.735784361904090        2.2865883599457817     
  -3.5114256133658488       -3.8350888866631179     
   3.6304192088567300       -8.1790672654769594     
   7.4361421505363374        7.2714262107888894     
   8.2373882548346380       -2.6806098614327620     
   1.3415630598607686       -11.323192078985992     
   4.2996204936183160       -7.3167069359626868     
  -6.8469468273752918       -4.7180809266398960     
   7.0907316869401660        3.1442614588079834     
  -8.2864921688541511       -1.7680265835751943     
   7.3474292342328615       -2.2258582409376317     
   1.3800952685484851        3.7188256226960652     
   3.9266725162740581       -9.2329929578979169     
   6.7650321295698292        9.1558446074647630     
  -3.4145464620132278       -7.9660951823538140     
   5.4885087385068552       -10.604272985334077     
   5.6429361625178016       -9.6121984806437091     
   1.1955268602433706       -3.8532549277105912     
  -3.5188115992126736        6.2420079451824932     
  -7.7119730968795910        2.0409035540826088     
   8.2166062699350064       -5.9701488722720830     
  -1.0504036730817388       -10.257584492536315     
  -8.3001693404835049        2.9298429597833424     
  -5.7250525009542477        1.6062378139647233     
   4.9373954925042458        5.6330901104168136     
   1.1352895070580522        5.3571372669178050     
   7.5574710754857266       -8.5959724464510323     
   3.3882970068594029        3.3195310874763804     
  0.70199271409098118        4.4551835382857767     
  -11.630513887824831       -1.7281475797199444     
  -4.5638422800276865        6.3469709528125255     
  -8.3484562200534924       -2.7723729206260552     
  -2.6391520881394825       -3.3415942182045271     
  0.97326169385485495       -1.5552740407206862     
 -0.83307923400224937        5.6338992457199044     
  -11.344379962894939        3.0824204793349721     
  -3.5364597160599556       -1.4483489794001669     
  -8.4763223611701992       -7.4254195718765947     
   6.5651987476219560       -8.3624658564405845     
  -7.3223706167387466       -3.8386207062349365     
   4.4267961733545498      -0.64183749520925681     
   4.8747362309068096       -8.9014500720246605     
   5.3114438519646257        8.9964822403165456     
  -2.0951598653631121        3.2424489857193803     
   3.2350626841270103        2.3303119725349291     
   12.381396245104009      -0.83639456850972738     
 -0.87393289408972019       -4.6547211751610149     
   4.9991331122189662        3.1685545375392601     
   8.6435976914197372        2.2206871890551301     
  -7.2524481403880232        2.9323480600169822     
   8.7514398809954681        5.7716180405564659     
   6.3269191344989588       -2.9698326313459193     
   8.4583721033898804      -0.56044706000145705     
  -1.3987254589934683       -7.3012120755989933     
  -2.4504986670501321        6.3351909878628296     
  -1.4498976066752718        10.019196448656421     
   4.6925822425757886       -9.9310835674834337     
   1.7862143526558594       -7.1844416665816118     
  -4.4782999177134313       -1.1076705246854919     
  -6.4761575023687294        2.3014841893561937     
   4.5377701478488852       -2.7633480169749549     
  -8.9106528837268986       -5.2606185293242493     
   5.8876442743477142        5.3201279799933605     
  0.42739884991814103       -8.8891212857475743     
   10.006843610608325       -3.0571706657460593     
   1.8459110470844711        9.2816128150844754     
   1.3120434422927136        2.7201535770045151     
  -9.1851161499772687       -2.2255106802776186     
   5.5954221759844378        3.9712887380339383     
   1.0506859459095161       -4.8902205510068217     
  -8.2977261872230752        5.6544357290187675     
  0.46894757727846398       -3.1264995684645505     
  -6.5811242360239923       -1.3940824828866136     
  -2.5357044291616488       -1.7585555190938829     
  -2.4657214217543575        9.8563775586001245     


