 10    ***    0.12929E-01    0.3227486122E-01    0.0000000000E+00
 10    ***    0.12929E-01    0.6454972244E-01    0.0000000000E+00
 10    ***    0.12929E-01    0.9682458366E-01    0.0000000000E+00
 10    ***    0.12929E-01    0.1290994449E+00    0.0000000000E+00
 10    ***    0.12929E-01    0.1613743061E+00    0.0000000000E+00
 10    ***    0.12929E-01    0.1936491673E+00    0.0000000000E+00
 10    ***    0.12929E-01    0.2259240285E+00    0.0000000000E+00
 10    ***    0.12929E-01    0.2581988897E+00    0.0000000000E+00
 10    ***    0.12929E-01    0.2904737510E+00    0.0000000000E+00
 10    ***    0.12929E-01    0.3227486122E+00    0.0000000000E+00
 10    ***    0.12929E-01    0.3550234734E+00    0.0000000000E+00
 10    ***    0.12929E-01    0.3872983346E+00    0.0000000000E+00
 10    ***    0.12929E-01    0.4195731958E+00    0.0000000000E+00
 10    ***    0.12929E-01    0.4518480571E+00    0.0000000000E+00
 10    ***    0.12929E-01    0.4841229183E+00    0.0000000000E+00
 10    ***    0.12929E-01    0.5163977795E+00    0.0000000000E+00
 10    ***    0.12929E-01    0.5486726407E+00    0.0000000000E+00
 10    ***    0.12929E-01    0.5809475019E+00    0.0000000000E+00
 10    ***    0.12929E-01    0.6132223631E+00    0.0000000000E+00
 10    ***    0.12929E-01    0.6454972244E+00    0.0000000000E+00
 10    ***    0.12929E-01    0.6777720856E+00    0.0000000000E+00
 10    ***    0.12929E-01    0.7100469468E+00    0.0000000000E+00
 10    ***    0.12929E-01    0.7423218080E+00    0.0000000000E+00
 10    ***    0.12929E-01    0.7745966692E+00    0.0000000000E+00
 10    ***    0.12929E-01    0.8068715305E+00    0.0000000000E+00
 10    ***    0.12929E-01    0.8391463917E+00    0.0000000000E+00
 10    ***    0.12929E-01    0.8714212529E+00    0.0000000000E+00
 10    ***    0.12929E-01    0.9036961141E+00    0.0000000000E+00
 10    ***    0.12929E-01    0.9359709753E+00    0.0000000000E+00
 10    ***    0.12929E-01    0.9682458366E+00    0.0000000000E+00
 10    ***    0.12929E-01    0.1000520698E+01    0.4533233726E+03
 10    ***    0.12929E-01    0.1032795559E+01    0.9811462671E+03
 10    ***    0.12929E-01    0.1065070420E+01    0.2719169548E+03
 10    ***    0.12929E-01    0.1097345281E+01    0.1079099020E+03
 10    ***    0.12929E-01    0.1129620143E+01    0.2069660106E+02
 10    ***    0.12929E-01    0.1161895004E+01    0.1185009424E+02
 10    ***    0.12929E-01    0.1194169865E+01    0.1138590102E+02
 10    ***    0.12929E-01    0.1226444726E+01    0.1287499828E+02
 10    ***    0.12929E-01    0.1258719588E+01    0.1637683695E+02
 10    ***    0.12929E-01    0.1290994449E+01    0.1939192178E+02
 10    ***    0.12929E-01    0.1323269310E+01    0.2001972697E+02
 10    ***    0.12929E-01    0.1355544171E+01    0.1612565554E+02
 10    ***    0.12929E-01    0.1387819032E+01    0.1744787555E+02
 10    ***    0.12929E-01    0.1420093894E+01    0.1575890048E+02
 10    ***    0.12929E-01    0.1452368755E+01    0.2213433959E+02
 10    ***    0.12929E-01    0.1484643616E+01    0.2576701039E+02
 10    ***    0.12929E-01    0.1516918477E+01    0.2337284463E+02
 10    ***    0.12929E-01    0.1549193338E+01    0.2221601968E+02
 10    ***    0.12929E-01    0.1581468200E+01    0.2574831640E+02
 10    ***    0.12929E-01    0.1613743061E+01    0.2407580230E+02
 10    ***    0.12929E-01    0.1646017922E+01    0.2779444107E+02
 10    ***    0.12929E-01    0.1678292783E+01    0.3132910973E+02
 10    ***    0.12929E-01    0.1710567645E+01    0.4316888361E+02
 10    ***    0.12929E-01    0.1742842506E+01    0.7708929969E+02
 10    ***    0.12929E-01    0.1775117367E+01    0.1058027018E+03
 10    ***    0.12929E-01    0.1807392228E+01    0.8286380605E+02
 10    ***    0.12929E-01    0.1839667089E+01    0.6845296356E+02
 10    ***    0.12929E-01    0.1871941951E+01    0.5971604181E+02
 10    ***    0.12929E-01    0.1904216812E+01    0.6560774844E+02
 10    ***    0.12929E-01    0.1936491673E+01    0.7089055401E+02
 10    ***    0.12929E-01    0.1968766534E+01    0.8529231780E+02
 10    ***    0.12929E-01    0.2001041396E+01    0.1602749798E+03
 10    ***    0.12929E-01    0.2033316257E+01    0.1293203941E+03
 10    ***    0.12929E-01    0.2065591118E+01    0.8663643189E+02
 10    ***    0.12929E-01    0.2097865979E+01    0.6509511198E+02
 10    ***    0.12929E-01    0.2130140840E+01    0.4917231683E+02
 10    ***    0.12929E-01    0.2162415702E+01    0.4320972939E+02
 10    ***    0.12929E-01    0.2194690563E+01    0.4093983864E+02
 10    ***    0.12929E-01    0.2226965424E+01    0.4142768317E+02
 10    ***    0.12929E-01    0.2259240285E+01    0.4134456122E+02
 10    ***    0.12929E-01    0.2291515147E+01    0.4166834436E+02
 10    ***    0.12929E-01    0.2323790008E+01    0.4045874469E+02
 10    ***    0.12929E-01    0.2356064869E+01    0.3928251329E+02
 10    ***    0.12929E-01    0.2388339730E+01    0.3999531239E+02
 10    ***    0.12929E-01    0.2420614591E+01    0.4104445759E+02
 10    ***    0.12929E-01    0.2452889453E+01    0.4475057557E+02
 10    ***    0.12929E-01    0.2485164314E+01    0.4576339153E+02
 10    ***    0.12929E-01    0.2517439175E+01    0.4887925540E+02
 10    ***    0.12929E-01    0.2549714036E+01    0.4754292680E+02
 10    ***    0.12929E-01    0.2581988897E+01    0.5476051134E+02
 10    ***    0.12929E-01    0.2614263759E+01    0.5706643823E+02
 10    ***    0.12929E-01    0.2646538620E+01    0.6292771640E+02
 10    ***    0.12929E-01    0.2678813481E+01    0.7869700711E+02
 10    ***    0.12929E-01    0.2711088342E+01    0.8614723511E+02
 10    ***    0.12929E-01    0.2743363204E+01    0.8558580608E+02
 10    ***    0.12929E-01    0.2775638065E+01    0.8310754680E+02
 10    ***    0.12929E-01    0.2807912926E+01    0.6521341594E+02
 10    ***    0.12929E-01    0.2840187787E+01    0.6849592211E+02
 10    ***    0.12929E-01    0.2872462648E+01    0.7413275397E+02
 10    ***    0.12929E-01    0.2904737510E+01    0.7301993224E+02
 10    ***    0.12929E-01    0.2937012371E+01    0.7390135559E+02
 10    ***    0.12929E-01    0.2969287232E+01    0.7166877542E+02
 10    ***    0.12929E-01    0.3001562093E+01    0.8914053288E+02
 10    ***    0.12929E-01    0.3033836955E+01    0.7045168031E+02
 10    ***    0.12929E-01    0.3066111816E+01    0.6496351099E+02
 10    ***    0.12929E-01    0.3098386677E+01    0.6289670027E+02
 10    ***    0.12929E-01    0.3130661538E+01    0.5864554537E+02
 10    ***    0.12929E-01    0.3162936399E+01    0.5482634774E+02
 10    ***    0.12929E-01    0.3195211261E+01    0.5682396994E+02
 10    ***    0.12929E-01    0.3227486122E+01    0.5718445103E+02
 10    ***    0.12929E-01    0.3259760983E+01    0.5993981029E+02
 10    ***    0.12929E-01    0.3292035844E+01    0.5769343167E+02
 10    ***    0.12929E-01    0.3324310705E+01    0.5647469528E+02
 10    ***    0.12929E-01    0.3356585567E+01    0.5640143637E+02
 10    ***    0.12929E-01    0.3388860428E+01    0.5742127585E+02
 10    ***    0.12929E-01    0.3421135289E+01    0.5878866797E+02
 10    ***    0.12929E-01    0.3453410150E+01    0.5880095190E+02
 10    ***    0.12929E-01    0.3485685012E+01    0.5586619800E+02
 10    ***    0.12929E-01    0.3517959873E+01    0.5746358896E+02
 10    ***    0.12929E-01    0.3550234734E+01    0.5760856621E+02
 10    ***    0.12929E-01    0.3582509595E+01    0.6231384125E+02
 10    ***    0.12929E-01    0.3614784456E+01    0.6610339979E+02
 10    ***    0.12929E-01    0.3647059318E+01    0.6753488899E+02
 10    ***    0.12929E-01    0.3679334179E+01    0.6996423253E+02
 10    ***    0.12929E-01    0.3711609040E+01    0.6478954483E+02
 10    ***    0.12929E-01    0.3743883901E+01    0.6732405669E+02
 10    ***    0.12929E-01    0.3776158763E+01    0.6313519487E+02
 10    ***    0.12929E-01    0.3808433624E+01    0.6062137284E+02
 10    ***    0.12929E-01    0.3840708485E+01    0.6041924564E+02
 10    ***    0.12929E-01    0.3872983346E+01    0.5991364525E+02
 10    ***    0.12929E-01    0.3905258207E+01    0.6070975210E+02
 10    ***    0.12929E-01    0.3937533069E+01    0.6259937238E+02
 10    ***    0.12929E-01    0.3969807930E+01    0.6508176925E+02
 10    ***    0.12929E-01    0.4002082791E+01    0.6393621345E+02
 10    ***    0.12929E-01    0.4034357652E+01    0.5799018084E+02
 10    ***    0.12929E-01    0.4066632514E+01    0.5928122158E+02
 10    ***    0.12929E-01    0.4098907375E+01    0.5816037459E+02
 10    ***    0.12929E-01    0.4131182236E+01    0.5803975085E+02
 10    ***    0.12929E-01    0.4163457097E+01    0.5872953642E+02
 10    ***    0.12929E-01    0.4195731958E+01    0.5852772480E+02
 10    ***    0.12929E-01    0.4228006820E+01    0.5748603370E+02
 10    ***    0.12929E-01    0.4260281681E+01    0.5650666147E+02
 10    ***    0.12929E-01    0.4292556542E+01    0.6044668704E+02
 10    ***    0.12929E-01    0.4324831403E+01    0.5533203403E+02
 10    ***    0.12929E-01    0.4357106264E+01    0.5137639894E+02
 10    ***    0.12929E-01    0.4389381126E+01    0.5273372934E+02
 10    ***    0.12929E-01    0.4421655987E+01    0.5509349485E+02
 10    ***    0.12929E-01    0.4453930848E+01    0.5604105982E+02
 10    ***    0.12929E-01    0.4486205709E+01    0.5397432502E+02
 10    ***    0.12929E-01    0.4518480571E+01    0.5491632755E+02
 10    ***    0.12929E-01    0.4550755432E+01    0.5459071187E+02
 10    ***    0.12929E-01    0.4583030293E+01    0.5706992571E+02
 10    ***    0.12929E-01    0.4615305154E+01    0.5839925379E+02
 10    ***    0.12929E-01    0.4647580015E+01    0.6105871255E+02
 10    ***    0.12929E-01    0.4679854877E+01    0.5852848686E+02
 10    ***    0.12929E-01    0.4712129738E+01    0.5762918451E+02
 10    ***    0.12929E-01    0.4744404599E+01    0.5736096242E+02
 10    ***    0.12929E-01    0.4776679460E+01    0.5663369495E+02
 10    ***    0.12929E-01    0.4808954322E+01    0.5732235892E+02
 10    ***    0.12929E-01    0.4841229183E+01    0.5789961017E+02
 10    ***    0.12929E-01    0.4873504044E+01    0.5758257566E+02
 10    ***    0.12929E-01    0.4905778905E+01    0.5769329919E+02
 10    ***    0.12929E-01    0.4938053766E+01    0.5960597874E+02
 10    ***    0.12929E-01    0.4970328628E+01    0.5906504332E+02
 10    ***    0.12929E-01    0.5002603489E+01    0.5847836770E+02
 10    ***    0.12929E-01    0.5034878350E+01    0.5928137816E+02
 10    ***    0.12929E-01    0.5067153211E+01    0.5899370343E+02
 10    ***    0.12929E-01    0.5099428073E+01    0.5824403982E+02
 10    ***    0.12929E-01    0.5131702934E+01    0.5990732636E+02
 10    ***    0.12929E-01    0.5163977795E+01    0.5905915641E+02
 10    ***    0.12929E-01    0.5196252656E+01    0.5860233748E+02
 10    ***    0.12929E-01    0.5228527517E+01    0.5970271470E+02
 10    ***    0.12929E-01    0.5260802379E+01    0.5695337602E+02
 10    ***    0.12929E-01    0.5293077240E+01    0.5767658327E+02
 10    ***    0.12929E-01    0.5325352101E+01    0.5570364958E+02
 10    ***    0.12929E-01    0.5357626962E+01    0.5894291297E+02
 10    ***    0.12929E-01    0.5389901823E+01    0.6198420693E+02
 10    ***    0.12929E-01    0.5422176685E+01    0.5995399963E+02
 10    ***    0.12929E-01    0.5454451546E+01    0.5845567429E+02
 10    ***    0.12929E-01    0.5486726407E+01    0.5761202367E+02
 10    ***    0.12929E-01    0.5519001268E+01    0.6033288522E+02
 10    ***    0.12929E-01    0.5551276130E+01    0.5983854653E+02
 10    ***    0.12929E-01    0.5583550991E+01    0.6087339811E+02
 10    ***    0.12929E-01    0.5615825852E+01    0.6430923792E+02
 10    ***    0.12929E-01    0.5648100713E+01    0.6073024286E+02
 10    ***    0.12929E-01    0.5680375574E+01    0.6091816416E+02
 10    ***    0.12929E-01    0.5712650436E+01    0.5971313119E+02
 10    ***    0.12929E-01    0.5744925297E+01    0.6032931756E+02
 10    ***    0.12929E-01    0.5777200158E+01    0.5932939629E+02
 10    ***    0.12929E-01    0.5809475019E+01    0.5936771974E+02
 10    ***    0.12929E-01    0.5841749881E+01    0.5920810772E+02
 10    ***    0.12929E-01    0.5874024742E+01    0.5806814135E+02
 10    ***    0.12929E-01    0.5906299603E+01    0.5864297160E+02
 10    ***    0.12929E-01    0.5938574464E+01    0.5639722626E+02
 10    ***    0.12929E-01    0.5970849325E+01    0.5863112830E+02
 10    ***    0.12929E-01    0.6003124187E+01    0.5988000964E+02
 10    ***    0.12929E-01    0.6035399048E+01    0.5931862604E+02
 10    ***    0.12929E-01    0.6067673909E+01    0.5781797749E+02
 10    ***    0.12929E-01    0.6099948770E+01    0.5863521400E+02
 10    ***    0.12929E-01    0.6132223631E+01    0.6023934809E+02
 10    ***    0.12929E-01    0.6164498493E+01    0.5695023366E+02
 10    ***    0.12929E-01    0.6196773354E+01    0.6134421585E+02
 10    ***    0.12929E-01    0.6229048215E+01    0.5897777856E+02
 10    ***    0.12929E-01    0.6261323076E+01    0.6160505382E+02
 10    ***    0.12929E-01    0.6293597938E+01    0.5949203590E+02
 10    ***    0.12929E-01    0.6325872799E+01    0.5730164097E+02
 10    ***    0.12929E-01    0.6358147660E+01    0.5795864163E+02
 10    ***    0.12929E-01    0.6390422521E+01    0.5866572080E+02
 10    ***    0.12929E-01    0.6422697382E+01    0.5996092325E+02
 10    ***    0.12929E-01    0.6454972244E+01    0.6118187254E+02
