  5    ***    0.12929E-01    0.3227486122E-01    0.0000000000E+00
  5    ***    0.12929E-01    0.6454972244E-01    0.0000000000E+00
  5    ***    0.12929E-01    0.9682458366E-01    0.0000000000E+00
  5    ***    0.12929E-01    0.1290994449E+00    0.0000000000E+00
  5    ***    0.12929E-01    0.1613743061E+00    0.0000000000E+00
  5    ***    0.12929E-01    0.1936491673E+00    0.0000000000E+00
  5    ***    0.12929E-01    0.2259240285E+00    0.0000000000E+00
  5    ***    0.12929E-01    0.2581988897E+00    0.0000000000E+00
  5    ***    0.12929E-01    0.2904737510E+00    0.0000000000E+00
  5    ***    0.12929E-01    0.3227486122E+00    0.0000000000E+00
  5    ***    0.12929E-01    0.3550234734E+00    0.0000000000E+00
  5    ***    0.12929E-01    0.3872983346E+00    0.0000000000E+00
  5    ***    0.12929E-01    0.4195731958E+00    0.0000000000E+00
  5    ***    0.12929E-01    0.4518480571E+00    0.0000000000E+00
  5    ***    0.12929E-01    0.4841229183E+00    0.0000000000E+00
  5    ***    0.12929E-01    0.5163977795E+00    0.0000000000E+00
  5    ***    0.12929E-01    0.5486726407E+00    0.0000000000E+00
  5    ***    0.12929E-01    0.5809475019E+00    0.0000000000E+00
  5    ***    0.12929E-01    0.6132223631E+00    0.0000000000E+00
  5    ***    0.12929E-01    0.6454972244E+00    0.0000000000E+00
  5    ***    0.12929E-01    0.6777720856E+00    0.0000000000E+00
  5    ***    0.12929E-01    0.7100469468E+00    0.0000000000E+00
  5    ***    0.12929E-01    0.7423218080E+00    0.0000000000E+00
  5    ***    0.12929E-01    0.7745966692E+00    0.0000000000E+00
  5    ***    0.12929E-01    0.8068715305E+00    0.0000000000E+00
  5    ***    0.12929E-01    0.8391463917E+00    0.0000000000E+00
  5    ***    0.12929E-01    0.8714212529E+00    0.0000000000E+00
  5    ***    0.12929E-01    0.9036961141E+00    0.0000000000E+00
  5    ***    0.12929E-01    0.9359709753E+00    0.0000000000E+00
  5    ***    0.12929E-01    0.9682458366E+00    0.0000000000E+00
  5    ***    0.12929E-01    0.1000520698E+01    0.6920411763E+03
  5    ***    0.12929E-01    0.1032795559E+01    0.1386772092E+04
  5    ***    0.12929E-01    0.1065070420E+01    0.3540937939E+03
  5    ***    0.12929E-01    0.1097345281E+01    0.1342108502E+03
  5    ***    0.12929E-01    0.1129620143E+01    0.2852056580E+02
  5    ***    0.12929E-01    0.1161895004E+01    0.1580968990E+02
  5    ***    0.12929E-01    0.1194169865E+01    0.1386959022E+02
  5    ***    0.12929E-01    0.1226444726E+01    0.2134968069E+02
  5    ***    0.12929E-01    0.1258719588E+01    0.2396997460E+02
  5    ***    0.12929E-01    0.1290994449E+01    0.2447198639E+02
  5    ***    0.12929E-01    0.1323269310E+01    0.2120179627E+02
  5    ***    0.12929E-01    0.1355544171E+01    0.2250719349E+02
  5    ***    0.12929E-01    0.1387819032E+01    0.2411066319E+02
  5    ***    0.12929E-01    0.1420093894E+01    0.2847373400E+02
  5    ***    0.12929E-01    0.1452368755E+01    0.3037463148E+02
  5    ***    0.12929E-01    0.1484643616E+01    0.3293073179E+02
  5    ***    0.12929E-01    0.1516918477E+01    0.3719502360E+02
  5    ***    0.12929E-01    0.1549193338E+01    0.3381724231E+02
  5    ***    0.12929E-01    0.1581468200E+01    0.3141882654E+02
  5    ***    0.12929E-01    0.1613743061E+01    0.3487904692E+02
  5    ***    0.12929E-01    0.1646017922E+01    0.3513636890E+02
  5    ***    0.12929E-01    0.1678292783E+01    0.3833069107E+02
  5    ***    0.12929E-01    0.1710567645E+01    0.6088267720E+02
  5    ***    0.12929E-01    0.1742842506E+01    0.1225356218E+03
  5    ***    0.12929E-01    0.1775117367E+01    0.1659089532E+03
  5    ***    0.12929E-01    0.1807392228E+01    0.1315726745E+03
  5    ***    0.12929E-01    0.1839667089E+01    0.8792338775E+02
  5    ***    0.12929E-01    0.1871941951E+01    0.7307287822E+02
  5    ***    0.12929E-01    0.1904216812E+01    0.8425581069E+02
  5    ***    0.12929E-01    0.1936491673E+01    0.9643238125E+02
  5    ***    0.12929E-01    0.1968766534E+01    0.1247227577E+03
  5    ***    0.12929E-01    0.2001041396E+01    0.2573475908E+03
  5    ***    0.12929E-01    0.2033316257E+01    0.2080534532E+03
  5    ***    0.12929E-01    0.2065591118E+01    0.1175952013E+03
  5    ***    0.12929E-01    0.2097865979E+01    0.8136099392E+02
  5    ***    0.12929E-01    0.2130140840E+01    0.6439676281E+02
  5    ***    0.12929E-01    0.2162415702E+01    0.5339564575E+02
  5    ***    0.12929E-01    0.2194690563E+01    0.4383716596E+02
  5    ***    0.12929E-01    0.2226965424E+01    0.4652807633E+02
  5    ***    0.12929E-01    0.2259240285E+01    0.5375818878E+02
  5    ***    0.12929E-01    0.2291515147E+01    0.5211432667E+02
  5    ***    0.12929E-01    0.2323790008E+01    0.5117176442E+02
  5    ***    0.12929E-01    0.2356064869E+01    0.5164610832E+02
  5    ***    0.12929E-01    0.2388339730E+01    0.4923885826E+02
  5    ***    0.12929E-01    0.2420614591E+01    0.5721887243E+02
  5    ***    0.12929E-01    0.2452889453E+01    0.5732444848E+02
  5    ***    0.12929E-01    0.2485164314E+01    0.5411184847E+02
  5    ***    0.12929E-01    0.2517439175E+01    0.5880230940E+02
  5    ***    0.12929E-01    0.2549714036E+01    0.5999958884E+02
  5    ***    0.12929E-01    0.2581988897E+01    0.6363955541E+02
  5    ***    0.12929E-01    0.2614263759E+01    0.6403841328E+02
  5    ***    0.12929E-01    0.2646538620E+01    0.7572572664E+02
  5    ***    0.12929E-01    0.2678813481E+01    0.9521671146E+02
  5    ***    0.12929E-01    0.2711088342E+01    0.1016395869E+03
  5    ***    0.12929E-01    0.2743363204E+01    0.1058250411E+03
  5    ***    0.12929E-01    0.2775638065E+01    0.9275736230E+02
  5    ***    0.12929E-01    0.2807912926E+01    0.8716318252E+02
  5    ***    0.12929E-01    0.2840187787E+01    0.9138222104E+02
  5    ***    0.12929E-01    0.2872462648E+01    0.8999285876E+02
  5    ***    0.12929E-01    0.2904737510E+01    0.8908978017E+02
  5    ***    0.12929E-01    0.2937012371E+01    0.9591644111E+02
  5    ***    0.12929E-01    0.2969287232E+01    0.9653799634E+02
  5    ***    0.12929E-01    0.3001562093E+01    0.1027511195E+03
  5    ***    0.12929E-01    0.3033836955E+01    0.9450569455E+02
  5    ***    0.12929E-01    0.3066111816E+01    0.8355685038E+02
  5    ***    0.12929E-01    0.3098386677E+01    0.7179204503E+02
  5    ***    0.12929E-01    0.3130661538E+01    0.6807147626E+02
  5    ***    0.12929E-01    0.3162936399E+01    0.6670469328E+02
  5    ***    0.12929E-01    0.3195211261E+01    0.6726841209E+02
  5    ***    0.12929E-01    0.3227486122E+01    0.6375667043E+02
  5    ***    0.12929E-01    0.3259760983E+01    0.6799732621E+02
  5    ***    0.12929E-01    0.3292035844E+01    0.6786931264E+02
  5    ***    0.12929E-01    0.3324310705E+01    0.7020829177E+02
  5    ***    0.12929E-01    0.3356585567E+01    0.6959884105E+02
  5    ***    0.12929E-01    0.3388860428E+01    0.7221765961E+02
  5    ***    0.12929E-01    0.3421135289E+01    0.7272068437E+02
  5    ***    0.12929E-01    0.3453410150E+01    0.7377855285E+02
  5    ***    0.12929E-01    0.3485685012E+01    0.8017026819E+02
  5    ***    0.12929E-01    0.3517959873E+01    0.7776031815E+02
  5    ***    0.12929E-01    0.3550234734E+01    0.7662227675E+02
  5    ***    0.12929E-01    0.3582509595E+01    0.7481348159E+02
  5    ***    0.12929E-01    0.3614784456E+01    0.7936792943E+02
  5    ***    0.12929E-01    0.3647059318E+01    0.8734536454E+02
  5    ***    0.12929E-01    0.3679334179E+01    0.8928606330E+02
  5    ***    0.12929E-01    0.3711609040E+01    0.9392393442E+02
  5    ***    0.12929E-01    0.3743883901E+01    0.9231703241E+02
  5    ***    0.12929E-01    0.3776158763E+01    0.9222407360E+02
  5    ***    0.12929E-01    0.3808433624E+01    0.8828372101E+02
  5    ***    0.12929E-01    0.3840708485E+01    0.8809743186E+02
  5    ***    0.12929E-01    0.3872983346E+01    0.8478603348E+02
  5    ***    0.12929E-01    0.3905258207E+01    0.8271302204E+02
  5    ***    0.12929E-01    0.3937533069E+01    0.8317240838E+02
  5    ***    0.12929E-01    0.3969807930E+01    0.8516257579E+02
  5    ***    0.12929E-01    0.4002082791E+01    0.8620501844E+02
  5    ***    0.12929E-01    0.4034357652E+01    0.8282090867E+02
  5    ***    0.12929E-01    0.4066632514E+01    0.7586275713E+02
  5    ***    0.12929E-01    0.4098907375E+01    0.7634203398E+02
  5    ***    0.12929E-01    0.4131182236E+01    0.7635842239E+02
  5    ***    0.12929E-01    0.4163457097E+01    0.7463859021E+02
  5    ***    0.12929E-01    0.4195731958E+01    0.7026315894E+02
  5    ***    0.12929E-01    0.4228006820E+01    0.6871005494E+02
  5    ***    0.12929E-01    0.4260281681E+01    0.6656864272E+02
  5    ***    0.12929E-01    0.4292556542E+01    0.6944873085E+02
  5    ***    0.12929E-01    0.4324831403E+01    0.7310970078E+02
  5    ***    0.12929E-01    0.4357106264E+01    0.7550452497E+02
  5    ***    0.12929E-01    0.4389381126E+01    0.7935994021E+02
  5    ***    0.12929E-01    0.4421655987E+01    0.7718909803E+02
  5    ***    0.12929E-01    0.4453930848E+01    0.7719813408E+02
  5    ***    0.12929E-01    0.4486205709E+01    0.7829549859E+02
  5    ***    0.12929E-01    0.4518480571E+01    0.7806281848E+02
  5    ***    0.12929E-01    0.4550755432E+01    0.7847142965E+02
  5    ***    0.12929E-01    0.4583030293E+01    0.8150892645E+02
  5    ***    0.12929E-01    0.4615305154E+01    0.8478971217E+02
  5    ***    0.12929E-01    0.4647580015E+01    0.8943731436E+02
  5    ***    0.12929E-01    0.4679854877E+01    0.9043260966E+02
  5    ***    0.12929E-01    0.4712129738E+01    0.9051114267E+02
  5    ***    0.12929E-01    0.4744404599E+01    0.8698007757E+02
  5    ***    0.12929E-01    0.4776679460E+01    0.8531309199E+02
  5    ***    0.12929E-01    0.4808954322E+01    0.8488263632E+02
  5    ***    0.12929E-01    0.4841229183E+01    0.8404913993E+02
  5    ***    0.12929E-01    0.4873504044E+01    0.8143995451E+02
  5    ***    0.12929E-01    0.4905778905E+01    0.8224034910E+02
  5    ***    0.12929E-01    0.4938053766E+01    0.8327070114E+02
  5    ***    0.12929E-01    0.4970328628E+01    0.8623191080E+02
  5    ***    0.12929E-01    0.5002603489E+01    0.8108516847E+02
  5    ***    0.12929E-01    0.5034878350E+01    0.8144147786E+02
  5    ***    0.12929E-01    0.5067153211E+01    0.8489782299E+02
  5    ***    0.12929E-01    0.5099428073E+01    0.8554876291E+02
  5    ***    0.12929E-01    0.5131702934E+01    0.8122384659E+02
  5    ***    0.12929E-01    0.5163977795E+01    0.7770672742E+02
  5    ***    0.12929E-01    0.5196252656E+01    0.7512192644E+02
  5    ***    0.12929E-01    0.5228527517E+01    0.7458109036E+02
  5    ***    0.12929E-01    0.5260802379E+01    0.7206614176E+02
  5    ***    0.12929E-01    0.5293077240E+01    0.7411110764E+02
  5    ***    0.12929E-01    0.5325352101E+01    0.7692998470E+02
  5    ***    0.12929E-01    0.5357626962E+01    0.7985635332E+02
  5    ***    0.12929E-01    0.5389901823E+01    0.8072874010E+02
  5    ***    0.12929E-01    0.5422176685E+01    0.8160895374E+02
  5    ***    0.12929E-01    0.5454451546E+01    0.8094932104E+02
  5    ***    0.12929E-01    0.5486726407E+01    0.8048376270E+02
  5    ***    0.12929E-01    0.5519001268E+01    0.8048367459E+02
  5    ***    0.12929E-01    0.5551276130E+01    0.8507467400E+02
  5    ***    0.12929E-01    0.5583550991E+01    0.8438072160E+02
  5    ***    0.12929E-01    0.5615825852E+01    0.8609594432E+02
  5    ***    0.12929E-01    0.5648100713E+01    0.8976448238E+02
  5    ***    0.12929E-01    0.5680375574E+01    0.8467369444E+02
  5    ***    0.12929E-01    0.5712650436E+01    0.8539433674E+02
  5    ***    0.12929E-01    0.5744925297E+01    0.8364502357E+02
  5    ***    0.12929E-01    0.5777200158E+01    0.8295958096E+02
  5    ***    0.12929E-01    0.5809475019E+01    0.8084610047E+02
  5    ***    0.12929E-01    0.5841749881E+01    0.8404932866E+02
  5    ***    0.12929E-01    0.5874024742E+01    0.8459080841E+02
  5    ***    0.12929E-01    0.5906299603E+01    0.8668354354E+02
  5    ***    0.12929E-01    0.5938574464E+01    0.8526194837E+02
  5    ***    0.12929E-01    0.5970849325E+01    0.8482742810E+02
  5    ***    0.12929E-01    0.6003124187E+01    0.8191563355E+02
  5    ***    0.12929E-01    0.6035399048E+01    0.8104493986E+02
  5    ***    0.12929E-01    0.6067673909E+01    0.8171549539E+02
  5    ***    0.12929E-01    0.6099948770E+01    0.8250322066E+02
  5    ***    0.12929E-01    0.6132223631E+01    0.8151420663E+02
  5    ***    0.12929E-01    0.6164498493E+01    0.7866414775E+02
  5    ***    0.12929E-01    0.6196773354E+01    0.7823741186E+02
  5    ***    0.12929E-01    0.6229048215E+01    0.7773573881E+02
  5    ***    0.12929E-01    0.6261323076E+01    0.7811834561E+02
  5    ***    0.12929E-01    0.6293597938E+01    0.7866983832E+02
  5    ***    0.12929E-01    0.6325872799E+01    0.8138312712E+02
  5    ***    0.12929E-01    0.6358147660E+01    0.8110892277E+02
  5    ***    0.12929E-01    0.6390422521E+01    0.7821236535E+02
  5    ***    0.12929E-01    0.6422697382E+01    0.8131286177E+02
  5    ***    0.12929E-01    0.6454972244E+01    0.8088996133E+02
