   11.774088824163030        3.9205943166963615     
   1.3970101852677854        7.2575476144984092     
   9.7483618141948529       -6.1360589978800313     
   4.4160198218089244        5.3348805251524096     
  -8.6356493242364056       0.20581490962137419     
  -8.5075182399267995        6.7524186338921117     
  0.65361876260493368        9.8352561938451064     
 -0.48910748946791532       -9.0150323165533717     
   11.223350478826411        3.0607485105238088     
   8.6703849982375303      -0.54130838550373594     
  -3.0141985439072974        10.392806060768228     
  -7.7139356890007216        9.3893938691462573     
   4.7892693011777059      -0.60747845197671857     
   6.9718949383794815       -9.7899557614054000     
   1.1422240209257588      -0.21674895591098983     
  -4.3256786928851714       -1.3672675805748566     
  -12.185709027811971       -1.2551877233426969     
   5.9828480679724576       0.84750800478459531     
   7.9391909837204855       -9.5375477041981185     
  -5.1461211290001083       -1.9460210839647198     
   5.2018164843978285        2.5037097624064337     
 -0.98584410467405015       -6.5354053813071191     
  -4.8808580359081395        3.0137776565609773     
  -5.3670598813026311        9.0201644794597815     
   6.2013726739760680        8.0451138153355561     
   4.4983461070196880        3.2657191616346837     
   2.4251787336437447        1.2571904209475115     
  0.74410959224209661       -6.7461611904336616     
   6.8605907361346139        4.8781860294558426     
   9.5721394599539806        6.6154935171101918     
  -2.4979495450181513       -4.3092466035083197     
  -5.7343489079517438       -2.8778489596778449     
 -0.10182715711376185        5.0886308709374095     
  -11.820278941977838       -3.7792756709721491     
   7.5961004406867705      -0.97966533648508491     
  -4.9976304570118417        5.0935215426113176     
  -12.207417008312161        2.0026262744661918     
   3.3427604577166212       0.38075840816393530     
   2.6793876442417464        6.8513696187725284     
  0.44580314690204603       -12.249562878934913     
  -4.6370077016599174       -7.8774140245442350     
 -0.38687313699858344      -0.32026975959107190     
  -5.3732207349898209        11.186069351610531     
   3.7308516977487249       -10.773660203891003     
  -6.8707146300408519        7.5917559660824567     
  -1.1292228961656821        9.9285155602168889     
  -2.1296510439628520        9.9265695920376480     
  -8.9191005068750080        7.8554188556104441     
  -7.3646493013418555        5.6589121153961930     
   7.1483012525727476        3.1526159014607864     
   6.7108478400464628        10.422506897813676     
   9.1542350390924039        2.4962476059931187     
   2.1515555996390576        10.875370293801838     
  -10.285180514450124       -2.6819153497054362     
  0.66358670168797396        5.7322833731419536     
   7.3079943506333427       -5.9750385073461647     
   5.8967795714052569        5.1447350143414114     
   3.3913641487127295       -8.5503234047745291     
 -0.26133152928519515        9.4303782491832440     
  -7.6635748867395366        2.6653347872614224     
  -11.223249023613695        1.8266629074747021     
  -7.1470016878439431       -4.4073383209966073     
   6.2686067738608671       -8.7084801327154402     
  -8.7007669040021671       -3.7321318617038139     
   5.2756183087128656       -8.5938926371197368     
  -2.3661900431313216       -8.1997469706697448     
  -5.5671503659279606        4.2702696193996559     
   7.5404575312646074        9.7868262545939686     
  -3.0033090080295248        4.9478805455191939     
  -2.1216838190448524        8.8508010703902098     
  -6.3364993306518880      -0.56212115707603771     
  -2.2014208049549735       -11.559662445734910     
   2.6508553143744829        2.3279270372667442     
   1.6939488285972952        11.765518759153572     
   7.7511360011910657       -3.0895014420240288     
   8.5779065412751674       -5.0551478430667496     
   8.3145555089357845        5.8420687118262045     
 -0.79163768602284246       -3.2654554259732507     
  0.42379253207503104      -0.91359461645834894     
  -4.4498807853380598        11.584261430777467     
   3.5942846451165589       -7.5651785492516295     
   11.146600800263240        5.4459543645389550     
 -0.68983985501354739       -12.205386926754565     
   5.2412559617429935        5.8993817653253400     
  -8.6717948980196748        1.3231880676962990     
   1.9663686818655739        3.8768755775208938     
   10.747496256095012       -6.2039902202940151     
   7.3628241929794367        8.6771159892007610     
  -5.5837642343536427       -9.9229649403416254     
  -3.2226119761216592       -9.9951564799870454     
  0.80575799603163556        3.5633818657376737     
   3.7682060386534979       -11.821684352743310     
  0.56714948926245079        7.8160035740048110     
  -5.5722467918378706        1.1524970328133155     
 -0.22448540227156222        8.4291405409774978     
  -5.6361290849339420       0.15307848125675952     
  -6.6214373521873364       -3.5393767199652664     
   3.8039519417942773       -9.4611537689550946     
   5.3703158721154676       -1.4836935411962358     
  -5.2967969014576983        7.9873861746780976     
  -11.746231718694684        6.8748176018794085E-002
  -3.0037761470587609        2.6721180256095005     
   5.2206158533557740        1.4951937891330838     
   4.3438412249957254       -8.2278423006975974     
   2.6884203616396389      -0.38614171003436770     
  -10.071824538067650        3.5631311065190254     
  -11.233517527258973       -1.5641735391988858     
   10.373766943895420       -4.2854980339688540     
  -10.517177499125532        1.1133221990166937     
   12.006270213162297       -3.1385242877933961     
  -1.0517810935574194        10.926021600290312     
  -7.5081385053512939        6.8185882934585456     
   2.9508098237516713       -5.0056663114488069     
   6.2198474479305785        6.1086818549266271     
   6.6332176325515517        9.3640577484522609     
  -4.9141052007991997       -10.975765823707691     
  -1.6288180831793815       -3.8127648055187007     
  -4.8508484743963276       -8.8668643546902004     
 -0.60088760233637240        11.923264345552202     
   1.6261744981590152        1.8586282601700552     
   2.9108354797923011        3.3005271405326866     
  -3.3512863166011546       -8.3898377806882447     
  -10.227634417211060       -1.6839153533790987     
  -3.8478536388240925        2.1364590181563985     
   2.5360887300269170        5.7971338023840930     
  -4.6436244604664108       0.29871991637617296     
  -5.6552601608692123       -7.6840639538025464     
  -4.3323211341902015        7.7244613864245251     
  -6.2567310801629175        10.716320214462424     
  -8.4746107919359037       -7.8434662658617675     
  -5.0374747414464744       -5.9254809511032658     
   3.1107317488127126        10.589635936241390     
   7.8625572711969687        4.9103419070460328     
   3.9315828170586555        11.769927492224141     
  -9.3207318499422449       -2.9461334073633636     
  -1.2714138690193164       -5.1820733326086081     
  -1.3559458056053102       -2.3445178221566008     
  -1.4263819311226102       -9.3725397177802847     
 -0.76105935761745602       -4.3116709839502105     
  -3.4290991874260190        6.8321191232526592     
  -7.5121738118550283       -8.1299133608850838     
  -1.0246328555648969        4.4098021742018423     
  0.52072804651874982        6.7220056979979974     
  -3.4228443436149845        8.8799576436782495     
   8.7531205655029272       -6.0393733599535233     
   11.214132012469817       -5.3143685238498239     
  -10.126636291161518       -4.6518444140520492     
  -11.552137629561656       -2.5175958904067328     
   9.6102858764915631       -2.4886828107730961     
  -2.2897059076661126       -2.9392345515268348     
  -5.8381657622032632        3.3039761058716990     
  0.48436612392916295       -10.170908748457887     
  0.66971055278489777       -2.2858672189076974     
   8.1559739734179892        2.4052581328838647     
  -6.1947274405085135        8.4284155785688686     
  -2.7830948916527518       -7.0521586006339989     
  -1.8141395218599474       -7.3657215861065453     
  -6.9593239676073191       -9.1066155578766992     
   10.868507405388927       -6.5580669540458311E-002
  -1.8215895955736649E-002   2.9360334314898151     
   3.4008063586372073        5.2048049254579061     
   8.8143887535316967        7.2704193314071137     
   3.4468828370207976        6.2108988315282696     
  -8.0239545723839463       -6.2264608609905281     
  -8.4975464868232891        8.7675234756357554     
   4.9557870239031354       -6.5111706215759186     
  -3.9656181274698699        5.9869665183936620     
   1.4464859788829836       -10.475826441647344     
   7.2658981042201862       -8.7963754218225780     
   10.475502699041700        6.1866299472021975     
   6.1681051677859342        2.8136084053333397     
  0.83241799296162122        4.7280933065201296     
   11.699285247666968        1.4629834574965013     
   5.0775359506312308       -9.5741644062880624     
 -0.24337238719636839       -5.1705902053386792     
  -10.246145945776929       -6.3430718394758694     
   6.7145042564417885       -7.8063394156231869E-002
 -0.50957057944358863        2.0641010382807199     
  -7.9381275680435541       -3.0852481367518232     
  -4.8329447372913199        1.9649583671756679     
   5.7664431059814909      -0.39612219408766947     
   10.178989618747375      -0.79006974188681667     
  -6.8286584916336652       -6.3507227361591925     
   9.2000682603773711       -1.3892576735973383     
  -1.1243226866043881        8.9186998599027945     
  -5.0157982605539280      -0.63314602614062099     
  -2.1150514742981743        3.1293633937850296     
   2.0226483314152435        8.5831245893066086     
   5.4814146260692009        6.8706857653033078     
  -1.8331790743390961       0.91179694256949995     
  -3.4936383758016434       -2.9288638248910042     
   9.2541215081037382       -8.2676413382297458     
  -5.6774189771744652       -3.8758092661205414     
  -10.043381418575779       -3.6546962161140200     
  -11.126290491171174       -4.5015670667868459     
  -4.2321743538495511       -4.5115855440904369     
  -6.5155383199223307       -8.2065834750933284     
  -5.7234827574651819       -6.6644039029689210     
   6.5068025201662110       -1.0686616897703876     
  0.70341230736760463        2.2437309257304103     


