  0.55134484538030160       0.95171303965840315     
  -1.6945240385293829       -9.5250601890871547     
  -9.1672790215259763        4.7068262622780273     
   1.8028211197051622        12.230878292710853     
   1.7555727600454094        7.9813458694775754     
   11.089869958828077        2.3581506047852772     
  -10.044579089106326       -3.1133010395065912     
   3.5014346481392233       -7.4227990569273358E-002
   3.4577612349996372        7.6239193447200773     
  -2.3062914576679838       -12.005789019209487     
  -4.5365278660188979       -5.0083366087752372     
  -5.6456981055430697        1.6069558133010744     
  -4.8341718327982246       -9.6377334715475076     
   6.1196693543060769       0.15484048908691475     
  -8.6571929767595570        5.8728218039183231     
   10.881557177138967       -2.3146378576757756     
  -5.2268138641973714       -4.1926164746293502     
   7.1614252311103836        7.5723326919710914     
  -4.7476229058372272        3.3593470979635147     
   2.4565828713210274       0.31987700324374646     
  0.69476592622156230        7.8255790624407151     
  -1.4915013326982909        9.3891810890243779     
   1.3935929355763659       -11.302015037046443     
   5.4431949451654775       -1.2367561485834546     
   6.4920497621224929        10.576010247778449     
   5.9273316790418802       -9.8634053794707199     
   2.4756014659852208        6.0035427436296622     
 -0.69782381777990077       0.92904912254964789     
  0.86566474820402550        8.8112542606648816     
 -0.23707382647980793       -7.8852076624856018     
   2.5687180267282925       -7.9011412326808390     
  -1.9634167764749839       -8.5619463251528209     
  -6.1750094975958616       0.12727205327567978     
   9.0227302576448309        3.3011041873444706     
  -4.6593025584725112        11.501687812536163     
   9.4318866996544575       -6.5899727743368643     
   2.5058422359005363        7.3198073094006517     
   8.4426316041399332       -6.7317131019288938     
   2.7751833725721053       -3.2511654246378443     
  -3.4847658557421495       -2.7558617551410003     
  -7.5766158285810388        3.9559491923185202     
   6.9161047443243557       -2.8686258983003055     
   5.6569858134702793        1.9608258673600667     
   3.1239264775829270       -10.975394362143140     
   10.390395107240378       -3.1868950664687250     
   11.645000754034770        4.2890709988764915     
   7.0101750345151395       -8.7062948918642800     
   5.6690523533077926        2.9605655098874331     
   6.1450621149534319       -3.6269128179930585     
   2.1724177161944374       -10.662499133987170     
   8.7871689753680293        6.9466077061369083     
  -5.2855537891112494        7.3860533529618646     
   4.9337732823117522        4.8192363269839031     
   8.7544289818802995E-002   2.7346343215138202     
  -4.8458396234587005       -5.9601676672935753     
   6.9384027532207586       -4.8304211519645079     
  -2.7441202668674425        8.9673313755217201     
  -10.788262771913383       -1.7032512781156413     
  -6.7451779259618077        1.6673957822234686     
   1.6429116341688306       -9.8033151865955244     
  -10.919694922796390        1.7213897026346445     
  -1.6105682509391182        1.3398743743203667     
  -3.0378705554929386       -6.8831573335473362     
  0.49730463322216445       -2.2384333789693218     
   7.3443011506730356        8.9878482666745967     
  -8.8788732524933103       -2.2778564672381565     
  -8.0017290957026148       -3.6671795242810936     
  -3.3334809842569477       -5.4246206847116678     
   5.9542643263751387       -2.5972564889542191     
   8.9334847626504086        5.9564535081470087     
   12.350483440831871       -1.2085260510998947     
   11.154643484627849        5.1601769105036723     
  -10.824985796123384        6.0681118534870109     
   5.2111762687243086        11.262639345289582     
  -3.8076065675838202        8.7831418962812560     
   12.384506788785451       0.79196671023212961     
  -4.9580357123000951       -7.0660002527936951     
   9.9017964121165019       -7.4779643678671261     
  -11.433339545364175       0.41946434259168613     
  -3.7352166558231521        5.6115250047669925     
   4.5269716935300011       -8.8317853615669328     
   7.9583527011137258       -8.3900193060478010     
   12.345922941698126      -0.20744874426838997     
  -5.6190274652160301       -1.7391090541081391     
  -3.1672820997903339      -0.88718250126593046     
  -3.8466545491095543        6.6067931772174511     
  -11.351914016830108        4.5003698377347030     
  -6.8380314928280637       -3.0171269459290313     
   3.8898432965251164       -1.2213143018742436     
   3.2451050147480531        6.6440012776234445     
   6.1489957889275670       -5.9228647759346158     
   9.8053800670212841      -0.81407330977216263     
  -2.7092932085254753       -9.8236493284098838     
  -7.7464098759285633       -2.5990671817870581     
   5.9766728199494441       -10.862881085308256     
   2.2169094891465106       -2.4198222690755626     
  -2.5730583903043995       -3.1963895376658877     
   8.9828365108550425       -1.5425640471579833     
   2.7355516808774074        11.834413273490835     
  -9.8901517535214616        5.7097604072914532     
  -1.8640576593229867        2.3087847299523823     
  -1.7937091829687617       -3.8253733854734153     
  -1.8698194295438946        3.3279516212370508     
   3.9554089639331127        4.6075119706848167     
  -10.828750156691912       -6.0595763434979961     
   4.6453420984898717        1.4280377701057276     
   8.3716349719264809        2.4184478783502623     
   3.4126999038292687        5.6554966447531250     
   3.6097980155857412       -8.4073656225005386     
   11.951805000841340        3.3375231119557478     
   4.0537860688204779       -2.2096112508394272     
   3.2374470033844371       -5.1977473507977860     
  -4.0673617869033762       -4.1219399206138956     
   10.981199100476424       -5.7787042826329449     
  -3.0688790605608833       -4.0646942859304520     
  -5.0408351059553791        2.4037260491675991     
  -1.6951116835562128        5.2279708147431618     
   8.9434222230697458        8.3306081115900881     
  -8.1142157035514426        3.0130831367305504     
  -12.192255348890514        2.3132934164453340     
   2.6791197819344768        4.9685547252397644     
   2.9827366647071663        2.5299055790748342     
 -0.63774238917646164        5.6050658978280792     
  0.31957632710790779       -6.0267506925175720     
   6.5543157095542863        8.3749155528386847     
   5.2045446104641009       -3.9684115435700780     
 -0.29904730643304855        9.2983241933577900E-003
  -8.1445896685558008        4.8492776240790443     
  -8.2390298953884091       0.36050955057446460     
  -7.6680079015223637        5.7288726280073758     
  -9.4707592031698464        2.1248580686312417     
   2.9873082904841302       -1.6537158898062907     
  -8.4396404723962313        9.0969752547385028     
   4.2209352635923368E-002   3.7385506957346890     
   9.2867507488388057       -5.5956542956419062     
   8.9112551529200186       -7.6138164917580724     
 -0.95881103301842985        3.7394427186752948     
   4.2188750441619209        11.133243603158441     
   5.5074969208674096        6.7011664601333480     
  -6.1214334902127741      -0.87484872429700311     
  -7.0155296712202269      -0.41453603326669169     
   9.7467972835822962        7.6803748159804170     
  -5.8885135025400199       -2.7043175498568393     
   6.4484969254097084       -6.8819384391783958     
   3.0317881334023986       -4.2175054420089744     
  -6.7512587873922829        2.9457090364093932     
  -6.4457934331882596       -4.7890175694755159     
   6.0512887888676374       -7.8845565585654196     
   8.6800137853753974      -0.58879815862682339     
   5.3916405732208759        5.7081103474441930     
  -4.6590732908296681        5.2272626058517169     
  -6.6553968099091056       -6.8110191242867826     
   3.8212136061819155       -6.2104069762655083     
  -11.670967405341484      -0.55263206860705605     
   1.5450008940494873      -0.89386879749685888     
  -2.3605270313215230        9.9565352407023191     
   12.185298139746351       -2.1945370003787432     
  -7.0069098735782314       0.68868699331966754     
  0.12258755695227785       -10.800624162768043     
  -8.7939869885465907       -4.3318477165546634     
  -9.8718291300621814       -4.9687841501838745     
   7.1228553086292132       -3.8473444761170508     
  -8.8413750430304722E-002   1.7213661281953476     
   4.4694329655337439       -7.1703154077515361     
 -0.68037496837547695       -6.0137136127515305     
  -3.0186118611087549        3.7459857931400937     
  -3.7166525676170394       -9.7289301341217911     
  -6.9129537143114916       -8.0823483060655494     
  -9.2928869469727768        6.6448262732259042     
  -4.3359938678774750        9.6338184016924266     
  -2.2071517084119234       0.52950861758017342     
   4.7744493035686428        10.000279352140018     
 -0.45196411317297952        7.9678998884748919     
  -8.5762667326774480        3.9006580563774169     
  -6.8217944774860371       -1.5986895657799642     
  -5.7051223752299425       -7.7421135125475811     
   3.3957222244845653        10.559488712953193     
  -3.8374539612598237        2.9456506040249497     
   4.2248412447145709        6.8434987802050289     
   1.0609439028174259       -1.8664096639506519E-002
  -8.8892919553355885       -7.1284532751918208     
   2.2759281897507253       -4.9201868778660147     
  -2.2670799974638931        7.1294058630851680     
  0.27506160202354069       -7.0262159583343911     
  -3.9073294617990371       -8.6830546275929272     
  -2.6547254998345329       -1.9447724453562523     
 -0.36091754144366295       -1.0599511847117302     
   4.0877482312389546       -11.253205191181916     
  -5.9547480723682913        6.6051950658521363     
   3.7274652860471611        9.0971816163338026     
   8.3351046457785110        9.1374673970519638     
  -5.7497612694763305        3.2275021570926885     
  -6.0905961239023663       -3.6839103400174920     
  -7.1200317400572475       -10.157110774540635     
   1.6768191085612869       -3.4584308043181595     
   7.2970298812818442       -5.7669044154761204     
   7.4439288804626482       -6.7823307318935750     
   1.6760884664173241       0.94715038368179894     
   10.656938790365350       -1.3397892510432505     
  -1.3016920135683030       -12.107371949817974     


