  -8.8743755251969638        2.2697445326969770     
   5.3832359537531485       -6.0957626429822565     
   4.0417557753307420       -6.3064327598557979     
   2.3018035766645708      -0.46835858351862886     
   8.8309263280910351       -1.8524431379952442     
  -3.0448793316691942        1.9155538635710172     
   6.3457554583909994       -6.5518392761125845     
   7.0772923288111134        10.168242140543867     
  0.80007420173708532        11.428767949220402     
  -6.9604181364771618       -9.1569529387667039     
   7.4925128752526273       -8.6818109727257031     
  -6.8239600602420953       -8.1665680300652834     
  -1.4630148932755787       -6.8871021583826256E-002
   8.8233224762849289        2.5866131602772211     
   11.682357991004968       -4.1866826211573569     
  -1.1417050603528829        11.026135277154468     
  -5.3413564694239630       -2.6224355959252326     
  0.80175173433472069       -6.9106248052324242     
  -8.2927312907801163        6.1816647161306282     
   11.572232423514594       0.13919350129692656     
   6.9006326451693836       -7.8759654011447466     
  -9.2316236234679625        6.7477162964010864     
   5.7965654526530814       -3.5482455094767928     
   8.4145318262466322        6.3540169665180404     
  -1.2488548712285299        5.6522686220188953     
   1.3043231989612321       -4.7438385231136477     
  -3.6198009480541145        3.8251878716593430     
   5.1271452065815142       -10.747359874285927     
  -9.8281410413962735        1.1685547196299773     
  -10.080192206567537       -2.6393281663654942     
   4.2134901325696879        6.8948410345047044     
   7.8085393565493666       -1.9675435898664306     
  -2.2537661985678601       -3.8399234667155975     
   4.9508107438732987       -7.0000877327468860     
   1.6576114887897335        12.203775061821142     
  -2.1353870673569122        6.1149393852223559     
   1.3984418344406166      -0.90249253429376397     
   7.1400303285118971        4.6579748237328102     
   5.5015016880401175       -9.3071940400919200     
  0.61686166132026765       -1.8662469926272003     
   6.2429317698367068        10.719493920065197     
   3.5675928861428465       -1.9348659403371846     
  -1.0075138926694529       -5.5938802458007961     
  0.90720547637164561       -3.7393462819934471     
  -3.5415388958483258        9.5704908150599248     
   8.3913537021667253       -2.7800230666113501     
  -4.8444561559257133        9.8260156911717296     
  -11.000482989394262        2.3242304412144783     
   7.0970378493709907       -4.8368980003655047     
   6.2447846729993977      -0.96165594410180166     
  -2.0418351770252956        10.591446050644072     
   4.1523645840761416        3.6233810225122665     
  -1.6895035361281177        3.3105731703887318     
  -9.0783037929139905       -6.8381356154081594     
  -5.2452018199771446       -7.4197178024898633     
   10.688345947996170       -3.9297910854850264     
  -4.5577789572283072       -6.5085522442229449     
 -0.98282771297379212       -2.3890451207595644     
   4.6564168975152045       -9.8467119859182599     
   6.6491926922442159        5.5296479260528733     
  -4.2126426535313373       -9.0749345599673727     
 -0.67870222678696390        6.4737328183390632     
   4.3922788020856656        2.5957674553689123     
   8.7976560656508411        5.4051020480095504     
   8.1157097233144295       -5.5249504966090370     
  0.84527578060465591        1.8323473561213930     
  -3.8203842460713311        8.0838519027686448     
   1.3402608401944067        8.4865779245216793     
   1.8632485607655116        6.4671799171449722     
   3.0927444844226808       -6.6208181861299122     
   10.977718535914585        4.2317406322727127     
  -4.8686166046358217        7.2821617755405201     
  -2.5884701408930155       0.30727083902374269     
  -8.1456922094459649       -6.4569441052182732     
  -8.9490486184999494       -5.8435455853653684     
   9.3653246878279468       -6.3851458864399939     
  -4.6850402640064637        5.5116750754918593     
  -3.0278994517451383        10.428511757686270     
  0.57834516545445347       -11.350001752760638     
   4.8003067284725418       -3.4605436333204485     
   7.8410544450723254       -9.6187819862227055     
  -3.8863628506419072        7.0838412088396359     
  -5.5176428393940196        1.9983623912635733     
   6.5018493326997202       -9.3432413957859346     
  -1.7775409934750706        4.7318569273329301     
  0.29280282504152849       -4.6214986632163324     
   11.020850401425097        3.1099611085052485     
  -6.0579442711544251        6.8523282434562240     
   2.7090876633047309       -2.4532584876323029     
  -6.9083312716286898        7.3786739652745812     
   1.6006427897782640       0.24438244421046112     
   11.470285482003559       -3.1482234760191141     
  -1.2014933260468392        2.3031013492355377     
   10.460831163081421        1.4701571646753155     
 -0.53714431614788216       -9.6882998615192264     
  -7.1378915827312825       -3.7335314185617876     
  -7.7314711940250298      -0.51451409832370854     
  -9.8475401605490411       -5.3969764959564532     
  -2.3593036336751778       -8.0437278707759408     
   6.1197638131114438       -10.605183230207867     
  -7.1271889372493664       -5.4608193007481018     
   6.7802186017176282       -1.8406301781222931     
  -3.1131673800136426       -9.1585634924100425     
  -11.111864287567064       -5.3784046006429067     
   6.0730779421335743       -8.4369840616713176     
   9.2335036628354015      -0.16308691697189076     
  -6.9428378952417473        6.3355041160029142     
   7.7256712552127533       -3.5258064020777353     
  -1.5821653403929310       -8.6747879070201197     
   5.1631175702297298        6.5770003434639301     
   5.0834555713157057        9.7288731116593699     
  -9.6602788551388219       -4.4142518149347199     
  -2.1923139481383287        2.4441825012395517     
   9.5156115156845225       -1.1219492427768993     
   4.1355100954967732       -11.686062850008632     
   8.0345073275178436       -4.4762307653789950     
   3.8381535871601193       -7.2873616844474691     
  -4.7861007457413445        3.7991586998209468     
 -0.85931947477568615       -12.302659182342124     
   5.5502789647454742        4.9748269063174764     
   8.5488417053749135       -8.8733259066401970     
   7.8840765004258833        2.2428813546626727     
   12.401131399938487      -0.45850297385157779     
  -8.7595727612916239       -4.8604903974050968     
   7.0770327753750220       0.30895018386098227     
   8.1586282091971167       -1.0295120048568562     
  -8.7407682486868570       0.41344254164234218     
   9.5647197560494277        1.9157559790096181     
  -1.5585201067465555        11.936107635541623     
  0.16826137219214390       -5.6140414117553039     
  -4.2506776076985684       -1.1572834249259007     
   6.0260005151112788        1.0386692097520318     
   8.7043560981229362       -3.7325552611238648     
  -10.189590640148838        5.6138823070365245     
  -6.8095394665887001       -2.5506783325230913     
   10.267812521600170      -0.45528419118747182     
  -3.4065664025180884      -0.61866486320189729     
  -10.976484377638597       -1.9079764873074290     
 -0.20278719152996785        2.3492433526051730     
   2.7085497376176995        7.8863587475286048     
  -4.1284057395057978       -8.0735171799348482     
  -3.0097126017481886        6.6009260773456644     
   1.8407713059946711       -7.4191466612759127     
 -0.25708083349739141        5.5254697002567648     
  0.14884531003495954        4.1207996482196556     
  -3.9094092280617754        10.899789563265774     
   12.389271922573956       0.71550876940277741     
  0.73734181695198797        5.6344145700306534     
  -3.6379152098729275        11.863794154542440     
  -3.2148370474466579       -4.1264509329237100     
  -1.5395557752632942       -9.6738389077795528     
   2.6847235321610539        12.115630367737451     
   7.1755905805467890       -5.9494985475770372     
   11.007416550498093        5.7293393033382234     
   2.7098816500572362        11.114949557718907     
 -0.69284743138859572        3.2206381001058619     
  -4.1961236041289540       0.42954979438744623     
  -10.001372705959019        2.2169905378615811     
   12.177642345266005       -1.4330413580359465     
  -8.6614680269575750        8.8864887935180548     
   2.4040149213549404       -10.747853404010312     
   7.1307679179401893        3.6560379818733986     
   2.0742952908903063       -4.1025350224201711     
  -5.3116753898968572       -9.4613965867121266     
   3.3027081634306974      -0.47493315576655160     
 -0.57652675811527132       -11.317081027854339     
  -9.4032748526280709        8.0977492470437902     
   8.2408730804150423       -3.2916440171542272E-002
   3.3289057229273724        8.6703389298845934     
  -3.0346879076853690        8.7064579241246136     
   9.4314271842305768        6.5109309220384830     
   9.8803170152157271        7.5084768248318285     
   2.5806259005686534        5.7681490169121110     
   10.422355633555394       -2.8656064125010068     
  -6.5828268241839289       -4.6128420357540207     
  -4.2223161807993508        4.6248423748944463     
   1.0340585017077593       -8.0415232489726733     
  -8.3601897801945331        4.1724168116295486     
  -1.8193386188179492        8.7582305589283376     
   2.8279777307164218       -7.5845928386131236     
   2.7441817349314941       -1.3679224674192867     
  -6.2587546009169746       -7.3175714579759479     
   5.3884959988112939        2.6807886852010037     
  -9.0866703182264583       -2.5213888891137359     
  -1.1603231864915526       -3.6953653244286637     
   9.6663060177333584       -4.2603110816716434     
   2.6343923812381540        1.4339270743410868     
  -7.8640761776714045        7.0843478169057139     
   8.2448303322211594        8.2647930982336355     
   9.3716711474299981       -2.9856870720538513     
   9.8479276378332568        3.5951288282368661     
  -4.0587260288901250       -3.3729288940831701     
   10.553085703884884       -1.4150530736486049     
   6.9820585345204726        1.3323475891510499     
   10.453066577247359        6.6885622560693729     
 -0.15966410258859248       -3.7093402920928384     
   4.0392281484233976       -5.3037509065701576     
   10.415094139566792       -6.4145028942995719     
  -9.4495809660703062E-002  -7.3567841107451990     
  -5.5681117998508229        5.9805575263883028     


