  -5.3631679453651682        6.8416892946059242     
  -2.6020655923040188       -3.7212194168815769     
   8.4177014927275557       -3.2020836698752180     
   7.3215182234317062       -7.0571988849630607     
  0.39247812046938235        9.2905007054575179     
   2.9985864804515661       -6.9464546675742520     
   4.5086497020728942       -4.1370461519376214     
   2.0686616396138433       -8.1880839801219327     
   2.7164304167755362       -3.7380433677477907     
  -3.0559803905189598       -9.5921539781388017     
  -6.9795372360858270        7.2244462296707228     
   2.7007721782849474       -8.8555471525454248     
 -0.47891863758922021        7.3216150240842452     
   2.0190992131436407        9.2128915362395372     
  -3.2045013715917783        9.0321468579584945     
  -6.0626616791727050        7.5087055453543741     
  -2.7564197019333094        7.3732132639531756     
   3.6362428551068908       -7.5462760075717101     
  -6.0574170519494670       -4.8049422236450789     
  -5.7814421494322330        3.9741582594962122     
  -5.1871698088279210        7.7668958232008825     
   1.2870013153469828       -8.4404512036687578     
  -3.7682271026205121        8.3665881070690897     
  -6.5171708218316713        8.3679301566783675     
  -4.7247703704418296        10.975678576704045     
  -3.5046102571314894       -8.7555194922129225     
   6.6264751279849969       -5.3101229260489093     
   5.7167193766887241       -5.1427104883108559     
   2.0221783652815133        10.190294414627669     
   1.4985212599954436       -2.5867783622288605     
  -2.5723717396265515       -8.7354986042179146     
  0.19772773454488710       -5.4694861980200402     
 -0.68985595988812842       -4.0938182711571693     
  -3.4779871022913831        9.8996688126756407     
 -0.95524564808883194       -8.5824755532292443     
  -6.0221736367659933       -6.4623955813625162     
  -4.9387568128297588       -8.0751198719792932     
  -4.8659963134940281        4.2894340065656182     
  -6.2674675121374648        6.5491384376725854     
   7.7999705834748365       -3.9241755677331964     
 -0.25597447997376077       -9.2058332979977742     
  -4.8028191930938924        5.2535092288609615     
  -5.4893296711941524       -7.2792511151879769     
   1.4081243397800158       -7.5249677600102300     
   8.1238533364762553       -4.8064080284038724     
   5.4859894997538161       -6.6913390081795212     
   4.1567873845801309       -3.2990450107620228     
  -2.5465842479969183        9.6942097331894619     
   1.8147658095862538       -9.2011032473946468     
   6.7480802718627020       -1.2589934867046100     
   2.8600973440885817       -7.8856149007776164     
  -3.0710991991310754       -7.9095584102753218     
   2.8594806433788960        8.6979466739792972     
  -4.0556302445220647        3.7092414562279825     
   4.8370193767856948       -4.9776274173861310     
   7.0891643628849197       -2.1744039916125617     
  -6.1025510970580968E-002   5.4623536686626997     
  -2.1892899533493293        11.263410018907207     
 -0.90186881561181009        5.7796468461935833     
  -4.5726837609219126       -3.8887909959288676     
   2.2810034452065646       -6.4074237610653491     
  -2.2368311213818286       -4.5804657910411430     
  -2.8534902298031977        10.581606901645339     
   2.8900259934053389       -2.0377055712198096     
  -4.4422405205394861       -8.9045208083316272     
  -4.3988204549593641        10.067311067078039     
  -5.5436931505017890        5.8960480682501801     
   5.8132141292246446       -7.6096007782345829     
   4.6734683523482126       -2.5864649176001597     
  -1.9141090988206426        7.0576794843062398     
   1.7361264907348439       -4.9924499650573049     
  0.91351806510681199       -3.3082020651782380     
  -3.1355453437632614       -4.7077001410546213     
 -0.92835537196218909        9.2031893911344795     
   6.3836487507561994       -6.8752591656518893     
   4.8397170579648670      -0.94244947482601615     
   4.9516800957344476       -7.4032823181520095     
 -0.69302186076449424        8.2598150376292132     
   2.1994377924513362        6.4944709798064384     
  -6.4570482461959680        5.5863875329163539     
   2.3984669687293021       -2.8402403398400771     
  0.61571862405802835       -7.8562792792067544     
  -4.5799459274769267       -5.5719718611551139     
   2.2122286464874148       -4.3817811472639736     
  -2.1679475060218456       -7.8783866804816212     
 -0.69156482084676074        4.7672208938212588     
   7.1946741432551846       -4.6212098898752298     
   3.2666575360550762       -3.1120982000376181     
   5.1386443795706365       -5.8265063696520789     
  -1.4564881530247948        4.1749835113329574     
   3.6171840637833141       -3.9653959959491258     
   8.7736741338096635       -4.1081603605741277     
   2.8656610658801518        9.6864294856467623     
  -1.9374879019860172       -5.4408220203558351     
  -3.1317097984802440        11.511234741949625     
 -0.88684385958105472       -7.6316096959816484     
  -3.5797214693202744       -3.8654748278114015     
   3.0778704446010656       -4.5763611131224389     
   6.1512508872503409       -2.0161984441706640     
   8.5742391024208757       -5.6375102224970508     
   7.4312887267183703       -3.0639912673841874     
  0.35807375150408788        11.208827873045017     
   2.5827274661957063       -5.2503765263808191     
   5.6000821990351000       -2.7442035862531857     
   5.0581002497573504       -3.4532222404500947     
   6.7412049128334983       -7.7918185928564521     
   7.9277049201714265       -6.3436379873116016     
   1.5127772441597021        5.8153103095034240     
  0.92585012526347965       -5.0628699183211765     
  0.79608879360127405       -6.0402014033439864     
   5.2102186236453027       -1.8553144275094398     
   5.3976636803687805       -4.2920451518441345     
   1.5661030206834441       -5.7832173616962859     
   5.9884234419451916       -3.5839580324840625     
  -5.9936978142791792        9.4499691682530926     
  -1.3095910691056887        7.6534185233755396     
   5.7987403110881779       -1.1011096569641223     
  -3.5854399875245933       -7.1146675580380876     
  0.13422013596635329        7.8962526307166225     
   4.6130708211486917       -6.5076435620638771     
  -5.0299314701699718        9.3434804102408471     
 -0.76196521101529391       -6.7711728555478512     
   4.3834800542731589       -9.0227053147389764     
   1.4965275008443371       -6.6462910786802265     
  -3.1502408890216791       -6.3078482453743439     
   4.3500587440751159       -8.0758544914026658     
  -1.5690272604627324        5.1442772211506433     
   1.1919840913726321        9.7059048396051253     
  -1.2757606988623151        10.960446584036815     
  0.17578786034426977       -4.5086823876090030     
  -2.3982957574154993        5.5244020574847559     
  0.82079618243006292        5.1233636267478815     
  -1.3591247875821928       -4.7036212395223993     
  -1.1047273877086747        6.7211994616477506     
 -0.51187339725495584       -5.9386391424393121     
   7.7063727133695616       -1.4167384028043213     
   5.2010731597168061       -8.3603051008923952     
  -3.8762502363085942        6.5658734369568936     
  -2.3415140860598793        4.5758796866282667     
  -5.9008553440968514       -8.1764894732165860     
  -3.1720811220565115        5.0103319725657585     
  -3.6393887447956854        7.4746152522430718     
  -1.1401146825604287       -9.5217167279818362     
  -4.6628262819720643        8.5285164213140021     
   2.0043988325136101E-002  -3.5291690747432276     
  0.61070866896912435        6.0997327189561386     
   2.0016916830152587        11.177564688664532     
   3.5573056378422683       -8.4939645964881247     
  -1.7235353021997390        6.1087074354675224     
  -6.7627859937996859E-002  -7.2835114173764426     
  -2.6246320056294055       -7.0894734091672662     
   3.7575825867987853       -2.4250007926090453     
  -2.1479035574476466        7.9504348099267848     
   3.9797749720606581       -4.7907808323326497     
   1.2182413723751631        8.7258195404348768     
   1.8043305305192980       -3.5389147722048251     
  -5.7046309639611277        4.9450970248669019     
  -3.6293148205465933       -5.5400825014666903     
   4.2549843952145707       -1.6883664785196848     
  -1.6194437924605474       -3.8107552422220237     
   1.2506968164456427        6.7751011270517063     
   1.9270672561309601        7.4123945507874485     
  -4.6772811776281351        6.1972541338918230     
  -5.0355572694982573       -6.4173565602553015     
   8.0522415447369067       -2.3210304427744659     
   2.1993472787108712       -7.2673049205062936     
 -0.52669780782544928       -5.0152341276549031     
 -0.24188120456858087        6.4268894265955643     
   6.2946194127630877       -4.4406683142734007     
  -1.4709151065669670        11.914560106056399     
  -5.0724513275363297       -4.7458304446405926     
  -2.0962840672958314       -9.6075768663239867     
  -5.3697976388871842        10.229271438141080     
  -4.0890842621094121       -4.7213396301805224     
  0.55257386177387546       -8.8450254278714535     
   1.0531303660287838        7.7434514690251950     
  -4.0065557297495396       -7.9586866921427131     
   6.1311504200487930       -8.5379475271458514     
  -3.1821504580334863        5.9428481461408662     
  -1.3895437300039428       -6.1939150360491428     
   1.1757469065888007        10.680558223385525     
 -0.53877544525427656        11.610560527007552     
  -2.5056902316890635        6.4704386562852836     
  0.70847579314067199       -6.9327795433629262     
  -2.3538339206356946        8.8112414678055639     
   3.9295814789927985       -6.0287461164806384     
   6.9745480830881750       -6.1579830716443498     
  -3.9558600711699543        5.6056735446041248     
   3.4450093868577012       -5.3560927992681364     
   2.8384269661408053        7.7092660645504685     
  -1.5246048089455222        8.5685453439852743     
   3.0565700707843533       -6.0773109618133674     
   3.4779797008203563       -9.4418558165281095     
  -2.2705917600567673        3.6179410507634482     
  0.36340525966344622        10.228238813071908     
   6.0403892573422056       -5.9955992680221728     
  -1.6655551976835752       -7.0698215233962829     
  -4.0085254145365399        4.6698816939520480     
  -2.2452144912114833       -6.2886207402324557     
 -0.15975645758365095       -8.2218951338959201     


