  -6.9184794932780314       -4.0945372865253535     
   10.864391924309125       -4.2492734330858157     
   8.2536149804700631        7.3225968172605214     
  0.45536235293884048        2.4668223321660911     
   1.0203288559013017       -3.0804702526433245     
   7.9224563730208706        8.2665623639314809     
   3.6150695863463156        6.7130212183836333     
  -7.9370666252112834        8.8132230191555987     
   3.6512671779734438      -0.61076028521212855     
   10.337768573886001       -2.4857360074894985     
   4.8944432864056751       -9.1630134031704458     
  -3.7601502381220056        10.225467473612294     
   3.9090091047957358       0.35474514846869931     
  -3.6318542963121949        8.0368744718128742     
  -6.3640513850851654       -4.9265631149552052     
   7.1667496318004948        8.9205304340333420     
  -1.9653142804166617       -11.281126591079477     
   3.3673860898650188       -6.3107649852114589     
   1.0346796985648716       0.55590663561500564     
  -4.7792564439002305        2.5426947026316240     
 -0.76445209160191707       -8.2518704398526683     
  -9.3114937339489430       -8.2003112225743688     
  -1.8687663213202141        3.8754978475963857     
   4.4220080360902401        8.5111752222164121     
   1.4197712419116499        2.7328384416112108     
  -5.0446960581672240       -7.2583709584440754     
   5.2796062951412619        7.9906237346531839     
  -4.0544883420507860       -2.3965480764744163     
   3.4503826624181766       -11.917865128293988     
  0.77568144261168448        9.5722288577410541     
   1.2972130978108214       -2.1171331476525777     
   2.7726538728875791       -11.182691586601893     
 -0.95969276035963924        6.2740614930058456     
   8.7061178575010096       -4.2499064440885990     
  0.34090874034789104      -0.38486567075556471     
   5.2991569948364985        8.9910232070358980     
   7.4540627041608110       -4.3420816826697912     
 -0.37944231606229617       -9.1761590397143245     
   2.8797205540327608       -1.2470672774453608     
   6.6571482010074714       -10.020805856031902     
   4.8205191696769774       -6.1213237465873647     
   1.7527201684603515        9.7838235832546943     
  -4.7621602630915794        5.5255263143256110     
  -2.1664344146505479       -7.1010576052265462E-002
   6.8460899686590100      -0.11897000412822549     
  -9.9762005669494727       -4.8446260525141840     
  -10.743385210289278        3.9199753509460238     
   1.3514415008683687        4.6606632160783326     
  -7.4567860259939625E-002  0.52461041710623901     
   3.2685717892022974        2.7200685008921832     
   9.3676005703153358       -2.2449294126130135     
  -9.7867172692754352       0.52594256592156852     
   4.5520311376996858       -3.8147233188672773     
  -3.9741530026871925       -3.7112105112292681     
  -6.5254975786255818       -1.1325744832115481     
  -8.7121539815331612        7.0478642646042102     
  -3.2375058268661037       -4.3918969381986495     
   6.1989717182280817       0.82689224220670754     
  -7.8646341057208442       -4.4200433221998550     
   8.1121127161643543        1.9989325044867021     
   7.9257049902503436       -5.6446203966846173     
  -9.1939135739324307       -1.1178997444008592     
  -1.8346672343021129        6.9967562100743130     
   3.1306992995232950        12.007854524845381     
  -5.9437498445392176        7.2730551982971150     
   1.8762006624657817        1.0999098879024642     
  -3.6941738380942994       -9.5332274874707181     
 -0.39809392576674518        11.449138848016144     
   6.0156262829419411       -5.1490322709776590     
   2.3680070500116477      -0.38268265472691593     
   8.3790557663129555        3.5125565029392680     
  -4.5816487025009911       -1.5443400113821848     
   10.570060684542538       -1.5129988479993761     
  -8.0313574914078263       0.18563854473403671     
   3.9183412174687806       -8.7381842155158687     
   9.5379536747289464        5.0022166576864304     
   2.2972055236045397       -5.3430977456124049     
  -1.3760359305146741       -9.3015759960109961     
   12.083253148291407       -2.8268344418673785     
   6.5381445355013339       -8.0922772094234414     
  -1.7611951163243391        7.9995874149704314     
  -3.1135529599560150      -0.39362867898998755     
   4.0877547985932452        2.0399914299158732     
 -0.36748808511853354       -12.364750759509464     
  0.62588481662791939       -1.3652000356841840     
  -4.0073368445940245       -11.456355431359848     
   2.2602796733179651       -2.3952062498895543     
   4.4488210648431048       -10.058996712154022     
  -1.2023321849887751      -0.51252306543037873     
  -3.9052772056331224       -8.3364164333764368     
  -9.0313875255521943      -0.12862989254676419     
  -4.2433713731666272       -6.6554399460025309     
   5.4169912494669941        11.162265019680214     
  -3.7582001828887290        1.4272816884824451     
  -7.9576330611451329        2.6287123201030451     
  -10.439257763602722       -5.8850806942826344     
 -0.12275474961156022        5.6981844446854861     
   9.1487539077398363       -7.0611275465867394     
   4.6472429975308200        1.0756676349623453     
  -3.1887926413497301       0.60431214140648293     
  -8.2460167289088897      -0.79509246471282591     
  0.93723689142987354       -5.2141233478123183     
   4.3305096649416726        10.745522553092172     
   7.0995697197188452       -1.1338792197901209     
  -2.7475076232270745       -9.2043105672141490     
   9.0910056464039801      -0.24749099175844227     
   2.8980373603532308        4.6468391131086966     
   7.0416879146558555       -3.4317075825282224     
  -8.3033957530393234       -7.2638752131943392     
   11.300571541068729        1.0795024148136181     
  0.89176676407174116       -6.5558146235798516     
   2.5354724404761684        10.406958990004602     
   6.4994044513858222        1.7815913452786027     
   3.7451622717785455        7.7728913610137820     
  -3.1254021077456864       -2.7652098796089497     
  -6.3987976639706616       -4.7055348991314480E-003
  -9.7988712858047258        7.6145757046569518     
   9.9522847209406446        6.9660597733177889     
   9.1448779984582824       0.75078271553632014     
 -0.93532044874611220        7.4355043441732729     
   5.5052121503510376       -9.9563939182815844     
   10.289141547262890        3.3380848488427346     
  -2.0111755135879172       -8.5287517952966354     
  -4.2151651096181864        3.4121634636755371     
  -7.6656533377515794       -2.4374604403459870     
  0.81210448899620191       -10.774079832201739     
 -0.96387975322469499       -11.258650245087342     
 -0.51681195387084677       -4.3116735263242454     
   7.9515733907688420        6.3054179046301888     
  -7.2756975545095264       -8.6727938400207947     
  -2.1246597619845060       -1.0908089685898499     
  -2.2299549619789012       -4.5221659277954309     
  -8.7726266615239954       -3.9843631603426348     
  -6.4881823336915962        1.8654680423294487     
  -6.2494514051107908       -8.5829841548479457     
 -0.14855657804369321        9.1911319620130030     
  -6.9639773768241398        2.7464861759035988     
   5.5227575444967840        1.5650037132132983     
  -6.9123369447875156       -3.0950249194663324     
   4.6010241665103306        7.2554269296683183     
  -6.4009526258748712        3.6143206951062874     
  -10.528816403216709        6.5649427102287552     
  -7.3367478085026185       -5.3344323428484905     
  -1.6583844630660385       -6.5586833297950653     
   7.0647691723718387       -7.2422811282818476     
   9.0008296425197436        6.6556195259576407     
   8.8050477110407090       -6.1209393460497390     
   4.2181242571354565        3.0347937422529103     
 -0.37647535433491491       -1.0871073259241015     
  -4.0364457891721024        6.7351035654279273E-002
   9.4803516318213834       -8.0080993448089970     
  -6.1364421850616484        8.2577506838930841     
  -5.9594261054851181        2.7170740954975008     
  -2.8232025754881103       -12.083716319656425     
   10.148290484518981       -3.4684561900866093     
   7.9522271707216108       -6.6448844888846450     
  -8.4834068063303594        5.6388620546603958     
  -4.7203447447436009        4.2795319267431839     
   9.1044995059032292       -5.1668438014298035     
  -2.4824631929527703        5.7168440097380895     
  -7.5768959382147170       -6.3062518468245363     
   4.2880104672432742       -5.2752165810245533     
  -7.5654396646502580        6.0352507954779968     
  -5.1363565042683081        8.5198473732095241     
   8.5880236218901747        4.6858988381394893     
   2.3547044202101670        3.3326572785023068     
   1.4792703090668224       -7.3666153079887433     
   1.0329473080900708        1.6396130550764374     
   4.2300402960392667       -2.2992834216159341     
  -6.3766175119365068E-002  -5.2044806384580280     
  -7.3004046550395794        4.0582288668975623     
  -2.9292282808029890       -8.1185263979497151     
  -9.2705039965202776       -6.9971210085630249     
   5.9658281893076728        5.0581669988965006     
  -5.2167479617246837        6.5814717401393761     
   7.3491507803894143        2.6481931168657513     
   5.3000899349662198        6.0641096284390272     
   9.2091623605199668        7.6361947586995900     
  -6.7843612541370568       -7.7381460097611043     
  -2.3073517505582593       -5.7964157195382864     
   3.5417369224112893        8.9923795731754108     
   1.9201271692119488        8.7801735304314814     
   2.7910579424604305       -8.5091699322058911     
  -11.096109551251322       -2.5484227036158780     
   3.2790062819889214       -5.1566130875160407     
   6.0701220526928958       -7.1390409310860070     
   5.1988961480127998       -3.0516468735202320     
   5.0112414164240082        2.4238830285609088     
 -0.24823298841377214       -3.3488756525116563     
  -12.071617221955943      -0.78133017703086793     
   8.7183730282437253       -1.3827856879247711     
  -3.5859403577315851        2.4157926441741626     
   8.7423681192802931        5.6826147991800218     
   11.791243096385584       -3.8673324604266157     
  -9.9608809112773304        4.5433851520713446     
   5.9461940029848446       -6.1467393088627809     
   2.4529834378376778       -10.210426798716993     
   7.4028176223976079       -2.4989945267902836     
  -1.8376088823281291       -12.272239077320702     
   10.290452625935696        1.5464601135528870     


