  1    ***    0.12929E-01    0.3227486122E-01    0.0000000000E+00
  1    ***    0.12929E-01    0.6454972244E-01    0.0000000000E+00
  1    ***    0.12929E-01    0.9682458366E-01    0.0000000000E+00
  1    ***    0.12929E-01    0.1290994449E+00    0.0000000000E+00
  1    ***    0.12929E-01    0.1613743061E+00    0.0000000000E+00
  1    ***    0.12929E-01    0.1936491673E+00    0.0000000000E+00
  1    ***    0.12929E-01    0.2259240285E+00    0.0000000000E+00
  1    ***    0.12929E-01    0.2581988897E+00    0.0000000000E+00
  1    ***    0.12929E-01    0.2904737510E+00    0.0000000000E+00
  1    ***    0.12929E-01    0.3227486122E+00    0.0000000000E+00
  1    ***    0.12929E-01    0.3550234734E+00    0.0000000000E+00
  1    ***    0.12929E-01    0.3872983346E+00    0.0000000000E+00
  1    ***    0.12929E-01    0.4195731958E+00    0.0000000000E+00
  1    ***    0.12929E-01    0.4518480571E+00    0.0000000000E+00
  1    ***    0.12929E-01    0.4841229183E+00    0.0000000000E+00
  1    ***    0.12929E-01    0.5163977795E+00    0.0000000000E+00
  1    ***    0.12929E-01    0.5486726407E+00    0.0000000000E+00
  1    ***    0.12929E-01    0.5809475019E+00    0.0000000000E+00
  1    ***    0.12929E-01    0.6132223631E+00    0.0000000000E+00
  1    ***    0.12929E-01    0.6454972244E+00    0.0000000000E+00
  1    ***    0.12929E-01    0.6777720856E+00    0.0000000000E+00
  1    ***    0.12929E-01    0.7100469468E+00    0.0000000000E+00
  1    ***    0.12929E-01    0.7423218080E+00    0.0000000000E+00
  1    ***    0.12929E-01    0.7745966692E+00    0.0000000000E+00
  1    ***    0.12929E-01    0.8068715305E+00    0.0000000000E+00
  1    ***    0.12929E-01    0.8391463917E+00    0.0000000000E+00
  1    ***    0.12929E-01    0.8714212529E+00    0.0000000000E+00
  1    ***    0.12929E-01    0.9036961141E+00    0.0000000000E+00
  1    ***    0.12929E-01    0.9359709753E+00    0.0000000000E+00
  1    ***    0.12929E-01    0.9682458366E+00    0.0000000000E+00
  1    ***    0.12929E-01    0.1000520698E+01    0.2763422410E+04
  1    ***    0.12929E-01    0.1032795559E+01    0.7831837911E+02
  1    ***    0.12929E-01    0.1065070420E+01    0.3134128110E-01
  1    ***    0.12929E-01    0.1097345281E+01    0.0000000000E+00
  1    ***    0.12929E-01    0.1129620143E+01    0.0000000000E+00
  1    ***    0.12929E-01    0.1161895004E+01    0.0000000000E+00
  1    ***    0.12929E-01    0.1194169865E+01    0.0000000000E+00
  1    ***    0.12929E-01    0.1226444726E+01    0.2879219024E+01
  1    ***    0.12929E-01    0.1258719588E+01    0.4788703534E+01
  1    ***    0.12929E-01    0.1290994449E+01    0.5441084434E+01
  1    ***    0.12929E-01    0.1323269310E+01    0.5608541600E+01
  1    ***    0.12929E-01    0.1355544171E+01    0.7903289319E+01
  1    ***    0.12929E-01    0.1387819032E+01    0.7549561536E+01
  1    ***    0.12929E-01    0.1420093894E+01    0.8921457776E+01
  1    ***    0.12929E-01    0.1452368755E+01    0.8400519783E+01
  1    ***    0.12929E-01    0.1484643616E+01    0.1027546288E+02
  1    ***    0.12929E-01    0.1516918477E+01    0.1012020077E+02
  1    ***    0.12929E-01    0.1549193338E+01    0.1140822632E+02
  1    ***    0.12929E-01    0.1581468200E+01    0.1346221110E+02
  1    ***    0.12929E-01    0.1613743061E+01    0.1991912532E+02
  1    ***    0.12929E-01    0.1646017922E+01    0.1906077417E+02
  1    ***    0.12929E-01    0.1678292783E+01    0.2039161119E+02
  1    ***    0.12929E-01    0.1710567645E+01    0.2520286733E+02
  1    ***    0.12929E-01    0.1742842506E+01    0.6203318257E+03
  1    ***    0.12929E-01    0.1775117367E+01    0.3764116614E+02
  1    ***    0.12929E-01    0.1807392228E+01    0.3687118192E+02
  1    ***    0.12929E-01    0.1839667089E+01    0.3699380596E+02
  1    ***    0.12929E-01    0.1871941951E+01    0.5663369495E+02
  1    ***    0.12929E-01    0.1904216812E+01    0.5926984493E+02
  1    ***    0.12929E-01    0.1936491673E+01    0.8256583965E+02
  1    ***    0.12929E-01    0.1968766534E+01    0.9667360616E+02
  1    ***    0.12929E-01    0.2001041396E+01    0.6192871521E+03
  1    ***    0.12929E-01    0.2033316257E+01    0.2469066125E+02
  1    ***    0.12929E-01    0.2065591118E+01    0.1628142536E+02
  1    ***    0.12929E-01    0.2097865979E+01    0.1981910857E+02
  1    ***    0.12929E-01    0.2130140840E+01    0.2240901599E+02
  1    ***    0.12929E-01    0.2162415702E+01    0.2443088209E+02
  1    ***    0.12929E-01    0.2194690563E+01    0.2331443077E+02
  1    ***    0.12929E-01    0.2226965424E+01    0.2504099729E+02
  1    ***    0.12929E-01    0.2259240285E+01    0.2443154326E+02
  1    ***    0.12929E-01    0.2291515147E+01    0.2336259114E+02
  1    ***    0.12929E-01    0.2323790008E+01    0.2557163617E+02
  1    ***    0.12929E-01    0.2356064869E+01    0.2566850922E+02
  1    ***    0.12929E-01    0.2388339730E+01    0.2210413142E+02
  1    ***    0.12929E-01    0.2420614591E+01    0.2674315758E+02
  1    ***    0.12929E-01    0.2452889453E+01    0.3389009522E+02
  1    ***    0.12929E-01    0.2485164314E+01    0.3688233766E+02
  1    ***    0.12929E-01    0.2517439175E+01    0.3748417220E+02
  1    ***    0.12929E-01    0.2549714036E+01    0.4734829145E+02
  1    ***    0.12929E-01    0.2581988897E+01    0.4499740660E+02
  1    ***    0.12929E-01    0.2614263759E+01    0.4607070989E+02
  1    ***    0.12929E-01    0.2646538620E+01    0.3480083938E+03
  1    ***    0.12929E-01    0.2678813481E+01    0.8115397360E+02
  1    ***    0.12929E-01    0.2711088342E+01    0.7691281753E+02
  1    ***    0.12929E-01    0.2743363204E+01    0.1066688448E+03
  1    ***    0.12929E-01    0.2775638065E+01    0.5548048243E+02
  1    ***    0.12929E-01    0.2807912926E+01    0.5786542541E+02
  1    ***    0.12929E-01    0.2840187787E+01    0.5654056657E+02
  1    ***    0.12929E-01    0.2872462648E+01    0.7072593900E+02
  1    ***    0.12929E-01    0.2904737510E+01    0.7536440014E+02
  1    ***    0.12929E-01    0.2937012371E+01    0.7571343573E+02
  1    ***    0.12929E-01    0.2969287232E+01    0.7594352065E+02
  1    ***    0.12929E-01    0.3001562093E+01    0.2001394917E+03
  1    ***    0.12929E-01    0.3033836955E+01    0.4474177378E+02
  1    ***    0.12929E-01    0.3066111816E+01    0.4063587796E+02
  1    ***    0.12929E-01    0.3098386677E+01    0.4309015925E+02
  1    ***    0.12929E-01    0.3130661538E+01    0.4213697213E+02
  1    ***    0.12929E-01    0.3162936399E+01    0.4668806175E+02
  1    ***    0.12929E-01    0.3195211261E+01    0.4563497349E+02
  1    ***    0.12929E-01    0.3227486122E+01    0.4444949631E+02
  1    ***    0.12929E-01    0.3259760983E+01    0.4362207364E+02
  1    ***    0.12929E-01    0.3292035844E+01    0.4824009846E+02
  1    ***    0.12929E-01    0.3324310705E+01    0.5170470518E+02
  1    ***    0.12929E-01    0.3356585567E+01    0.5424615552E+02
  1    ***    0.12929E-01    0.3388860428E+01    0.5508192664E+02
  1    ***    0.12929E-01    0.3421135289E+01    0.5758180584E+02
  1    ***    0.12929E-01    0.3453410150E+01    0.6830780716E+02
  1    ***    0.12929E-01    0.3485685012E+01    0.8603546096E+02
  1    ***    0.12929E-01    0.3517959873E+01    0.6295553465E+02
  1    ***    0.12929E-01    0.3550234734E+01    0.6728286120E+02
  1    ***    0.12929E-01    0.3582509595E+01    0.6849913525E+02
  1    ***    0.12929E-01    0.3614784456E+01    0.1225598689E+03
  1    ***    0.12929E-01    0.3647059318E+01    0.1103791167E+03
  1    ***    0.12929E-01    0.3679334179E+01    0.6884243558E+02
  1    ***    0.12929E-01    0.3711609040E+01    0.7211095022E+02
  1    ***    0.12929E-01    0.3743883901E+01    0.7237732948E+02
  1    ***    0.12929E-01    0.3776158763E+01    0.6246196263E+02
  1    ***    0.12929E-01    0.3808433624E+01    0.6416693862E+02
  1    ***    0.12929E-01    0.3840708485E+01    0.6275727876E+02
  1    ***    0.12929E-01    0.3872983346E+01    0.6270944489E+02
  1    ***    0.12929E-01    0.3905258207E+01    0.6145361985E+02
  1    ***    0.12929E-01    0.3937533069E+01    0.6475392424E+02
  1    ***    0.12929E-01    0.3969807930E+01    0.6840778276E+02
  1    ***    0.12929E-01    0.4002082791E+01    0.9159077017E+02
  1    ***    0.12929E-01    0.4034357652E+01    0.4930965292E+02
  1    ***    0.12929E-01    0.4066632514E+01    0.4915211909E+02
  1    ***    0.12929E-01    0.4098907375E+01    0.5103425919E+02
  1    ***    0.12929E-01    0.4131182236E+01    0.5248742782E+02
  1    ***    0.12929E-01    0.4163457097E+01    0.5673198706E+02
  1    ***    0.12929E-01    0.4195731958E+01    0.5977048525E+02
  1    ***    0.12929E-01    0.4228006820E+01    0.6220043483E+02
  1    ***    0.12929E-01    0.4260281681E+01    0.6344702729E+02
  1    ***    0.12929E-01    0.4292556542E+01    0.5969331360E+02
  1    ***    0.12929E-01    0.4324831403E+01    0.5811694749E+02
  1    ***    0.12929E-01    0.4357106264E+01    0.6425836453E+02
  1    ***    0.12929E-01    0.4389381126E+01    0.6915147201E+02
  1    ***    0.12929E-01    0.4421655987E+01    0.6461527454E+02
  1    ***    0.12929E-01    0.4453930848E+01    0.6895309779E+02
  1    ***    0.12929E-01    0.4486205709E+01    0.6994084084E+02
  1    ***    0.12929E-01    0.4518480571E+01    0.7319986487E+02
  1    ***    0.12929E-01    0.4550755432E+01    0.7123616664E+02
  1    ***    0.12929E-01    0.4583030293E+01    0.7325941397E+02
  1    ***    0.12929E-01    0.4615305154E+01    0.8388906272E+02
  1    ***    0.12929E-01    0.4647580015E+01    0.7769689230E+02
  1    ***    0.12929E-01    0.4679854877E+01    0.7099830419E+02
  1    ***    0.12929E-01    0.4712129738E+01    0.6755607756E+02
  1    ***    0.12929E-01    0.4744404599E+01    0.6732438778E+02
  1    ***    0.12929E-01    0.4776679460E+01    0.6528654457E+02
  1    ***    0.12929E-01    0.4808954322E+01    0.7069094544E+02
  1    ***    0.12929E-01    0.4841229183E+01    0.6822179297E+02
  1    ***    0.12929E-01    0.4873504044E+01    0.6536583401E+02
  1    ***    0.12929E-01    0.4905778905E+01    0.6859861690E+02
  1    ***    0.12929E-01    0.4938053766E+01    0.6573088713E+02
  1    ***    0.12929E-01    0.4970328628E+01    0.7229014515E+02
  1    ***    0.12929E-01    0.5002603489E+01    0.7635151931E+02
  1    ***    0.12929E-01    0.5034878350E+01    0.6623138283E+02
  1    ***    0.12929E-01    0.5067153211E+01    0.6848320250E+02
  1    ***    0.12929E-01    0.5099428073E+01    0.7511709111E+02
  1    ***    0.12929E-01    0.5131702934E+01    0.7470100425E+02
  1    ***    0.12929E-01    0.5163977795E+01    0.7455835328E+02
  1    ***    0.12929E-01    0.5196252656E+01    0.7514731190E+02
  1    ***    0.12929E-01    0.5228527517E+01    0.6822356486E+02
  1    ***    0.12929E-01    0.5260802379E+01    0.6513971864E+02
  1    ***    0.12929E-01    0.5293077240E+01    0.6725196764E+02
  1    ***    0.12929E-01    0.5325352101E+01    0.6901035733E+02
  1    ***    0.12929E-01    0.5357626962E+01    0.7031051871E+02
  1    ***    0.12929E-01    0.5389901823E+01    0.7001670433E+02
  1    ***    0.12929E-01    0.5422176685E+01    0.7019464628E+02
  1    ***    0.12929E-01    0.5454451546E+01    0.7448715808E+02
  1    ***    0.12929E-01    0.5486726407E+01    0.7586254165E+02
  1    ***    0.12929E-01    0.5519001268E+01    0.7625995443E+02
  1    ***    0.12929E-01    0.5551276130E+01    0.7910566762E+02
  1    ***    0.12929E-01    0.5583550991E+01    0.7855260598E+02
  1    ***    0.12929E-01    0.5615825852E+01    0.8176913143E+02
  1    ***    0.12929E-01    0.5648100713E+01    0.7698684862E+02
  1    ***    0.12929E-01    0.5680375574E+01    0.7410471798E+02
  1    ***    0.12929E-01    0.5712650436E+01    0.7407152207E+02
  1    ***    0.12929E-01    0.5744925297E+01    0.7391245222E+02
  1    ***    0.12929E-01    0.5777200158E+01    0.7226008899E+02
  1    ***    0.12929E-01    0.5809475019E+01    0.7597161460E+02
  1    ***    0.12929E-01    0.5841749881E+01    0.7514441120E+02
  1    ***    0.12929E-01    0.5874024742E+01    0.7378756379E+02
  1    ***    0.12929E-01    0.5906299603E+01    0.6698146970E+02
  1    ***    0.12929E-01    0.5938574464E+01    0.7499831930E+02
  1    ***    0.12929E-01    0.5970849325E+01    0.7829077500E+02
  1    ***    0.12929E-01    0.6003124187E+01    0.7685836726E+02
  1    ***    0.12929E-01    0.6035399048E+01    0.7160726508E+02
  1    ***    0.12929E-01    0.6067673909E+01    0.7355589733E+02
  1    ***    0.12929E-01    0.6099948770E+01    0.7520826730E+02
  1    ***    0.12929E-01    0.6132223631E+01    0.7190880688E+02
  1    ***    0.12929E-01    0.6164498493E+01    0.6924819042E+02
  1    ***    0.12929E-01    0.6196773354E+01    0.7061526139E+02
  1    ***    0.12929E-01    0.6229048215E+01    0.7035425657E+02
  1    ***    0.12929E-01    0.6261323076E+01    0.7056971302E+02
  1    ***    0.12929E-01    0.6293597938E+01    0.7018593883E+02
  1    ***    0.12929E-01    0.6325872799E+01    0.7602705447E+02
  1    ***    0.12929E-01    0.6358147660E+01    0.7693606645E+02
  1    ***    0.12929E-01    0.6390422521E+01    0.7600498702E+02
  1    ***    0.12929E-01    0.6422697382E+01    0.7302557969E+02
  1    ***    0.12929E-01    0.6454972244E+01    0.7580976746E+02
