   0.0000000000000000        0.0000000000000000     
  0.50946617662408877       0.88242130265078089     
 -0.50946617662408833       0.88242130265078100     
  -1.0189323532481773        4.4408920985006262E-016
 -0.50946617662408944      -0.88242130265078078     
  0.50946617662408766      -0.88242130265078189     
   2.0378647064963542        0.0000000000000000     
   1.5283985298722658       0.88242130265078089     
   1.0189323532481773        1.7648426053015618     
   2.2204460492503131E-016   1.7648426053015620     
  -1.0189323532481769        1.7648426053015622     
  -1.5283985298722658       0.88242130265078167     
  -2.0378647064963546        1.1102230246251565E-015
  -1.5283985298722667      -0.88242130265078011     
  -1.0189323532481787       -1.7648426053015613     
  -1.5543122344752192E-015  -1.7648426053015625     
   1.0189323532481755       -1.7648426053015636     
   1.5283985298722653      -0.88242130265078345     
   3.0567970597445315        0.0000000000000000     
   2.5473308831204431       0.88242130265078089     
   2.0378647064963546        1.7648426053015618     
   1.5283985298722662        2.6472639079523428     
  0.50946617662408911        2.6472639079523428     
 -0.50946617662408800        2.6472639079523428     
  -1.5283985298722651        2.6472639079523428     
  -2.0378647064963542        1.7648426053015622     
  -2.5473308831204431       0.88242130265078167     
  -3.0567970597445320        1.1102230246251565E-015
  -2.5473308831204440      -0.88242130265078011     
  -2.0378647064963560       -1.7648426053015613     
  -1.5283985298722680       -2.6472639079523423     
 -0.50946617662409088       -2.6472639079523437     
  0.50946617662408622       -2.6472639079523450     
   1.5283985298722633       -2.6472639079523463     
   2.0378647064963529       -1.7648426053015662     
   2.5473308831204426      -0.88242130265078611     
   4.0757294129927084        0.0000000000000000     
   3.5662632363686200       0.88242130265078089     
   3.0567970597445315        1.7648426053015618     
   2.5473308831204431        2.6472639079523428     
   2.0378647064963546        3.5296852106031236     
   1.0189323532481775        3.5296852106031236     
   4.4408920985006262E-016   3.5296852106031236     
  -1.0189323532481767        3.5296852106031236     
  -2.0378647064963538        3.5296852106031236     
  -2.5473308831204426        2.6472639079523432     
  -3.0567970597445315        1.7648426053015627     
  -3.5662632363686204       0.88242130265078211     
  -4.0757294129927093        1.5543122344752192E-015
  -3.5662632363686213      -0.88242130265077967     
  -3.0567970597445333       -1.7648426053015609     
  -2.5473308831204453       -2.6472639079523423     
  -2.0378647064963573       -3.5296852106031236     
  -1.0189323532481802       -3.5296852106031249     
  -3.1086244689504383E-015  -3.5296852106031262     
   1.0189323532481740       -3.5296852106031276     
   2.0378647064963511       -3.5296852106031289     
   2.5473308831204409       -2.6472639079523486     
   3.0567970597445306       -1.7648426053015684     
   3.5662632363686204      -0.88242130265078833     
   5.0946617662408853        0.0000000000000000     
   4.5851955896167969       0.88242130265078089     
   4.0757294129927084        1.7648426053015618     
   3.5662632363686200        2.6472639079523428     
   3.0567970597445315        3.5296852106031236     
   2.5473308831204431        4.4121065132539048     
   1.5283985298722660        4.4121065132539048     
  0.50946617662408888        4.4121065132539048     
 -0.50946617662408822        4.4121065132539048     
  -1.5283985298722653        4.4121065132539048     
  -2.5473308831204422        4.4121065132539048     
  -3.0567970597445311        3.5296852106031240     
  -3.5662632363686200        2.6472639079523432     
  -4.0757294129927093        1.7648426053015627     
  -4.5851955896167986       0.88242130265078211     
  -4.9797928844893979       -7.8082255759548622E-002
  -4.5851955896168004      -0.88242130265077967     
  -4.0757294129927129       -1.7648426053015609     
  -3.5662632363686249       -2.6472639079523423     
  -3.0567970597445369       -3.5296852106031236     
  -2.5473308831204489       -4.4121065132539048     
  -1.5283985298722718       -4.4121065132539057     
 -0.50946617662409466       -4.4121065132539066     
  0.50946617662408245       -4.4121065132539075     
   1.5283985298722595       -4.4121065132539083     
   2.5473308831204369       -4.4121065132539092     
   3.0567970597445266       -3.5296852106031293     
   3.5662632363686164       -2.6472639079523494     
   4.0757294129927057       -1.7648426053015693     
   4.5851955896167951      -0.88242130265078922     
   6.1135941194890631        0.0000000000000000     
   5.6041279428649746       0.88242130265078089     
   5.0946617662408862        1.7648426053015618     
   4.5851955896167977        2.6472639079523428     
   4.0757294129927093        3.5296852106031236     
   3.5662632363686209        4.4121065132539048     
   3.0567970597445324        5.2945278159046856     
   2.0378647064963555        5.2945278159046856     
   1.0189323532481784        5.2945278159046856     
   1.3322676295501878E-015   5.2945278159046856     
  -1.0189323532481758        5.2945278159046856     
  -1.9015471487038249        5.2407419125182892     
  -2.6000769311264040        5.2113721441010830     
  -3.3839562626874256        4.0739408088014439     
  -3.8994086896585296        3.4363855849975060     
  -4.3657803208803978        2.6449518921910795     
  -4.6957229666798384        1.8269890197719325     
  -6.2456320833464050        2.1275692271709246     
  -6.6020565156659146       0.29237581352735409     
  -4.8494632860024751       -1.2486387017926883     
  -4.5365599178194884       -2.2651269552496380     
  -4.3866007523804527       -2.5995833242132833     
  -3.9168574645405814       -3.4112639907542452     
  -3.2280674162907514       -4.2372306261786266     
  -2.0212613148499092       -5.1718867768580337     
  -2.7733830418750451       -5.7208564992755058     
  -1.0189323532481847       -5.2945278159046882     
  -7.5495165674510645E-015  -5.2945278159046891     
   1.0189323532481696       -5.2945278159046900     
   2.0378647064963467       -5.2945278159046909     
   3.0567970597445235       -5.2945278159046918     
   3.5662632363686133       -4.4121065132539119     
   4.0757294129927031       -3.5296852106031320     
   4.5851955896167933       -2.6472639079523521     
   5.0946617662408826       -1.7648426053015720     
   5.6041279428649720      -0.88242130265079188     
   7.0184052080288284       -6.1012779065875163E-002
   6.6230602961131515       0.88242130265078089     
   6.1135941194890631        1.7648426053015618     
   5.6041279428649746        2.6472639079523428     
   5.0946617662408862        3.5296852106031236     
   4.5851955896167977        4.4121065132539048     
   3.7551172717426717        5.3377187949676754     
   4.3569289701630680        4.9855571842591164     
   3.1424884379325189        6.4966147697577039     
   1.4338285152103407        5.9852385083138131     
   2.0867827934824588        7.9079620608389840     
 -0.67363040742763247        5.7561161084405814     
  -1.7015804066702731        5.5630141184494155     
  -4.2002427175847457        5.5370641905112405     
  -3.0321263803913889        5.8356645190501508     
  -2.8047481443335203        4.6225062827676240     
  -5.1404817291316176        4.8813175137059623     
  -4.1769006757875076        3.6241501935077318     
  -4.9872576771794686        2.9788535598411832     
  -6.0542472896350192        2.2005268733573544     
  -6.2136566302947545       -8.0493021901121245E-002
  -7.6034269556062606       0.63441702370904640     
  -7.8698536616603958      -0.89566497536027934     
  -7.9129822634066107       -1.1956294468903121     
  -7.0405007899826204       -4.3591618489314854     
  -4.8622543833285645       -3.1464881919783565     
  -4.7695094103995848       -5.3248681331588177     
  -3.2220551516969076       -4.2441597749857785     
  -2.5526587793687798       -4.8204254161390709     
  -2.6147082562573614       -5.8723353436349370     
  0.90403052495752012       -6.1951727593773169     
 -0.46314393289192668       -5.8128228160856441     
   1.3406360677606703       -9.1522979049889361     
   2.3863847686215425       -7.8887754851823146     
   2.8744271650055238       -5.7052007093127468     
   1.4762102141037763       -6.6003468004518622     
   3.8249287976710686       -5.3020318266391326     
   4.5851955896167880       -4.4121065132539146     
   5.0946617662408773       -3.5296852106031347     
   5.6041279428649666       -2.6472639079523548     
   6.1135941194890560       -1.7648426053015747     
   6.6230602961131453      -0.88242130265079455     
   6.9877119111695229      -0.60464463417829328     
   6.9262527435762182        1.0463565785216271     
   8.1963779020948415        1.6268714534333253     
   6.6160942887985597        2.1570190032203018     
   6.0373111139307003        3.2859415968029428     
   4.9623686193422367        4.5218465138393658     
   5.7326816502658087        5.5856595063832088     
   4.3069712828317428        6.1702932522500618     
   2.9548282463603099        5.6775481349714116     
   1.6685882730434216        7.8490101591146404     
   3.0910567889210725        8.1260811205353445     
   1.2688303285060887        5.9945009206363817     
  0.96642921576720431        5.9991698782566623     
  -8.5579631067907738E-002   7.3409338561946820     
  -1.5736303312003819        7.5518910224646385     
  -1.7868804955801534        6.4374272658506131     
  -4.0150772439280846        6.8653036237435048     
  -3.7789266744524221        4.6115999456349703     
  -4.5811817123106122        7.3085340947625097     
  -6.5763038738540498        5.9204603852947111     
  -8.7177868189427983        2.6839355751835217     
  -5.8792979743515765        3.7955459171468653     
  -8.1739446457247968        2.3265313501799838     
  -7.6923737692677534        1.5732998363926280     
  -8.5586928687396124       -5.6307866597467220E-002
  -6.9412077892696002       -2.5490797661069005     
  -6.6009995289179120       -2.0391726052406107     
  -5.6801861259099660      -0.67698902591894250     
  -6.7403552584789139       -2.8570201322078619     
  -5.4095633892387784       -4.4069208976467333     
  -4.5802180960744412       -4.9060933829609032     
  -6.4567753407941044       -7.2722310451001340     
