  -1.1728660067685184       -1.8539783522535456     
   4.8860578839003557        2.2199530748341920     
   3.2350134694276722        1.5364222146466104     
   3.6379673246605782        3.5036043299313198     
 -0.66872291824394503        4.6101628027002111     
  0.23695842181735188        3.7795504068397947     
 -0.28283129982231547      -0.55382897812034504     
  0.11146054114040116        1.5781915890783471     
   1.0809185046480245        1.8916982219982352     
  -1.8118290219429003       -1.4035202673110099     
  0.67078280109858135       -1.1929220740337765     
   4.0525594177134119       -3.4826409372812428     
   2.3253325370977915      -0.94458097023860932     
 -0.56652924738258847       -2.6702346067198803     
   5.6191607036197730       0.75154601448351832     
   2.2855173650060761        2.8916445176943504     
   5.6702298879709323        2.2684484420835043     
 -0.43705604919529500        7.3042695286611448     
  -4.8842790361347914        5.3102410929735973     
  0.98023867215060623        5.9152858847082790     
 -0.28535017114709532        2.2863259835645517     
 -0.94373768998856555        5.1055084508931863     
  -3.7229416664702555        3.4913170542549912     
  -3.0258493462953089      -0.57585781475037079     
  -1.8569689911175005        2.1735051094903430     
  -1.9851045363626005      -0.55702864925685525     
  -5.6576423441535759       -2.1997538135677699     
  -6.8107720473840327      -0.66518565410610198     
  -3.1177106425037611       -4.6317641967268166     
  -1.3868563757165846       -5.7718004985393643     
   1.1442917980633796       -2.2500949755687953     
   3.1832345605775818       -5.5231340710965116     
   5.8518082586197275       -5.4491088701157926     
   3.6573917169203707       -1.1654592696527581     
   2.7129796215085631       -2.5155702739211945     
   3.1893305507201992       -4.0967776412142873     
   1.9938459355976732       -1.3190536426262891     
   6.7751233497141437        2.8543175561312282E-003
   8.8289915838987838        1.1474868541711698     
   6.9148230459683946        6.2001513295148003     
   5.8329533701549225        4.8137972987599671     
   5.0179958986909519        4.0247199690097988     
   1.2988891886190324        6.9422391786353739     
   2.7405436246833790        6.4483816811892023     
  0.61336513413847282        6.6438724387617922     
   5.0011272049142805        5.2111128448669843     
   2.9657790683509893        2.5377937833483006     
  -3.0990137921399219        7.6944465443413650     
  -5.4738205804691047        3.7189362038569653     
  -1.0404173535199872        6.7494713986210053     
  -6.1920971907041675        4.0403144424620550     
  -4.2602676069004586        6.1032787249470148     
  -3.4048293760208792        5.4295049039591099     
  -6.1547006273905422        5.3048220783898721     
  -6.1167829666261815       -2.8483537913234245     
  -7.3453479640196706        1.3567538344765033     
  -7.9602889563055959      -0.96207058502258513     
  -6.9925521595717086       -2.9914567804184906     
  -5.1227705529506302       -5.1718621475469559     
  -7.0632704436222635       -2.1857749902322032     
  -2.2090111739947957       -2.2944248755803782     
  -4.7855432787088397       -10.724947805496209     
 -0.31106886443890580       -5.1278674970053633     
  -2.8355885435748625       -7.4113435766561659     
  -2.8455487464969189       -5.9427158677650880     
  -2.3983074560078745       -7.5634319653647673     
   2.4170111038259554       -6.1560014913678058     
   5.9821872581945907       -7.1985994268082418     
   4.9780545818867861       -7.3208174755161801     
   3.7409326111580699       -6.8415657080924905     
   5.1460053766335383       -2.7369710889743408     
   4.8568344406626194       -1.4442070495127750     
   8.0257430216581742      -0.14446813025668284     
   9.9840895539472694       0.21584206821980553     
   6.5078821997260317        4.0109283626570384     
   8.0541443321505319        1.0571951919076203     
   5.5922437977023476      -0.61389690592797708     
   10.462531438104248        2.4955719643045136     
   8.1285664672834415        8.0554648976193342     
   9.9717498590468150        7.0919774451057744     
   6.4871037254840811        5.1562240057570534     
   9.4345860471416430        9.1485126337592710     
  0.56180451971802448        8.2378938418937331     
   2.0650885518994979        9.1005869597348124     
   2.5003232510978357        9.7814757789564570     
  -2.5656633179653898        10.086483943679221     
  0.63604358986151410        5.2083148445932412     
  -2.2570346943715909        9.5965126493532402     
  -4.2419225037462533        9.1113263044359680     
  -6.2887797316209708        7.0175997757177866     
  -5.7173435259729013        10.917716835056448     
  -6.4004678409899594        11.525875592839833     
  -4.5174453436920849        4.1678600032972177     
  -4.2919805315039321        1.8792638402052602     
  -12.725871325430749        2.7540786219807112     
  -12.371078109605406       0.21135947592447601     
  -9.5196743057928810      -0.26121962343326888     
  -9.6511938479291235        3.7290502442232651     
  -8.5937225434940050       -1.8645584903412249     
  -6.4309989416780349       -4.5688980966416528     
  -8.0568133578764662       -4.0179490435701526     
  -7.8251963085058893       -5.0679508670470641     
  -7.4502325357846768       -3.2691012784996785     
  -8.0111462992181917       -7.0889005601792485     
  -6.6238321660620345       -5.3672198021167707     
  -5.6925233724441977       -8.2207002549832904     
  -5.2262064667274499       -9.8227232956993831     
  -4.1479337907155402       -6.6278253749564762     
  -1.8646118562709957       -10.514852231073487     
  0.87323736926561790       -8.3086203748976679     
  -1.5420230398653376       -11.306571149154063     
   3.5000647437569121       -8.4702488944722774     
  -1.1296945817589246       -12.517351552462909     
   1.1603158698463536       -7.4153697666154139     
   7.0112600206141424       -9.6620802048940000     
   10.426796924926125       -7.8346464230504749     
   9.5090405671771610       -6.1573914942820913     
   7.5051312294665538       -4.3520802663269773     
   6.8645093335555600       -1.2135486932452777     
   11.004620172353365       0.64223661099613083     
   8.5265174039047249       -2.4282797424328977     
   6.6461366461744351       -3.3646249876866574     
   13.304448172470439        1.3368156905740383     
   11.185755306027247        4.0571999340030507     
   13.631095306854693        5.8434804329292582     
   9.8467827657912483        1.7694462946471041     
   8.5705295817611518        6.2183818007475997     
   9.6791347306719384        5.9013557973732063     
   9.3934764327955982        8.1029191857667104     
   11.402985486209079        8.5594375844970063     
   8.8842282049469254        10.296249345200890     
   10.638419429984920        11.000552602087952     
   3.1146338725202636        11.417307840777688     
   4.0743581496390089        11.510491145215445     
   2.5357473695505890        12.203450404374049     
   1.5573787000185997        11.977707270366940     
  0.92489787948934932        11.283863983810223     
   2.6327435744401337        13.505724116864279     
 -0.49280561341713197        13.059681338813384     
  -3.4584089670122178        11.638325658054965     
  -2.3541391800698004        15.082473452492737     
  -4.6670569065774439        13.486485358097148     
  -7.0852767244395078        6.7445735068160326     
  -4.3633109395397538        11.977859228465185     
  -10.909140676259314        6.4729028618875217     
  -11.617532455641475        9.4015064748272419     
  -6.2609948135079785        4.8782739807391300     
  -7.3025847133838910        7.9717796254500852     
  -13.842909903570494        5.5723121267840359     
  -9.0250042626325122        6.6278382266018649     
  -11.898406274930338       0.34378711977015292     
  -15.110405301150756       0.65610312576530316     
  -11.050693373619080       -2.3357122690775185     
  -10.428143640116062       -3.9443055369374096     
  -11.946054590345117       -4.3366500246825002     
  -10.204672647092956       -1.7490939473547817     
  -12.407203137263599       -8.2760931209043704     
  -6.0122290147447544       -5.9564267349489697     
  -6.7826238415492579       -8.1568839475886978     
  -8.5423515569352606       -8.9633076385023589     
  -5.1283088494538323       -8.1759271442905757     
  -6.4872873581640800       -11.421527841423373     
  -4.4794117721166549       -8.0424371584516443     
  -2.5379197560062132       -10.354614891889433     
  -2.1316503864169487       -14.058727117121686     
   1.4716125793406498       -15.150104160257669     
  -1.4923658118086331       -13.305509295924454     
   4.1528745900617610       -11.690865805899291     
   2.6900797409820627       -14.687455547675018     
   2.6374359875252278       -12.179186764091870     
   4.4970562825254294       -11.646295027323395     
   6.7771807810644420       -11.106734873563825     
   6.5692451759826866       -8.9691530708480620     
   11.171041765463315       -9.1573954710855965     
   8.7478650241332652       -8.5236195558108392     
   12.009717786576001       -8.4475986922143953     
   9.7767622284880176       -2.6424380560421410     
   9.3607714167594533       -1.2302175767379981     
   14.008080852843850       -5.2733610262935526     
   8.8633745570647005       -1.5920173075846011     
   14.694823484835881       -1.8640312896746838     
   6.5162326358490633E-002  -10.699783203354055     
   2.7937197424883990       -12.779952159083861     
 -0.89785973848521905       -10.386855328768615     
   7.0702368312751949       -11.987356043777167     
   9.1544706879411137       -12.214850403223229     
   11.220823486351968       -10.309599627598736     
   7.5218553932213439       -10.485126779500607     
   7.9109707266840230       -4.7549130951750387     
   5.8646142406377884       -13.982349288278796     
   8.2413329431949087       -7.1297906547605443     
   9.6762897061783821       -4.3726381041851168     
   10.879537003172292       -4.1153749488380482     
   14.259184975214207       -4.4208821510478318     
   14.953472437636467       -3.2457147499728105     
   12.372524903059778       -5.3028648729963646     
   15.065553594857889       0.56807639187251935     
   13.779317843816679       0.98057378068649703     
   13.519793949153275       -3.5761085435984601E-002
   10.956124344632691        4.8300692210218230     
