  8    ***    0.12929E-01    0.3227486122E-01    0.0000000000E+00
  8    ***    0.12929E-01    0.6454972244E-01    0.0000000000E+00
  8    ***    0.12929E-01    0.9682458366E-01    0.0000000000E+00
  8    ***    0.12929E-01    0.1290994449E+00    0.0000000000E+00
  8    ***    0.12929E-01    0.1613743061E+00    0.0000000000E+00
  8    ***    0.12929E-01    0.1936491673E+00    0.0000000000E+00
  8    ***    0.12929E-01    0.2259240285E+00    0.0000000000E+00
  8    ***    0.12929E-01    0.2581988897E+00    0.0000000000E+00
  8    ***    0.12929E-01    0.2904737510E+00    0.0000000000E+00
  8    ***    0.12929E-01    0.3227486122E+00    0.0000000000E+00
  8    ***    0.12929E-01    0.3550234734E+00    0.0000000000E+00
  8    ***    0.12929E-01    0.3872983346E+00    0.0000000000E+00
  8    ***    0.12929E-01    0.4195731958E+00    0.0000000000E+00
  8    ***    0.12929E-01    0.4518480571E+00    0.0000000000E+00
  8    ***    0.12929E-01    0.4841229183E+00    0.0000000000E+00
  8    ***    0.12929E-01    0.5163977795E+00    0.0000000000E+00
  8    ***    0.12929E-01    0.5486726407E+00    0.0000000000E+00
  8    ***    0.12929E-01    0.5809475019E+00    0.0000000000E+00
  8    ***    0.12929E-01    0.6132223631E+00    0.0000000000E+00
  8    ***    0.12929E-01    0.6454972244E+00    0.0000000000E+00
  8    ***    0.12929E-01    0.6777720856E+00    0.0000000000E+00
  8    ***    0.12929E-01    0.7100469468E+00    0.0000000000E+00
  8    ***    0.12929E-01    0.7423218080E+00    0.0000000000E+00
  8    ***    0.12929E-01    0.7745966692E+00    0.0000000000E+00
  8    ***    0.12929E-01    0.8068715305E+00    0.0000000000E+00
  8    ***    0.12929E-01    0.8391463917E+00    0.0000000000E+00
  8    ***    0.12929E-01    0.8714212529E+00    0.0000000000E+00
  8    ***    0.12929E-01    0.9036961141E+00    0.0000000000E+00
  8    ***    0.12929E-01    0.9359709753E+00    0.0000000000E+00
  8    ***    0.12929E-01    0.9682458366E+00    0.0000000000E+00
  8    ***    0.12929E-01    0.1000520698E+01    0.9939450578E+03
  8    ***    0.12929E-01    0.1032795559E+01    0.2014871264E+04
  8    ***    0.12929E-01    0.1065070420E+01    0.5923502128E+01
  8    ***    0.12929E-01    0.1097345281E+01    0.3040572047E+00
  8    ***    0.12929E-01    0.1129620143E+01    0.2657195572E+00
  8    ***    0.12929E-01    0.1161895004E+01    0.3156199435E+00
  8    ***    0.12929E-01    0.1194169865E+01    0.5860390233E+00
  8    ***    0.12929E-01    0.1226444726E+01    0.4590452972E+01
  8    ***    0.12929E-01    0.1258719588E+01    0.9471579367E+01
  8    ***    0.12929E-01    0.1290994449E+01    0.1188786694E+02
  8    ***    0.12929E-01    0.1323269310E+01    0.9506855267E+01
  8    ***    0.12929E-01    0.1355544171E+01    0.1180584522E+02
  8    ***    0.12929E-01    0.1387819032E+01    0.1109665711E+02
  8    ***    0.12929E-01    0.1420093894E+01    0.8874625976E+01
  8    ***    0.12929E-01    0.1452368755E+01    0.8949872575E+01
  8    ***    0.12929E-01    0.1484643616E+01    0.1011875647E+02
  8    ***    0.12929E-01    0.1516918477E+01    0.9024940945E+01
  8    ***    0.12929E-01    0.1549193338E+01    0.1001436408E+02
  8    ***    0.12929E-01    0.1581468200E+01    0.1665449829E+02
  8    ***    0.12929E-01    0.1613743061E+01    0.1934295228E+02
  8    ***    0.12929E-01    0.1646017922E+01    0.2180391205E+02
  8    ***    0.12929E-01    0.1678292783E+01    0.2424841448E+02
  8    ***    0.12929E-01    0.1710567645E+01    0.5032812768E+02
  8    ***    0.12929E-01    0.1742842506E+01    0.5722390693E+03
  8    ***    0.12929E-01    0.1775117367E+01    0.3001387721E+03
  8    ***    0.12929E-01    0.1807392228E+01    0.5915172689E+02
  8    ***    0.12929E-01    0.1839667089E+01    0.4407887698E+02
  8    ***    0.12929E-01    0.1871941951E+01    0.5523423862E+02
  8    ***    0.12929E-01    0.1904216812E+01    0.6616492677E+02
  8    ***    0.12929E-01    0.1936491673E+01    0.7296197566E+02
  8    ***    0.12929E-01    0.1968766534E+01    0.7990472568E+02
  8    ***    0.12929E-01    0.2001041396E+01    0.3026790593E+03
  8    ***    0.12929E-01    0.2033316257E+01    0.4734902847E+03
  8    ***    0.12929E-01    0.2065591118E+01    0.6794888455E+02
  8    ***    0.12929E-01    0.2097865979E+01    0.2943650867E+02
  8    ***    0.12929E-01    0.2130140840E+01    0.2475721961E+02
  8    ***    0.12929E-01    0.2162415702E+01    0.2723392374E+02
  8    ***    0.12929E-01    0.2194690563E+01    0.2265045993E+02
  8    ***    0.12929E-01    0.2226965424E+01    0.2618598351E+02
  8    ***    0.12929E-01    0.2259240285E+01    0.2781707805E+02
  8    ***    0.12929E-01    0.2291515147E+01    0.3057219718E+02
  8    ***    0.12929E-01    0.2323790008E+01    0.2567135843E+02
  8    ***    0.12929E-01    0.2356064869E+01    0.2734040446E+02
  8    ***    0.12929E-01    0.2388339730E+01    0.2721787718E+02
  8    ***    0.12929E-01    0.2420614591E+01    0.3044837011E+02
  8    ***    0.12929E-01    0.2452889453E+01    0.3534715345E+02
  8    ***    0.12929E-01    0.2485164314E+01    0.3355360683E+02
  8    ***    0.12929E-01    0.2517439175E+01    0.3452697067E+02
  8    ***    0.12929E-01    0.2549714036E+01    0.4182064767E+02
  8    ***    0.12929E-01    0.2581988897E+01    0.4430553304E+02
  8    ***    0.12929E-01    0.2614263759E+01    0.6109019152E+02
  8    ***    0.12929E-01    0.2646538620E+01    0.1564006838E+03
  8    ***    0.12929E-01    0.2678813481E+01    0.3823360871E+03
  8    ***    0.12929E-01    0.2711088342E+01    0.1459208760E+03
  8    ***    0.12929E-01    0.2743363204E+01    0.1281858397E+03
  8    ***    0.12929E-01    0.2775638065E+01    0.7268336339E+02
  8    ***    0.12929E-01    0.2807912926E+01    0.6022055058E+02
  8    ***    0.12929E-01    0.2840187787E+01    0.6203514088E+02
  8    ***    0.12929E-01    0.2872462648E+01    0.6430363242E+02
  8    ***    0.12929E-01    0.2904737510E+01    0.6883175657E+02
  8    ***    0.12929E-01    0.2937012371E+01    0.6389552173E+02
  8    ***    0.12929E-01    0.2969287232E+01    0.7899372948E+02
  8    ***    0.12929E-01    0.3001562093E+01    0.1336942816E+03
  8    ***    0.12929E-01    0.3033836955E+01    0.1715809440E+03
  8    ***    0.12929E-01    0.3066111816E+01    0.7894354646E+02
  8    ***    0.12929E-01    0.3098386677E+01    0.5355338852E+02
  8    ***    0.12929E-01    0.3130661538E+01    0.4678132777E+02
  8    ***    0.12929E-01    0.3162936399E+01    0.4600900066E+02
  8    ***    0.12929E-01    0.3195211261E+01    0.4727919755E+02
  8    ***    0.12929E-01    0.3227486122E+01    0.4930188259E+02
  8    ***    0.12929E-01    0.3259760983E+01    0.4920659096E+02
  8    ***    0.12929E-01    0.3292035844E+01    0.5075898023E+02
  8    ***    0.12929E-01    0.3324310705E+01    0.5227114150E+02
  8    ***    0.12929E-01    0.3356585567E+01    0.5642111930E+02
  8    ***    0.12929E-01    0.3388860428E+01    0.5546207089E+02
  8    ***    0.12929E-01    0.3421135289E+01    0.6168513707E+02
  8    ***    0.12929E-01    0.3453410150E+01    0.7857023745E+02
  8    ***    0.12929E-01    0.3485685012E+01    0.1088898147E+03
  8    ***    0.12929E-01    0.3517959873E+01    0.1001036185E+03
  8    ***    0.12929E-01    0.3550234734E+01    0.8709656151E+02
  8    ***    0.12929E-01    0.3582509595E+01    0.9057630238E+02
  8    ***    0.12929E-01    0.3614784456E+01    0.1388938765E+03
  8    ***    0.12929E-01    0.3647059318E+01    0.1882538426E+03
  8    ***    0.12929E-01    0.3679334179E+01    0.1284681874E+03
  8    ***    0.12929E-01    0.3711609040E+01    0.9983977230E+02
  8    ***    0.12929E-01    0.3743883901E+01    0.8994472808E+02
  8    ***    0.12929E-01    0.3776158763E+01    0.6967516520E+02
  8    ***    0.12929E-01    0.3808433624E+01    0.6586603616E+02
  8    ***    0.12929E-01    0.3840708485E+01    0.6843904307E+02
  8    ***    0.12929E-01    0.3872983346E+01    0.6686052545E+02
  8    ***    0.12929E-01    0.3905258207E+01    0.6800472788E+02
  8    ***    0.12929E-01    0.3937533069E+01    0.6518986469E+02
  8    ***    0.12929E-01    0.3969807930E+01    0.6970492802E+02
  8    ***    0.12929E-01    0.4002082791E+01    0.8512456901E+02
  8    ***    0.12929E-01    0.4034357652E+01    0.9024149191E+02
  8    ***    0.12929E-01    0.4066632514E+01    0.7662568632E+02
  8    ***    0.12929E-01    0.4098907375E+01    0.6708211002E+02
  8    ***    0.12929E-01    0.4131182236E+01    0.6324854887E+02
  8    ***    0.12929E-01    0.4163457097E+01    0.5868197572E+02
  8    ***    0.12929E-01    0.4195731958E+01    0.5721417420E+02
  8    ***    0.12929E-01    0.4228006820E+01    0.5895343008E+02
  8    ***    0.12929E-01    0.4260281681E+01    0.5356320275E+02
  8    ***    0.12929E-01    0.4292556542E+01    0.6365236788E+02
  8    ***    0.12929E-01    0.4324831403E+01    0.6826471435E+02
  8    ***    0.12929E-01    0.4357106264E+01    0.8722022208E+02
  8    ***    0.12929E-01    0.4389381126E+01    0.9087641539E+02
  8    ***    0.12929E-01    0.4421655987E+01    0.1012920356E+03
  8    ***    0.12929E-01    0.4453930848E+01    0.8617655636E+02
  8    ***    0.12929E-01    0.4486205709E+01    0.8511307582E+02
  8    ***    0.12929E-01    0.4518480571E+01    0.8824873484E+02
  8    ***    0.12929E-01    0.4550755432E+01    0.8803386643E+02
  8    ***    0.12929E-01    0.4583030293E+01    0.9831028954E+02
  8    ***    0.12929E-01    0.4615305154E+01    0.1269915719E+03
  8    ***    0.12929E-01    0.4647580015E+01    0.1142810128E+03
  8    ***    0.12929E-01    0.4679854877E+01    0.9044670781E+02
  8    ***    0.12929E-01    0.4712129738E+01    0.8005220175E+02
  8    ***    0.12929E-01    0.4744404599E+01    0.7276846457E+02
  8    ***    0.12929E-01    0.4776679460E+01    0.6941615677E+02
  8    ***    0.12929E-01    0.4808954322E+01    0.7081441110E+02
  8    ***    0.12929E-01    0.4841229183E+01    0.7239835934E+02
  8    ***    0.12929E-01    0.4873504044E+01    0.6705784669E+02
  8    ***    0.12929E-01    0.4905778905E+01    0.7152328595E+02
  8    ***    0.12929E-01    0.4938053766E+01    0.7291112325E+02
  8    ***    0.12929E-01    0.4970328628E+01    0.7624506772E+02
  8    ***    0.12929E-01    0.5002603489E+01    0.8132251021E+02
  8    ***    0.12929E-01    0.5034878350E+01    0.8406164927E+02
  8    ***    0.12929E-01    0.5067153211E+01    0.8346593698E+02
  8    ***    0.12929E-01    0.5099428073E+01    0.7678564122E+02
  8    ***    0.12929E-01    0.5131702934E+01    0.6914212877E+02
  8    ***    0.12929E-01    0.5163977795E+01    0.6971126205E+02
  8    ***    0.12929E-01    0.5196252656E+01    0.7383996064E+02
  8    ***    0.12929E-01    0.5228527517E+01    0.8481746327E+02
  8    ***    0.12929E-01    0.5260802379E+01    0.8406985243E+02
  8    ***    0.12929E-01    0.5293077240E+01    0.8526266133E+02
  8    ***    0.12929E-01    0.5325352101E+01    0.9389619189E+02
  8    ***    0.12929E-01    0.5357626962E+01    0.9643693258E+02
  8    ***    0.12929E-01    0.5389901823E+01    0.9508078801E+02
  8    ***    0.12929E-01    0.5422176685E+01    0.9325434469E+02
  8    ***    0.12929E-01    0.5454451546E+01    0.8942448705E+02
  8    ***    0.12929E-01    0.5486726407E+01    0.9023700297E+02
  8    ***    0.12929E-01    0.5519001268E+01    0.9450499171E+02
  8    ***    0.12929E-01    0.5551276130E+01    0.9353225120E+02
  8    ***    0.12929E-01    0.5583550991E+01    0.9529293808E+02
  8    ***    0.12929E-01    0.5615825852E+01    0.9809008098E+02
  8    ***    0.12929E-01    0.5648100713E+01    0.8412574587E+02
  8    ***    0.12929E-01    0.5680375574E+01    0.8016403233E+02
  8    ***    0.12929E-01    0.5712650436E+01    0.7896537877E+02
  8    ***    0.12929E-01    0.5744925297E+01    0.7439448995E+02
  8    ***    0.12929E-01    0.5777200158E+01    0.7477660950E+02
  8    ***    0.12929E-01    0.5809475019E+01    0.7315701041E+02
  8    ***    0.12929E-01    0.5841749881E+01    0.7097411082E+02
  8    ***    0.12929E-01    0.5874024742E+01    0.7370338266E+02
  8    ***    0.12929E-01    0.5906299603E+01    0.7800458467E+02
  8    ***    0.12929E-01    0.5938574464E+01    0.7710211347E+02
  8    ***    0.12929E-01    0.5970849325E+01    0.8097389443E+02
  8    ***    0.12929E-01    0.6003124187E+01    0.8853785194E+02
  8    ***    0.12929E-01    0.6035399048E+01    0.8856558695E+02
  8    ***    0.12929E-01    0.6067673909E+01    0.8830510421E+02
  8    ***    0.12929E-01    0.6099948770E+01    0.8729627521E+02
  8    ***    0.12929E-01    0.6132223631E+01    0.8698611315E+02
  8    ***    0.12929E-01    0.6164498493E+01    0.8459924862E+02
  8    ***    0.12929E-01    0.6196773354E+01    0.8566275872E+02
  8    ***    0.12929E-01    0.6229048215E+01    0.9199073033E+02
  8    ***    0.12929E-01    0.6261323076E+01    0.9136793293E+02
  8    ***    0.12929E-01    0.6293597938E+01    0.9173609092E+02
  8    ***    0.12929E-01    0.6325872799E+01    0.9254334852E+02
  8    ***    0.12929E-01    0.6358147660E+01    0.8457161597E+02
  8    ***    0.12929E-01    0.6390422521E+01    0.8470556469E+02
  8    ***    0.12929E-01    0.6422697382E+01    0.8079458592E+02
  8    ***    0.12929E-01    0.6454972244E+01    0.7810223686E+02
