  8    ***    0.12929E-01    0.3227486122E-01    0.0000000000E+00
  8    ***    0.12929E-01    0.6454972244E-01    0.0000000000E+00
  8    ***    0.12929E-01    0.9682458366E-01    0.0000000000E+00
  8    ***    0.12929E-01    0.1290994449E+00    0.0000000000E+00
  8    ***    0.12929E-01    0.1613743061E+00    0.0000000000E+00
  8    ***    0.12929E-01    0.1936491673E+00    0.0000000000E+00
  8    ***    0.12929E-01    0.2259240285E+00    0.0000000000E+00
  8    ***    0.12929E-01    0.2581988897E+00    0.0000000000E+00
  8    ***    0.12929E-01    0.2904737510E+00    0.0000000000E+00
  8    ***    0.12929E-01    0.3227486122E+00    0.0000000000E+00
  8    ***    0.12929E-01    0.3550234734E+00    0.0000000000E+00
  8    ***    0.12929E-01    0.3872983346E+00    0.0000000000E+00
  8    ***    0.12929E-01    0.4195731958E+00    0.0000000000E+00
  8    ***    0.12929E-01    0.4518480571E+00    0.0000000000E+00
  8    ***    0.12929E-01    0.4841229183E+00    0.0000000000E+00
  8    ***    0.12929E-01    0.5163977795E+00    0.0000000000E+00
  8    ***    0.12929E-01    0.5486726407E+00    0.0000000000E+00
  8    ***    0.12929E-01    0.5809475019E+00    0.0000000000E+00
  8    ***    0.12929E-01    0.6132223631E+00    0.0000000000E+00
  8    ***    0.12929E-01    0.6454972244E+00    0.0000000000E+00
  8    ***    0.12929E-01    0.6777720856E+00    0.0000000000E+00
  8    ***    0.12929E-01    0.7100469468E+00    0.0000000000E+00
  8    ***    0.12929E-01    0.7423218080E+00    0.0000000000E+00
  8    ***    0.12929E-01    0.7745966692E+00    0.0000000000E+00
  8    ***    0.12929E-01    0.8068715305E+00    0.0000000000E+00
  8    ***    0.12929E-01    0.8391463917E+00    0.0000000000E+00
  8    ***    0.12929E-01    0.8714212529E+00    0.0000000000E+00
  8    ***    0.12929E-01    0.9036961141E+00    0.0000000000E+00
  8    ***    0.12929E-01    0.9359709753E+00    0.0000000000E+00
  8    ***    0.12929E-01    0.9682458366E+00    0.0000000000E+00
  8    ***    0.12929E-01    0.1000520698E+01    0.2503330880E+04
  8    ***    0.12929E-01    0.1032795559E+01    0.3399767854E+04
  8    ***    0.12929E-01    0.1065070420E+01    0.6857472305E+03
  8    ***    0.12929E-01    0.1097345281E+01    0.5332859313E+03
  8    ***    0.12929E-01    0.1129620143E+01    0.4399725379E+03
  8    ***    0.12929E-01    0.1161895004E+01    0.3936641477E+03
  8    ***    0.12929E-01    0.1194169865E+01    0.3711580481E+03
  8    ***    0.12929E-01    0.1226444726E+01    0.3515906702E+03
  8    ***    0.12929E-01    0.1258719588E+01    0.3195202905E+03
  8    ***    0.12929E-01    0.1290994449E+01    0.3133394169E+03
  8    ***    0.12929E-01    0.1323269310E+01    0.3011007176E+03
  8    ***    0.12929E-01    0.1355544171E+01    0.3013067692E+03
  8    ***    0.12929E-01    0.1387819032E+01    0.2924676172E+03
  8    ***    0.12929E-01    0.1420093894E+01    0.2824894137E+03
  8    ***    0.12929E-01    0.1452368755E+01    0.2795519022E+03
  8    ***    0.12929E-01    0.1484643616E+01    0.2918321003E+03
  8    ***    0.12929E-01    0.1516918477E+01    0.2933762963E+03
  8    ***    0.12929E-01    0.1549193338E+01    0.2909955473E+03
  8    ***    0.12929E-01    0.1581468200E+01    0.2928713477E+03
  8    ***    0.12929E-01    0.1613743061E+01    0.2868930219E+03
  8    ***    0.12929E-01    0.1646017922E+01    0.2984170941E+03
  8    ***    0.12929E-01    0.1678292783E+01    0.3037183138E+03
  8    ***    0.12929E-01    0.1710567645E+01    0.3462241474E+03
  8    ***    0.12929E-01    0.1742842506E+01    0.8892780958E+03
  8    ***    0.12929E-01    0.1775117367E+01    0.6907172676E+03
  8    ***    0.12929E-01    0.1807392228E+01    0.5257951671E+03
  8    ***    0.12929E-01    0.1839667089E+01    0.5158220156E+03
  8    ***    0.12929E-01    0.1871941951E+01    0.5187731488E+03
  8    ***    0.12929E-01    0.1904216812E+01    0.5430225187E+03
  8    ***    0.12929E-01    0.1936491673E+01    0.5755128338E+03
  8    ***    0.12929E-01    0.1968766534E+01    0.6934167787E+03
  8    ***    0.12929E-01    0.2001041396E+01    0.1267840181E+04
  8    ***    0.12929E-01    0.2033316257E+01    0.1030423596E+04
  8    ***    0.12929E-01    0.2065591118E+01    0.5507452791E+03
  8    ***    0.12929E-01    0.2097865979E+01    0.4820702058E+03
  8    ***    0.12929E-01    0.2130140840E+01    0.4446657898E+03
  8    ***    0.12929E-01    0.2162415702E+01    0.4260776471E+03
  8    ***    0.12929E-01    0.2194690563E+01    0.4163398997E+03
  8    ***    0.12929E-01    0.2226965424E+01    0.4070649055E+03
  8    ***    0.12929E-01    0.2259240285E+01    0.4083746380E+03
  8    ***    0.12929E-01    0.2291515147E+01    0.4023364721E+03
  8    ***    0.12929E-01    0.2323790008E+01    0.3954842294E+03
  8    ***    0.12929E-01    0.2356064869E+01    0.3945532263E+03
  8    ***    0.12929E-01    0.2388339730E+01    0.3954075721E+03
  8    ***    0.12929E-01    0.2420614591E+01    0.4044970946E+03
  8    ***    0.12929E-01    0.2452889453E+01    0.3944445517E+03
  8    ***    0.12929E-01    0.2485164314E+01    0.4020574253E+03
  8    ***    0.12929E-01    0.2517439175E+01    0.4004313725E+03
  8    ***    0.12929E-01    0.2549714036E+01    0.4116148264E+03
  8    ***    0.12929E-01    0.2581988897E+01    0.4192369423E+03
  8    ***    0.12929E-01    0.2614263759E+01    0.4361217132E+03
  8    ***    0.12929E-01    0.2646538620E+01    0.5538888848E+03
  8    ***    0.12929E-01    0.2678813481E+01    0.7755494982E+03
  8    ***    0.12929E-01    0.2711088342E+01    0.6334054143E+03
  8    ***    0.12929E-01    0.2743363204E+01    0.6582030661E+03
  8    ***    0.12929E-01    0.2775638065E+01    0.5268680128E+03
  8    ***    0.12929E-01    0.2807912926E+01    0.4986388765E+03
  8    ***    0.12929E-01    0.2840187787E+01    0.5022064201E+03
  8    ***    0.12929E-01    0.2872462648E+01    0.5033684202E+03
  8    ***    0.12929E-01    0.2904737510E+01    0.5115037148E+03
  8    ***    0.12929E-01    0.2937012371E+01    0.5232409564E+03
  8    ***    0.12929E-01    0.2969287232E+01    0.5595018100E+03
  8    ***    0.12929E-01    0.3001562093E+01    0.6578890669E+03
  8    ***    0.12929E-01    0.3033836955E+01    0.6052504182E+03
  8    ***    0.12929E-01    0.3066111816E+01    0.4714192993E+03
  8    ***    0.12929E-01    0.3098386677E+01    0.4422180923E+03
  8    ***    0.12929E-01    0.3130661538E+01    0.4305212129E+03
  8    ***    0.12929E-01    0.3162936399E+01    0.4292815272E+03
  8    ***    0.12929E-01    0.3195211261E+01    0.4237134384E+03
  8    ***    0.12929E-01    0.3227486122E+01    0.4213284015E+03
  8    ***    0.12929E-01    0.3259760983E+01    0.4223050516E+03
  8    ***    0.12929E-01    0.3292035844E+01    0.4196697893E+03
  8    ***    0.12929E-01    0.3324310705E+01    0.4276296124E+03
  8    ***    0.12929E-01    0.3356585567E+01    0.4175832048E+03
  8    ***    0.12929E-01    0.3388860428E+01    0.4169012713E+03
  8    ***    0.12929E-01    0.3421135289E+01    0.4227010465E+03
  8    ***    0.12929E-01    0.3453410150E+01    0.4355650862E+03
  8    ***    0.12929E-01    0.3485685012E+01    0.4566512120E+03
  8    ***    0.12929E-01    0.3517959873E+01    0.4621026368E+03
  8    ***    0.12929E-01    0.3550234734E+01    0.4660312544E+03
  8    ***    0.12929E-01    0.3582509595E+01    0.4757237750E+03
  8    ***    0.12929E-01    0.3614784456E+01    0.5386020239E+03
  8    ***    0.12929E-01    0.3647059318E+01    0.5838567256E+03
  8    ***    0.12929E-01    0.3679334179E+01    0.5513766653E+03
  8    ***    0.12929E-01    0.3711609040E+01    0.4957650067E+03
  8    ***    0.12929E-01    0.3743883901E+01    0.4705981547E+03
  8    ***    0.12929E-01    0.3776158763E+01    0.4456185399E+03
  8    ***    0.12929E-01    0.3808433624E+01    0.4414012673E+03
  8    ***    0.12929E-01    0.3840708485E+01    0.4336019956E+03
  8    ***    0.12929E-01    0.3872983346E+01    0.4398696349E+03
  8    ***    0.12929E-01    0.3905258207E+01    0.4288143991E+03
  8    ***    0.12929E-01    0.3937533069E+01    0.4456652787E+03
  8    ***    0.12929E-01    0.3969807930E+01    0.4586323172E+03
  8    ***    0.12929E-01    0.4002082791E+01    0.4763874727E+03
  8    ***    0.12929E-01    0.4034357652E+01    0.4589553011E+03
  8    ***    0.12929E-01    0.4066632514E+01    0.4203658693E+03
  8    ***    0.12929E-01    0.4098907375E+01    0.4125255864E+03
  8    ***    0.12929E-01    0.4131182236E+01    0.4157611444E+03
  8    ***    0.12929E-01    0.4163457097E+01    0.4139762504E+03
  8    ***    0.12929E-01    0.4195731958E+01    0.4040072647E+03
  8    ***    0.12929E-01    0.4228006820E+01    0.4059926738E+03
  8    ***    0.12929E-01    0.4260281681E+01    0.4120222532E+03
  8    ***    0.12929E-01    0.4292556542E+01    0.4205591896E+03
  8    ***    0.12929E-01    0.4324831403E+01    0.4252448407E+03
  8    ***    0.12929E-01    0.4357106264E+01    0.4379110985E+03
  8    ***    0.12929E-01    0.4389381126E+01    0.4714688577E+03
  8    ***    0.12929E-01    0.4421655987E+01    0.4525158636E+03
  8    ***    0.12929E-01    0.4453930848E+01    0.4530843755E+03
  8    ***    0.12929E-01    0.4486205709E+01    0.4444148402E+03
  8    ***    0.12929E-01    0.4518480571E+01    0.4460336105E+03
  8    ***    0.12929E-01    0.4550755432E+01    0.4554010832E+03
  8    ***    0.12929E-01    0.4583030293E+01    0.4584238243E+03
  8    ***    0.12929E-01    0.4615305154E+01    0.4772155424E+03
  8    ***    0.12929E-01    0.4647580015E+01    0.4644351967E+03
  8    ***    0.12929E-01    0.4679854877E+01    0.4340539693E+03
  8    ***    0.12929E-01    0.4712129738E+01    0.4304967289E+03
  8    ***    0.12929E-01    0.4744404599E+01    0.4158565483E+03
  8    ***    0.12929E-01    0.4776679460E+01    0.4066355924E+03
  8    ***    0.12929E-01    0.4808954322E+01    0.4112160751E+03
  8    ***    0.12929E-01    0.4841229183E+01    0.4128464320E+03
  8    ***    0.12929E-01    0.4873504044E+01    0.4015755224E+03
  8    ***    0.12929E-01    0.4905778905E+01    0.4080215881E+03
  8    ***    0.12929E-01    0.4938053766E+01    0.4049586379E+03
  8    ***    0.12929E-01    0.4970328628E+01    0.4018227877E+03
  8    ***    0.12929E-01    0.5002603489E+01    0.4092958313E+03
  8    ***    0.12929E-01    0.5034878350E+01    0.4068602166E+03
  8    ***    0.12929E-01    0.5067153211E+01    0.3975826752E+03
  8    ***    0.12929E-01    0.5099428073E+01    0.3923097601E+03
  8    ***    0.12929E-01    0.5131702934E+01    0.3973599875E+03
  8    ***    0.12929E-01    0.5163977795E+01    0.3942364731E+03
  8    ***    0.12929E-01    0.5196252656E+01    0.3914755455E+03
  8    ***    0.12929E-01    0.5228527517E+01    0.3930123876E+03
  8    ***    0.12929E-01    0.5260802379E+01    0.3929820555E+03
  8    ***    0.12929E-01    0.5293077240E+01    0.4067451334E+03
  8    ***    0.12929E-01    0.5325352101E+01    0.4174615775E+03
  8    ***    0.12929E-01    0.5357626962E+01    0.4164962730E+03
  8    ***    0.12929E-01    0.5389901823E+01    0.4153896220E+03
  8    ***    0.12929E-01    0.5422176685E+01    0.4085069357E+03
  8    ***    0.12929E-01    0.5454451546E+01    0.4059979314E+03
  8    ***    0.12929E-01    0.5486726407E+01    0.3997085785E+03
  8    ***    0.12929E-01    0.5519001268E+01    0.4003513189E+03
  8    ***    0.12929E-01    0.5551276130E+01    0.3968349863E+03
  8    ***    0.12929E-01    0.5583550991E+01    0.4001382238E+03
  8    ***    0.12929E-01    0.5615825852E+01    0.4047478072E+03
  8    ***    0.12929E-01    0.5648100713E+01    0.3986866895E+03
  8    ***    0.12929E-01    0.5680375574E+01    0.3834431625E+03
  8    ***    0.12929E-01    0.5712650436E+01    0.3836195003E+03
  8    ***    0.12929E-01    0.5744925297E+01    0.3731029430E+03
  8    ***    0.12929E-01    0.5777200158E+01    0.3747903644E+03
  8    ***    0.12929E-01    0.5809475019E+01    0.3743991028E+03
  8    ***    0.12929E-01    0.5841749881E+01    0.3667607069E+03
  8    ***    0.12929E-01    0.5874024742E+01    0.3736295137E+03
  8    ***    0.12929E-01    0.5906299603E+01    0.3743449841E+03
  8    ***    0.12929E-01    0.5938574464E+01    0.3704009955E+03
  8    ***    0.12929E-01    0.5970849325E+01    0.3708060012E+03
  8    ***    0.12929E-01    0.6003124187E+01    0.3728539582E+03
  8    ***    0.12929E-01    0.6035399048E+01    0.3745194865E+03
  8    ***    0.12929E-01    0.6067673909E+01    0.3690724189E+03
  8    ***    0.12929E-01    0.6099948770E+01    0.3707835664E+03
  8    ***    0.12929E-01    0.6132223631E+01    0.3756211193E+03
  8    ***    0.12929E-01    0.6164498493E+01    0.3694787434E+03
  8    ***    0.12929E-01    0.6196773354E+01    0.3740598266E+03
  8    ***    0.12929E-01    0.6229048215E+01    0.3727198765E+03
  8    ***    0.12929E-01    0.6261323076E+01    0.3765841190E+03
  8    ***    0.12929E-01    0.6293597938E+01    0.3763290229E+03
  8    ***    0.12929E-01    0.6325872799E+01    0.3798956037E+03
  8    ***    0.12929E-01    0.6358147660E+01    0.3776720071E+03
  8    ***    0.12929E-01    0.6390422521E+01    0.3729644189E+03
  8    ***    0.12929E-01    0.6422697382E+01    0.3632446585E+03
  8    ***    0.12929E-01    0.6454972244E+01    0.3671320810E+03
