   1.9962081396873153        8.2488517499307932     
   7.7471467487674062       -5.1857582291564386     
   1.1350325213231718       -12.222103335674699     
   2.3187435366509082       -7.6877565944643669     
  -7.4710831256496801       -13.363948142173570     
  -13.662319263953286        1.8217777554407089     
  -8.0742669702891554        6.5369143843303732     
   14.200893393602160      -0.64928358342206860     
   4.5795265562283776        10.333671649425874     
   10.721832867096820        3.5377770210136679     
  0.62242841183544728        7.2881960324571464     
   8.1138222694300737        12.982480547770178     
   1.6026268168518727        1.6683290312435979     
   6.0241928225059374       -4.0986559237528013     
   10.634215621580536        6.1679279188114302     
   8.5766409213768142       -11.454657370392225     
  -4.6667430396096243        6.0212068948851778     
   4.5343779735607628      -0.83211528234311483     
   5.5098541106865042        11.407865756285743     
  -11.799448318790805        8.2185743216622349     
   6.8012146078536384       -11.040356219094100     
   13.325543675437110      -0.18842048307743445     
  -1.2068371339083932        8.9418892535258916     
   13.186985226222628        4.9957026986749007     
   1.9455444811511162       -8.6048910014306195     
  -6.4357383199870570        2.3436860388243459     
   12.131998452490883       -3.1657379170810778     
   2.3486516325841804        12.320980516949133     
   10.473396634333385       -1.6366219707250889     
  -1.6084739115300462       -8.3726174959012400     
   12.703046957743078       -4.2416981885893845     
  -6.1544088547338891        3.2978499229375435     
  -9.4194063078652785        5.7782066040769333     
  -8.8819504273755694       -4.8161592120875225     
   9.5489947509866937       -11.231020073384018     
   12.026154684650580       -5.2269770553827888     
  -11.099488996153360       0.96171174289131667     
  -9.8810150574273177       0.37737943045356098     
  -10.501499263050398       -2.1238339129757118     
  -4.8488784265805451       -12.120244541344423     
   9.3241415782846657E-002   14.059450310257306     
  -5.0314893823444784        8.4772084473571478     
  -9.7458719750918681E-003  -7.4748961173016646     
   13.098393984563961        7.9288949047313366     
  -11.249883117854022        6.2740774902707281     
  0.97991835039565778       -8.8571075144359579     
 -0.87438740410628868       -11.133047978370643     
   3.2648388730685420       -12.896574422048024     
  -9.0595567230422809      -0.19040628856065842     
   7.9470271080361501      -0.81622679887175353     
  -5.3393947708776093        11.523071778373284     
   7.2475520895429151       -1.5242468225914623     
  -10.464001705863144        1.7138884260198124     
  -6.4793148873219542        9.8511731190608760     
   9.7659476176832474       -8.2837434809615598     
   5.9843552250930641       -12.448435854293120     
   5.2176050096583797        4.5108275333790973     
   11.439515704829054       -6.0197220967449319     
   12.205142469510944       -7.0426028064362471     
   1.7190271888700128       -3.2474519968367535     
   14.994120045509716        3.0946950844549908     
   2.5889271672819567        1.8766615638484481     
  -2.8578198506489079        8.4356390406640109     
  -6.1834014609849230        8.9002766706461554     
   8.4750625364029109       -3.3369104530305198     
   10.093307430578321        1.8310944451574040     
  -1.0582580542428364       0.93320626034151233     
   10.829659915778153        2.5496019617021992     
   8.5529579625537817        8.6572668502428876     
  -12.946322883770083        3.6271778909420502E-002
   9.2686246205042426       -12.185007391795915     
  -14.097644677748359        2.7227924886766157     
  -4.7379632428106175        3.4378652697517804     
  -5.7988475982799832       0.46084955561892005     
  -7.6135949883570586E-002  -11.722680054892892     
   14.615391358801341        4.5613620573998155     
 -0.51741529720914892       -14.241827070636417     
  -9.4963200646751726       -8.5878817257755600     
   7.1070699139617926       0.65129764251937816     
  -8.1297523178814135        9.5085224642396557     
  -11.220635035235453       -6.1455754560873750     
  -11.144449144184108        2.8384641049304431     
   13.856065859018928       -2.2332729480616886     
   6.6115788291328546       -2.8299630487762655     
   14.213991387112266        5.4747216755026695     
   3.4425615727294065       -1.6182689826750747     
  -10.323447117159564        5.3583604104666547     
   3.7988723168372340       -11.462923003780359     
   4.4704368154037164        2.4207013381282785     
   9.4432775101350828       -4.3673820748372032     
   4.2689363554077735       -5.5557182029794987     
  -2.5308613815173526        13.957624060858652     
   6.4733037860078104        11.624933858929483     
  -5.4202827334574204        6.9766900640984808     
   8.6854316954548576        12.167015511684657     
  -7.7969352690305440       -9.9928723973042253     
   10.537522158658509       -11.108101482800652     
  -6.3108851846733245       -8.8391650946492231     
   5.7822807231613869        9.5540893213763063     
  -10.639226590283139       -8.3916184846894293     
  -3.3414071416455609        9.5012660984926907     
  -5.7263658524833652       -2.9179307321809453     
   1.2927565237985985        2.6162704658177258     
  -4.5922304403110470        13.380368603667320     
   10.175413542022268       0.84187617751715949     
   8.0251434113201316        3.1928705807129418     
   11.831660397409733        4.0756573612025138     
  -7.3440866690877264       -2.5315788248104938     
   7.5544281104236468        2.2153080979752646     
  -8.2985715400740361      -0.84080267851761115     
   12.769984397487573       -1.3378415536876453     
   2.2473966771544198        13.311597080008085     
  -3.3933386535381831        6.5925951923174031     
   11.059752794687995        7.1946113868218626     
   1.5000903730471724        14.102957094689669     
   2.7070181048568549       -14.970837549251264     
   8.7215168197615682       -5.0516804033301366     
   6.7030577798175841        8.2256100261889440     
   11.097201954711872       0.15056906437459167     
   8.5034222504660146        5.8973229154728930     
   13.200934735246143       -7.7567579335985570     
   11.133731815568742        1.6014717148489219     
  -9.0878185573269030E-002  -5.0868419407658498     
   8.4070410398425608       -10.052498930066065     
   1.9362153330828324       -6.7703538226817548     
  -3.9680816786425392      -0.72508023121804555     
  0.77700778698909478      -0.42706370017252282     
   8.7025172544943228      -0.16038276575088312     
   12.907084268432119       -5.7425224398775061     
  -9.1520149464313736       -3.8693199671871414     
  -1.7173769464209314       -11.667605129978030     
  -6.7042363500499000       -11.631905673037554     
   6.9192357893567484        3.4275760317661326     
   6.5167685587469038       -5.5870574019419683     
  -1.7802255679882406       -3.8073685658218239     
   15.211397008538736       -1.7469899387951617     
  -4.0369690785740904        4.7961209596586105     
  -13.587796325276686       -4.6334296567186550     
   3.1499123762867773        11.250463782981205     
  0.79651617331590940        14.810031747040547     
  -6.9972470603658046        6.9930747577957595     
  -3.3237710769320619       -7.5295183440862195     
  -1.4289652137543802       -9.3542720987730306     
   5.2614103192293538       -6.8438675013583623     
  -5.4838275195563968        10.496057861125946     
  -5.6262186143907966       -7.5062848772479898     
   8.8583093054062712        10.201763706964060     
   8.0554489775280107       -12.872281307111802     
  -4.7297160657468034       -9.3571719397762418     
  0.41355888035546201        5.3057062166313669     
  -4.0014219163031761       -6.1646062250482965     
  -11.635059353961092        1.9767327777069084     
  -2.6508300498121780       -10.296156055647655     
  -2.4939990960840559       -1.1878284772912608     
   11.950188164709424        7.8241924906282740     
   6.6102056904238049        6.2499459890626108     
   1.5952706292842798       0.18411832611718892     
   2.2978142251956357       -13.116605390452582     
   2.4397807173184018       -1.4678308821000596     
  -13.512887218728091       0.84949569983371742     
  -10.479454629416098        8.2343645879718892     
   5.7817153243502313       -7.6837768443207617     
  -5.5154344774447210      -0.49963015024948326     
   3.8241343143704625       -9.2468731291306874     
   2.9574798634248132        7.9880298849022582     
  -11.487265678627033        7.2447941073834725     
  -8.0672673734876543       -6.6210490006240565     
  -1.2671806773625183       -7.0174332166108533     
   6.2209728957133468       0.20530958665426516     
   2.6940260865462364       -2.6452667872610012     
  -7.9045155972608683        7.2758198504799698E-002
   7.7935806355156965       -6.1659566945473250     
  -5.8800373155285621        5.6557966387268230     
   10.718513011087131       -4.4638734985576329     
  -7.1545283161216071        9.1134876373955063     
   6.5311478708559845        1.4584527260503108     
  -9.6852912307704706        2.3136282662056291     
   2.7246351900565684       0.76372170786807014     
   13.476639380006878       -4.8697860328888556     
  -8.4247846772208401        12.577887681423332     
  -8.5173977684717261       -8.7291408780935313     
  0.76051955912781077        11.652911578976690     
   14.743351878563988       -2.6929258646910270     
  -5.7391818394895271       -12.606729158776339     
   1.0529641874415838       -7.2249737049802363     
  -9.3298131949685175        7.9886786138270116     
  -10.390848185653395      -0.52583094743653802     
  -4.3203039868472075       0.22096435082368560     
   3.7873569362944206        8.5950787806045188     
   10.089285121060684        7.0012624123071863     
  -1.5025235777834487        5.7558914140854736     
   1.2023778684839534       -13.310155065583341     
  -7.3100877089666776      -0.72455249536054311     
  -6.7398785317522414       -4.8122557275218156     
   5.0394779723608432       -9.3029758687957624     
   5.6345372597345449       -13.767350014119843     
   11.283895221538526       -2.6504495151093255     
   5.0686750192668732        1.5018179318833402     
  -7.1308918314758482E-002  0.76477985645434743     
  -13.332298151209825       -2.2877797633030794     


