  -8.1017270032692519        5.3022650685541803     
  -4.3103584488162117       -1.8458721688159234     
   14.964011898202457        1.1561274081220467     
   11.817432770686850       -7.0919482227558266     
   2.0399964062848008        11.547909635274900     
   5.4415591744398437       -11.078047519709211     
   6.1080086836378573       -2.2841221389409516     
   4.6247243335749983       -12.737062274246114     
   3.7003939071909051       -3.1173727719400612     
  -5.3929981442081090       -13.031120978856142     
  -12.528326233464487        5.6402608246666635     
   7.2379714675919056       -11.918332763325623     
   2.0445461419214102        7.5643757351440701     
   5.1858831091561637        11.838380626857733     
  -4.2898930428237954        9.4095136828481785     
  -9.2581033093252465        6.9268467392293216     
  -2.8574418933475849        8.3732855308945311     
   6.3366453576172406       -12.355519402481793     
  -14.332795258751242      -0.96810892196734388     
  -7.5715894410897828       0.83330561547359927     
  -8.6061232259145477        6.1681631245191726     
   2.1950837209400289       -15.153078453322513     
  -6.0972769049771065        10.381952638807073     
  -8.0968363242408099        9.3121876574448095     
  -3.6075831735749988        14.598756131831225     
  -7.0305327275764684       -13.048788633312029     
   10.683227062139309       -3.7821134185509608     
   8.8609559793198827       -4.2258257883380628     
   8.0966260583214211        12.104273172058255     
   1.5700573424160851       -2.4928198903814178     
  -6.7295331748955638       -12.089970411978358     
   1.1559112731476238       -10.735084396037832     
  -5.0987533097211282       -7.2397468037009141     
  -5.1617294679473593        13.241691112509734     
  -4.2050309264337580       -10.384372274225603     
  -13.574096076327898       -4.5975238298992416     
  -13.162368444824301       -6.2890485960768805     
  -8.8515777013028476        1.8496434987199868     
  -13.522870894124598        3.8759030686385896     
   14.040802120954472      -0.50964148763366601     
  -2.3935642392797862       -11.185545959383441     
  -9.3848686470515101        2.6973560037627728     
  -12.877900994028662       -5.3260953163913873     
 -0.56813018721265873       -11.894559763403919     
   13.586367628604879       -4.0955135121347173     
   9.8393402160892087       -5.3450861136742756     
   4.2469733783680397       -2.2745680406031545     
  -1.8024877330215348        10.810873110948775     
   2.7237713434159829       -11.636644182380723     
   12.246893703267840        3.5757671406015521     
   5.3764788548204674       -12.075635977730148     
  -7.6943978509665190       -11.825368375087594     
   9.3761457171578542        10.802529463995603     
  -5.3007371376997350        2.4880148231560666     
   8.2615116589923900       -3.4206633132710609     
   15.161043165391627        2.1369713887649682     
   4.5080799987113904        4.6936386548127453     
 -0.86582103600593940        13.858362585252209     
   1.3439554825412978        1.3704844939179190     
  -13.244283490503637       0.92873718906930169     
   4.8322097068796914       -8.7788770059047696     
  -6.0052881009453687       -2.9625067785453623     
  -1.8483134535830212        14.092003669210616     
   2.3416832801576208        1.4444312414335172     
  -11.746222011904454       -6.9491939053810121     
  -7.2056741556481629        12.353303249083220     
  -12.567343881312325        4.1721300904626517     
   10.974570802251945       -7.6354809601059150     
   7.8354656464364743        1.0072036463453249     
  0.31024546084601734        6.4752573674132208     
   4.5085729278915423       -7.8210146161241081     
   2.1482536102660541       -6.5795119711063546     
  -7.4530363598975020       -1.5447822820051060     
 -0.36932358883381144        12.129578727414302     
   10.919606022418964       -6.6348598636623093     
   10.455683134208584        4.1537462513412002     
   10.082191409759446       -7.1850161728962165     
   1.4455349025321667        8.3668099396243480     
   11.812159605965082        9.7057388324396712     
  -13.746026516698233        2.9014547541408557     
   1.9036433859269166       0.54158283642291882     
 -0.87300081021401388       -9.1736492200178734     
  -9.7020603961245051       -1.7722247664537405     
   4.1678146412208923       -4.0048043357848986     
  -5.9506890745015930       -9.8242538272805664     
  -3.4905176122261645        3.3172395536089256     
   13.528240262608156       -3.0966105027577400     
   2.1187263154302918       -1.6529073510380541     
   9.8546929836590937       -4.3425984716603567     
  -1.4274537463237669      -0.49808600607485209     
   5.1782962497887075       -1.9008960917708009     
   14.987602233170298      -0.18223106633742212     
   8.2329892737238026        8.3144642580863550     
  -5.0659771196009213       -5.3574784909586981     
  -2.6132318827841297        14.748302340400979     
  -4.1789611006199880       -9.3846006965679063     
  -2.0648529813428556       -1.2725774187460437     
   4.7065211302463865       -3.1626334333664321     
   14.213499825023122        1.8187496590388452     
   12.199453889872004       -5.7826518799792996     
   14.229498619342026       0.47792404209634437     
   1.1012580980589313        13.315774958973430     
   4.7772180601551311       -6.0928966092824091     
   11.716447059140455       0.40304219272259184     
   8.9013981534953892      -0.94958918460266128     
   12.879112016894840       -8.2724758837651109     
   12.121140351888689       -4.7853938996375627     
   6.6895091869417147        5.2761885668389796     
   4.1561264783636291       -6.8854384797947219     
   1.8528707473438788       -8.2928342685754846     
   13.470611512538822        1.1346597798596674     
   9.4107769870503333       -1.8108903270870635     
   3.5145870508086023       -7.6559222206396882     
   9.9014002373647791      -0.93157775109143248     
  -5.5500802882095606        9.5450625211757529     
  -1.0505055399845806        8.4863380428266169     
   10.603334929450655        5.1452154468947766     
  -10.205341361200833       -7.7707856228774661     
   3.5642617978699991        5.0319618731987497     
   9.5827228323967244       -6.3131283169212766     
  -8.9468621869500691        11.968842496297336     
  -6.7018143397161696       -9.1620856070103205     
   8.9513545781810073       -10.548699825510678     
   2.5049918487215712       -7.5185563377141200     
  -7.8995433755905529       -5.4747836114154795     
   5.8253515052649396       -8.9400457602310865     
  -2.5811416266263323        1.0877258949035773     
   2.5724034484661020        12.401378475002781     
 -0.19172040091938017        13.114900773447827     
 -0.32109086682751853       -5.1975023924938641     
  -3.3923361682227222        2.3205503268623415     
   4.3278389172798661        5.6773811467543123     
  -4.6738738078282820       -4.4365164000159210     
 -0.47329286912024038        5.8528878984242434     
  -1.8425918805536465       -8.9167947382642723     
   13.257272163145114        5.3343201565108993     
   8.5172424987834958       -11.449350821730095     
  -4.3656003172054350        6.4960009061347410     
  -4.3717154034184551        2.1190130678726691     
  -13.849316383812136       -5.5626229100637632     
  -4.1665519866993135        4.0550760680535820     
  -3.5750510743698976        7.6717321841329653     
  -5.0853553786959180       -12.075045710072812     
  -7.6120049211038010        10.593453078575475     
   1.5088547384085800       -7.3517330415943380     
   4.4169710557039492        7.9041830297354343     
   9.0369628251257712        11.748143852717527     
   6.4074943829862123       -11.358492095299086     
   1.2854273835791539        2.3751164956194142     
  -1.3987438768956320       -11.337619318750553     
  -8.2985698554927190       -8.5429630078118048     
   6.8753224417581498       0.72317654521173902     
  -1.9761104568525998        8.8675371007747366     
   5.7071549317274730       -3.2019564301372356     
   4.5007532025964192        9.8062034898205148     
   3.1682518947541451       -3.9639394748801813     
  -12.788151526504498        3.1969339790013507     
  -7.4030571338240172       -2.5484383079572441     
   8.5904539800599959        2.5298351211473649     
  -2.4920892061164333       -2.1771002319884709     
   6.0758308509908829        6.3398587695640511     
   8.4458205490287721        7.3352912760201106     
  -7.6056969423666771        6.1709983893233469     
  -12.190031149707846       -6.0520144090956647     
   14.989111521803997        3.1226154123504206     
   1.2874140901303752       -12.453671171841831     
  -1.5851553677587962       -3.1567699163070686     
   2.6233547256486967        3.3980060010461073     
   10.785962631950186       -1.4046513998748311     
   1.8113801124572206E-002   14.994073001017686     
  -13.421361944905115       -1.3895064575074871     
  -4.6563543356856156       -13.709229964020409     
  -8.5441328252452191        10.208930885822964     
  -10.681818732276229       -1.9835160147229869     
  -2.9735634735569678       -14.544019602861081     
   5.0748928532214928        6.3415048121264457     
  -9.1246370577189513       -9.1067377636270859     
   9.5505352840357585       -8.0367119796079507     
  -4.2758737997809622        5.0513148601306117     
  -5.4222608536369155       -6.2916713915868483     
   2.5980781295010802        13.406763719745806     
  0.57212984231024333        12.467056093263258     
  -2.6084940213765804        7.4032259914110128     
   3.4443896150133331E-002  -8.7537929882542347     
  -2.1137479734788740        9.8582662995463384     
   5.7726288115774107       -6.2518024712481521     
   11.125244271891205       -4.6873992936716382     
  -5.0841224760824373        4.4619750345990044     
   5.1714189897429819       -4.0486119648216521     
   6.3597757059761078        8.7224315298836501     
  -1.1854885045171193        9.4793326309435457     
   5.1460480813737810       -7.0323996732316205     
   8.1343540655873792       -12.372862499085448     
  -4.0858623925199486        1.1606603345336659     
   1.5731540392020951        12.433205553863859     
   10.800688853365642       -5.6357060605867222     
  -8.0986119105710834       -7.5622878110924754     
  -6.0870578326285676        4.4320327168719276     
  -6.0535069614415145       -5.5130867984500291     
  -3.3597647963113935       -10.917317103931875     


