   11.787798024743754        3.8793716039973423     
   1.3057346779241501        7.3667427018015728     
   10.133994241688548       -7.0445687587711410     
   4.4092626770238610        4.9858440432852964     
  -8.0409628525247818       0.76365286157234569     
  -8.1571951585391922        6.8599426224882913     
  0.12853491004534387        9.7403546961294030     
 -0.78925378378843991       -8.8182304604891133     
   11.182109790871117        3.0835587374097444     
   8.9561658081432025      -0.44331610427321838     
  -3.4823274495079795        9.6184916095581130     
  -7.1934101943100304        8.8974307411847473     
   4.4901413056609796      -0.56907265888202485     
   7.2243374068404895       -9.8024826576316269     
   1.1642517100563985      -0.24102207932419512     
  -4.1780853059889367       -1.4650743203170880     
  -11.556936510344677      -0.71772294042977558     
   5.7334837056557006       0.63669126494278694     
   8.1244611079131168       -9.3675576288963622     
  -4.9229551733005410       -2.1324328020972132     
   5.2425902859811115        2.5743463351734257     
  -1.0250338633330387       -6.3996897517092881     
  -4.8227682334271922        3.2927304217164473     
  -4.4005315839464805        9.2179377906548563     
   6.4175542781400363        8.3467475284142498     
   4.7042675295689840        3.4175226307927642     
   2.2571215138862910        1.4218334568616451     
  0.69024813805034702       -6.6845406125709586     
   6.4031957042735215        5.1416831055892835     
   9.4463846189434619        6.6821034151923913     
  -2.7025297680877927       -3.8645993125597924     
  -5.6323938257044279       -2.8390040524640106     
  -5.3074582115599456E-002   5.0315708903368899     
  -11.731902830200182       -3.6942930297370085     
   7.1275604905322538      -0.79671510113397759     
  -4.7766994912017147        5.2592899963788851     
  -11.642832356024892        1.2603688785161185     
   2.9328533536903612       0.68305532694254767     
   3.2798258597951220        6.6380173424005067     
  0.44797620872846988       -12.249705548020128     
  -4.1660904793317721       -7.7799866787259173     
 -0.35033359377488710      -0.32093586822228082     
  -5.2276986055107759        11.254079596478903     
   3.7735950370303097       -10.744276538076990     
  -6.8160668170504710        7.9719273253059004     
 -0.83521894227243909        9.4719579333135773     
  -2.5182097314817971        9.8960628320908253     
  -8.7902273001246183        7.6340550987430760     
  -7.5111310359955219        6.0962632953967750     
   6.7259955838986665        3.1201423315280064     
   6.0754410639064833        10.213176428051659     
   9.1744079758728798        2.4790302053803410     
   1.7789469806302207        10.457282571510104     
  -10.662066336223937       -2.3298981820129394     
   1.0547170376311648        6.3987249662564851     
   7.3059633919146298       -5.9715831123197614     
   5.4062612652867790        5.0637234184215245     
   3.6245799539636132       -8.7541387512734659     
 -0.12007086713370825        8.7711517448265273     
  -7.8164945215045094        2.7151249960243180     
  -10.892937415501130        1.9213164936463198     
  -7.3540639930766858       -4.5038528769465929     
   6.3322138369401930       -8.5371957710812065     
  -9.0887407707988110       -3.5677613211734056     
   5.3579221622477302       -8.7650203354594094     
  -2.4096235876468692       -8.7397856483557206     
  -5.5723348599197804        3.9562174771648118     
   7.0757239977304023        10.194882589519406     
  -2.3716286142149396        5.0838069849774925     
  -1.8003421742658179        9.1991927743967938     
  -6.0826793063714764      -0.84488822044366740     
  -2.0876212544488317       -11.812646577589987     
   2.5060832602575189        2.3903275662245949     
   1.9133680926061456        11.448194169128071     
   7.7390990132235800       -3.0787840583561530     
   8.6049543299391882       -5.0444374800964322     
   7.9186235721477480        5.7714713820717227     
 -0.88077281821160158       -3.4185348168067620     
  0.44155695876702922      -0.93177355917615801     
  -4.3045100377233121        11.638665622952759     
   3.6303923624438084       -7.7538176809100481     
   11.089901418078121        5.5625998011220608     
  -1.2405163433683957       -12.344876443892757     
   4.8406650308681494        5.8878308298719793     
  -8.9435532977554146        1.1950082446124919     
   2.1912220317355131        3.3392053401327200     
   10.727730329192456       -6.2382030404571180     
   7.3462363541785853        8.7160392749096331     
  -6.0889769190920351       -10.001449678555225     
  -3.2773130742279561       -9.2376465961559351     
  0.81021380346174032        3.3037722652702617     
   3.7398649939774651       -11.745516870177902     
  0.59294880836040753        8.0679069652029245     
  -5.6298103835662925       0.78528752776111854     
 -0.37067357403472395        7.8013688101557195     
  -5.3407105686608247      -0.17339537754711337     
  -6.4698776825637543       -3.3856909055981368     
   3.6191474533168195       -9.7551203859887909     
   5.1885311677196739       -1.2892256311901991     
  -5.2102117103491139        8.6251251965311990     
  -11.448149266817675       0.27911644046837120     
  -2.8395052112497994        3.0888290043314033     
   5.4540092247240519        1.5967558445254637     
   4.4943001812117114       -8.2579593910572804     
   3.6639165274318657       -2.0190946900101835E-003
  -10.030129037356827        3.4795105693461172     
  -11.448912185842536       -1.7124056754168329     
   10.575533391681127       -4.5674898847433543     
  -10.696310916281103       0.93964337146493204     
   12.033376170785687       -3.0331019815408782     
  -1.5530593973131233        10.168345918317716     
  -7.1729925042471470        7.0375204292471993     
   2.9574448243581504       -5.0498854145677923     
   5.8380429965479523        5.9668056024452687     
   6.5614908101747869        9.3370524043606036     
  -5.1961378718448241       -10.451635329003505     
  -1.7085581513640136       -3.9793873548674439     
  -4.7892076197779243       -8.5624618277052189     
  -1.2823760235314610        11.131173451435121     
   1.2787278973521052        1.6384200702211471     
   3.1705509474650220        3.1371908408322211     
  -3.2757489645980575       -8.2376638525188817     
  -9.7332719839742694       -1.9588898721285770     
  -4.4317710237244405        2.3728613234074460     
   2.8471404146620540        5.7367144200380107     
  -4.6565707633996984       0.55663425772931019     
  -5.1571928082154592       -7.6310731694716694     
  -5.8256012069155982        7.8351448799098762     
  -6.0961412181042745        10.756566179685572     
  -8.7158141924324024       -7.4170997022905558     
  -4.8604589449209445       -5.8974942000393540     
   2.7050023358800064        10.836030534832132     
   7.3816780312816350        4.9268232449696647     
   5.0727581173500047        10.229776256720827     
  -9.8759212920905846       -2.9490764240448866     
 -0.98181636028447050       -5.4004247597675201     
  -2.1063174322926099       -3.0605050429693068     
  -1.6281369007635493       -9.3629061327512755     
 -0.80729546217734549       -4.4156436045190537     
  -3.4517398395362453        6.7543187586388109     
  -6.7332497754458887       -8.1174917747566440     
  -1.8887130760169135        3.3966281928081035     
  0.34099352487280299        7.0992723337942625     
  -2.7626165423462026        8.9249988464080321     
   8.7655924961686527       -6.0311618326559717     
   11.195306901407347       -5.3537904451597669     
  -10.017139490710413       -3.9391732205768384     
  -11.590786946450786       -2.7035062007939570     
   9.7855474857338400       -2.6732382581007137     
  -3.1014730228423488       -2.9458342143561147     
  -6.3534346309259622        3.3306419525221886     
  0.53935899975932633       -10.299101831234182     
  0.58474573051511713       -2.3349095743592545     
   8.1769593056263989        2.3986820361783501     
  -6.2023975701194161        8.7617639623956070     
  -2.5265984180761367       -6.7471743254159504     
  -2.4080271283005419       -7.7396550010929248     
  -6.5121486332276319       -9.0951979831077825     
   10.716638753614284      -0.10153114428180635     
 -0.15273461275156502        3.0355768498268128     
   3.4122447834366323        4.9099530552585735     
   8.7791849266962316        7.4282599595533867     
   3.8436677589818986        5.8120377358255473     
  -8.3144612630106884       -6.5004285210974322     
  -8.1782836667226562        9.0753864761896210     
   4.9367854723770845       -6.5108715580932648     
  -4.0727352134737131        5.9694011412009758     
   1.5213682961957786       -10.486634388452218     
   7.2971213918466376       -8.8042458588008294     
   10.326688922945625        6.2077879410528185     
   6.1957348985720495        2.2707242338130480     
  0.86993387081747997        5.4158639244868132     
   11.702929010266548        1.4577272361646392     
   4.4875213586043410       -9.2587419167430536     
  -4.1413521154687383E-002  -5.0604025961696708     
  -9.3096522791716865       -6.6109767392087386     
   6.4295859067187644       -8.0474371860507529E-002
 -0.40152195838680060        2.0671586107625286     
  -7.4642389806873588       -3.5101152593955036     
  -4.9463432875058500        1.5153449204803577     
   5.4601136683070646      -0.32572976735540327     
   9.9208386219418756      -0.70625589984366210     
  -7.0295827459408304       -5.4494658785340775     
   9.2107943670882602       -1.4100153151298802     
  -1.0839087307768820        8.5025718475369132     
  -5.1293680649778119       -1.1522682460993521     
  -2.0984196337457117        2.4174892833545774     
   1.5569548172431125        8.3347888585397083     
   5.2702935272403417        6.7909212382044819     
  -1.3509406374775119        1.7517226871297653     
  -3.9676918438967319       -2.4421011803932857     
   8.8599299551743673       -8.6893320399448886     
  -5.5785015037992887       -3.8371576335468354     
  -10.804170100846081       -3.3216804379058917     
  -10.945223877388020       -4.3119845263002610     
  -4.6469476601518265       -4.1999825327092104     
  -5.7787403773826602       -8.4142109093798538     
  -5.4776663364785545       -6.6842609084492866     
   6.1579401292545484       -1.0426836385849751     
  0.56134645464508526        2.3350702354191246     


