   3.6620444145031743        11.856972347168753     
  -9.1141212022745375        7.8553091178147119     
  -1.0635314515252998       0.68067813307706593     
   8.3618519517832048       -1.9534294683184521     
   2.7245607122427695       -2.5191807585444890     
   11.561513174453431       -3.1634016793268160     
   4.3199100476197074       -2.9866172063245826     
  -4.0122142811600456        6.5420000619919332     
  -1.4712225215929138      -0.23167371600882891     
  -1.0218414831757856        8.7229863752989125     
   7.3792269345725545        4.4352342508376665     
  -10.678156580447379        6.3220117548560504     
  -4.9916192906096786        3.1364477946768470     
   8.2965106852986352       -2.9477166541455482     
  -8.1600673319946804        1.1991638326733336     
   6.5582618769548509        8.4604988730828570     
  -1.0342470890197857       -12.366458007479162     
   8.1620008604650263        3.8173282312413166     
  0.44010290973960969        10.511719907943663     
  -5.0629319994167377        6.8559523999404393     
   4.6596069217478622        5.4682842483241059     
   10.093929373631108        6.3370539743281205     
   11.200459860388930        5.3101734933406082     
   1.4547625428524877        5.1318289098033860     
 -0.11092128012661642        9.6798877136186636     
 -0.63599221743008183        3.3080096593472579     
   1.8901391690675595E-003 -0.47864263393085760     
   8.3661597278059574        9.1656205583472339     
  -6.7598644009737789        10.407036062204087     
  -2.0272970377238977        4.2629245044450474     
   3.3792479264824058        5.5474985406544857     
   3.0657167361154918       -9.5097560212021737     
   1.2391036934488875       0.25933401915979859     
   2.8846467539169751        9.4251424880334831     
   3.6786041075658193       -2.2247016452601232     
  -1.5836546861415921       -4.7670079920962705     
   2.4044722061189461        10.295093887031955     
   7.3802357315024976        9.0179941953958114     
 -0.10257960023951111       -1.7402612337755943     
   3.7003821883331574        8.8606122301412746     
 -0.37762315515900780        1.6575254520643068     
   4.1891111419276355        7.2919254301264758     
   12.244979107606026        2.0090501350658512     
  -11.213482183413873        5.2139898524805517     
  -2.8104128466087630        9.0524272842497329     
  -7.2625641258849960       -9.4876826936683418     
   2.9375681255510759       -1.5457888761283287     
   2.4796984949673284        7.4893360305347167     
  -3.5046150460163026       -8.3170969117707561     
   3.2970277870930973       -3.3321848333348045     
   3.6173598684165729      -0.81666184288688548     
   2.7274602237809269      -0.20826752122810055     
  0.75105320980851487       -7.9171407136087044     
   10.498988646810975       -4.2533498024090353     
   4.6333129431067661        3.3915253724529704     
  0.80318899012945610       -4.6526495112676178     
  -1.8335858695479752        2.0054327482893450     
   9.7411779622372361        1.0024802971837132     
   3.0956198143005675       -8.1866016346611001     
  -11.318206290229503        4.1107551544904952     
   9.8131299123576632        7.5963708549089271     
  -2.3576152737047642       -5.3949574921781798     
   1.5851111000188571        8.1574838891583727     
  -5.3620243770756355       -10.370710922449915     
   6.0084699428817627        7.4325474976946619     
   8.7469378672644122       0.95797328250331748     
   5.9710491267190147       -5.7095822590858507     
  -5.9621659538289409       -6.2284553646909711     
   1.7482326629790390       -7.8374306401834000     
   4.0266364003017090        6.3061191261635710     
  -3.6240382271576399        4.5908982883591367     
 -0.88159693748684809       -3.5789681048457394     
  -8.6498978957027255        6.9577574324264368     
   6.9644847079762613       -5.6759766126862461     
   7.8192168901995576        8.1262083834871621     
  -5.9716498830689613        9.7798336323584749     
   1.2044683742731892      -0.73671890600581713     
  -9.6271820413892719        2.3140186800180658     
   2.3316167045542731       -8.8279008175901890     
  -8.0601361494887307       -2.2280973489449813     
   2.7519473498133586       0.78729385786009554     
   1.1786285701541350        2.1188653234812271     
  -11.586900455534661       -2.7951107710252994     
   1.7790712287318720       -2.2044776565168975     
 -0.29925272730739350        5.2572966054348003     
  -7.2370233695394539        7.8443998073583669     
  -7.4692781283843663        6.8667643896917836     
   1.0180130564674883       -3.6745369839782414     
  -3.9082201655133897        5.5484247543189111     
  -2.9410151687065866        3.8618351557340769     
  -9.3545207168747631       0.25114291135014472     
   7.8937455895027497        7.1336848146971663     
   5.2391546778152263        1.7014972690536037     
  -1.8792527091774356       -7.1820109714726117     
  0.23366178068051427       -8.7731473973928580     
   1.6474269144301523        1.2355616864396897     
 -0.90368868044007966        11.731737510292994     
   9.4692591360639682       -5.9065379503164079     
   2.0088724129792581       -3.5421462823420318     
  -3.4447638512829144       -2.6278173372780644     
   7.3373632994542097        10.008244417246258     
  -4.3214541547788023        1.1067941130150827     
  -2.9979160125224094        11.040365408917934     
   10.155070670450685       -5.1867029817832639     
   5.5420023841423474        3.7978795599230990     
   9.2653894456734243       -2.7114777576733662     
   3.4631444508684819       -5.6962527751717333     
  -5.8991052645031958        1.2059603486903301     
  -6.2321479762507588        8.7108293079893429     
  0.84587700148040312       -12.380221254794117     
  -4.6041939411136470       -7.9872019199822368     
  -8.3029117392309200        9.2225070854858568     
  -7.6689123510183945       -7.7361714037321416     
   5.8111650218414184      -0.89681026176160439     
  -6.5634662217678050       -8.7743149238402314     
   10.672063228608407        4.4606031245679070     
   2.5304875090811660        8.4838183325608458     
  -1.8573882127928067       -3.8078022807255909     
   4.6054828465360602      -0.99589898054555137     
  0.97716406677872980        9.6685274222197144     
   4.7972601576181706        4.4669746886003558     
  0.16543370475068941       -7.0693084976845579     
  -5.9895935094637851        3.2508301081724791     
  -9.0179663886354717        5.4277928280596219     
   9.2310024874188574       -3.7097710473168295     
   5.0124832646272193        6.4762225810634337     
  -6.0421671793405363      -0.85167232141365090     
  -9.3861244782363968        3.2822555149677530     
   3.8672839900134881       -8.9155016893148478     
  -2.6601612584391123       -11.532854426521245     
  -3.0756541920748908        10.027798414025684     
  -5.2213991897044103       0.47799013306279298     
  -6.2107562633717226       -2.9829008745886436     
  -11.811211901369846      -0.86436415107249842     
   8.2066408203642904        1.8304762286363065     
   6.3703609595483632       -8.0472739574132497     
  -12.408905427906021       -6.7451565312698705E-002
  -5.8577105366977760        6.0275660147824519     
   1.3202145119615185       -8.7795899707306599     
  -5.5917017133251932        2.3348248120300896     
   2.1132168835182683       -9.8027904102873311     
  -4.4481738335618477      -0.15265457635832611     
   11.568032542237630       -4.4803826959528994     
   2.7246922243522635        3.5726301211990350     
   3.0581998760306410        6.6772771915577476     
   5.3555783366268130        10.066461791329845     
   8.2503107361811168        2.8256026197705371     
  -4.4376085495615980       -2.5818301118918470     
  -3.9952791283825393        11.032079811077185     
  -2.1051985133321010        9.7578381971060395     
  -1.1074574144432840        9.7194910538080954     
   4.8466554927218173       -9.1037786975804824     
  -6.4789655834975557       0.27734376477126194     
   1.4450378140379874        10.537783766026955     
   5.6444738461813104        5.2846480914133380     
  -1.4020241969335285       -6.1928062009966416     
  -12.064992363784565       -1.9130493099786101     
 -0.84659007226816796       -1.0060488007883475     
  -3.0801418911219969        1.1543367336147077     
   1.9042055083080149        9.2558335820475719     
   3.4018772233790120        10.277423128711000     
  -7.3096942890050629        4.5420787647981191     
   3.0796424012821721       -7.1843288306603643     
   11.650763071009923        4.2619150520419433     
   2.4450384975955637        5.8919942734100914     
  -5.5841506423749898       -8.9828738661147813     
  -4.3567054868345165       -1.5840832302180301     
  -9.6948132882059426        1.1910446927707385     
   6.2829677982894783        4.4639504069393645     
  0.33543091147745852       -11.514890698705074     
  -3.6043912216512317       -11.862701022364364     
  -3.2514882282668136       -4.9484667181036111     
  -4.3071609456156477        9.5071741805615417     
  -2.4395330142928171        4.2479343213791057E-003
  -2.9023163140882113        8.0617991368084176     
  -10.067828808607747        7.1110049793539201     
   6.8209374418110107        3.6092909731995824     
  -7.9336868736584929       -5.4277694914244252     
   2.4464734619853301        4.7307865210082456     
   6.2056637587367103       -6.6841064756081119     
   4.0928513303540326       -3.9589493520146717     
   11.563776835936856       -2.1630669460344896     
  -9.9275367213227259       -4.4073485576654949     
  -1.9899331594450560        8.4848840906773138     
   10.329626763830033       -2.3187030133674269     
  -6.7708139641651517       -7.2851177946307866     
   3.3863016642195962        7.9042723448740775     
  -5.0714298378495588       -5.7718255463402341     
   6.1725893808303054        6.1306184136006792     
  0.53903774458021925       0.97394267567944903     
   1.7902234899037541        3.9751552300785105     
  -3.5402421011694183       -7.2580837960581484     
   3.8827974628154402        4.0583762493231985     
  -12.326519378539057       0.92868915179164035     
   6.9947098768124212        7.5649770839583024     
   7.4277523567237544       -3.4353692766176414     
  -1.9968099582001413       -10.620154560787968     
   2.1177438087128260        2.5428156543286189     
   4.6499033220045849       -1.9911106935248797     
  -10.299395615876923        4.8071363486940255     
