  0.44047256481114400        1.0953649035975535     
   3.6874989341162361        5.5183424239513288     
  0.34081068781757773        3.9661972374436538     
  -2.1706588726480600        2.0883215825710031     
  0.48784834769438984       -1.9984924089806952     
  0.77595818951342332       0.27679419623849494     
   4.5173835955936585        2.2520233885690502     
   1.6917377559506310       0.83009094538710326     
   3.7432508337010661        2.0797745264203233     
   1.0320930497593017        1.9385996528225224     
 -0.75007387618845667        2.5752157077632809     
  -1.2639641277864111       -1.8180240844893814     
   2.2237861959452467      -0.49452817205499627     
   3.8254865215754906E-002  -2.3980862817156146     
   1.7165427600388847       -1.5434493195200931     
  -1.8016646858705165       -2.7587858603724591     
   1.9031821303152507       -1.0178201312615196     
   4.6449420931092966      -0.90390630854148435     
   6.3349121418282106       0.45408912502655974     
   4.0638464652885897       -1.4604578373969677     
   6.1928934448135191        3.4789331486074491     
   8.7073982829961871E-002   2.1514144776121684     
   1.0545914824703604        3.0497974427457257     
  -4.2445593583245058      -0.54464949239286020     
 -0.59251597546403767        1.5287835270863703     
  -2.0471158859755105        1.3770656674728703     
  -1.5514588932019004       0.24638636225679847     
  -3.6733922141323228       -3.3097541683645004     
 -0.97543600533198749       0.80027971280140586     
 -0.89694657109042286       -3.9267056706940848     
 -0.40484086205972075       -9.4748900247815300     
   4.0622986847283000       -3.5253474296254237     
  -1.3806591377006772       -5.2601875317336280     
  0.61503454652381839       -2.9238811749484284     
   4.8251728412829067       -4.9762527372003094     
   2.3794820786158981        1.2665443237544471     
   5.1953666801939082       -3.6374934102463192     
   3.5311347033439411        1.4995018986853570     
   3.7034629703960533        3.7522123913092766     
   1.5767437824260828        1.5146770613335934     
   4.5263125526459973        6.7106994255747372     
   1.9247209492887865        5.1828198818503619     
   1.2584640483157508        3.9378903402213656     
   1.5784501095812449        4.4411693483004768     
   2.5393533292016630        3.6587837519474542     
  -4.0913651742860351        3.7172067682763834     
  -2.4942992365123011       0.29715606428528824     
  -9.9983279331868964       -2.1753320995930547     
  -7.7287647977325795       -5.5818205015787248     
  -2.3705045931706841      -0.49228838035847627     
 -0.84689747218227662      -0.39407816998619216     
  -3.1685911048071786       -4.0783257721350328     
  -3.1534383293361734      -0.87473005372807056     
  -1.8295639545044329       -1.5029347568133511     
 -0.83386352155961629       -6.9165036129572437     
  0.56041004983459042       -7.0505269906615977     
   6.0836757929029135       -2.6382152798337417     
  -5.5978767294170673E-002  -3.0186782773474548     
   2.0246560321446627       -2.8410117754553932     
   1.6156895567236689       -3.9190121703295562     
   6.9649117610131297       -2.3848548870687897E-002
   4.3997391391673899       0.63624073801239545     
   3.8275566850889287       -1.7902359938112754E-002
   4.9163456183234686        2.3649825986583615     
   3.3042478871299004        6.7883100817739264     
   2.5547865414438893        1.7212585223469123     
   1.9040946936738177        7.2271366875133216     
   2.6496949676133652        6.9658770251189850     
  -1.6998144470739629        6.6261555641199710     
 -0.25555152250498020        3.2533376090128376     
 -0.49565895269106008        7.1576201413226830     
  -3.2248233752034494        2.8382122678637263     
  -1.0305883922392414        3.2664653991871431     
  -4.8446980668843889        3.9074293272422578     
  -9.4668909087895390       -1.3576283426417775     
  -6.0845195152298777        1.1330658014696782     
  -7.2330146106166762       -3.0125101684715401     
  -5.0942461270824051       -3.5422571210667688     
  -7.3135913604271936       -4.8711486189061848     
  -4.4531520035475092       -4.3145796521497619     
  -4.8855788280957322       -5.8747174819878030     
   1.6920620297912830       -4.6585067998708247     
   2.1481255364530512       -6.8227473296304852     
   2.3692135657216871       -7.3613860719245112     
 -0.46843988061393133       -6.1541165007495628     
   5.2036514175326083       -2.4687405859563123     
   2.1273304233984729       -5.9615924043481288     
   8.5752118676853772       -2.8267145086705416     
   6.9788979263495836       -6.6934709111472994     
   6.3133846486052629      -0.93061849833192134     
   7.1548173817387672       -4.2388074100177890     
   5.5266257564597590       -1.5713320721272179     
   9.2176089707067117        3.4891596757180694     
   7.1204611336244614        1.0350793982512112     
   2.1448279163937767        6.0999325045506314     
   5.8580637862792377        5.1217587570222474     
   7.9139377364617127        6.9012738920240890     
   4.8929200045644352        9.4280479583251218     
  0.37943805334913933        5.8988453262748024     
 -0.69021012644400970        5.5470384637834584     
  -3.9271840545095156        5.0525475754847653     
  -3.2360764067665460        4.6517579859449842     
  -1.6667776620376655        3.3738975844206127     
  -4.7411445649252073        6.8925764418413316     
  -5.6749702925796877        4.2130495721996768     
  -7.9041386257711777        3.5322922397779908     
  -5.8914742131768847        2.7175119333565094     
  -6.4815284967544429        1.9433399066870407     
  -6.2971585527976899       0.45842063992762261     
  -10.766053001469951       -3.4080695454091838     
  -2.8861085253955672       -1.4874575021987129     
  -9.1874071420627974       -4.3097936602104419     
  -5.3998614022293294       -2.7175788329031447     
  -8.3120851074227033       -4.6015966535198043     
  -2.4170720525853442       -10.081601745055515     
  -2.7143374966897089       -6.3414536940775985     
  -1.3460097718332995       -9.1041983644778206     
  -1.7590596406261076       -8.1753466042411809     
   5.0584011815363601       -8.1195415992143154     
  0.20981039709218835       -5.3101012776576724     
   6.6193203112326380       -5.7944926336907789     
   2.7606446175394757       -8.0334893476259985     
   2.4970988894922450       -4.5403603357544435     
   4.5762782360996370       -3.9641400412990473     
   8.9133216676038618       -3.8081325683255964     
   10.706310115690959       -1.7812257576927348     
   9.3456773927182368        1.8514658507753705     
   7.4118763800958734        2.0663909940999092     
   6.5978006802636227        4.3420100434002276     
   5.9600861623191808        2.6053265273313140     
   9.4743761269896520        6.7317549705683994     
   4.9586716347844861        5.9802127035256607     
   3.5159975442636360        7.6213125032948508     
   3.0325326409962963        5.9959319499074928     
   2.7890147828223912        9.4368805236065185     
  0.76947207225965264        7.7763942884019084     
  -2.2030265419702997        9.7112368447149127     
   2.7776755650504671E-002   11.032663661112720     
  -3.5492058726453473        9.8663214436050435     
  -4.4392168899582183        8.7360865421464418     
  -3.8095394800667193        7.4677023136676484     
  -2.1561826644323965        4.4222118094066349     
  -6.6400585701325570        7.6952190179857913     
  -7.8510655011474242        7.9885112528101327     
  -9.4715554762982634        3.6040217932720258     
  -8.7647834438833261       0.10053232446175411     
  -9.8352308677274127       -4.0028209572664561     
  -11.734072918347819       -5.3175748908392695     
  -11.734246543480245       0.54045403107355050     
  -12.869741328346159       0.45535643931552555     
  -6.1908577555056468       -1.5495525761261313     
  -5.8481940842432101       -4.1500405101789806     
  -6.2900660335990750       -8.0611482908682071     
  -3.7832069587626531       -4.7841243983749075     
  -8.5096453873088489       -6.7169651940257138     
  -2.1551036920662980       -9.2720785847410916     
   4.0117078615487092       -9.6554708476913547     
 -0.60700425744818509       -8.1139924449055290     
  -3.8355071495104132       -8.6718234724350847     
   1.4551427261265435       -5.5937670999684777     
   1.7503141282726540       -8.0027724327685767     
   5.7800235969776894       -5.8325182951143253     
   10.946203633369173       -5.9375005168230350     
   3.7600316369379723       -7.7005945425456721     
   6.1848136369858704       -4.5767827072550142     
   13.253240789589480       -2.8694407897410779     
   9.0983448366284971       -1.2892364505337650     
   11.778184644683677       0.95761864799950891     
   7.8475790013552364       0.21437945088354848     
   10.683400853365367        1.4985060446983389     
   9.3592074422516802       0.61595356511927479     
   7.9997774025995616        1.3003723050164877     
   15.271905486583190        6.3096356893338452     
   4.4427188423754442        9.1663326221636048     
   3.2234035368116243        4.9641500765512321     
   6.0083469667813967        6.3517478262851972     
   2.3216749589938108        9.2112100898309723     
   4.1444691836320349        12.186655194288683     
   3.4452081595058295        8.5847168412057151     
   4.8307539296180932        13.214482851768112     
  -4.0354093983753430        10.335155073408810     
   6.2033631202311180E-002   6.9653904619407889     
 -0.82854974233629353        13.176526475146295     
  -1.2900541904407219        11.411458344454269     
  -4.2652566276866182        10.626130837853742     
  -5.0998089837550227        8.8883838360573435     
  -9.6546164013160372        5.8601435032456859     
  -7.1431365605452584        5.1014242850852964     
  -10.382826903550347        4.5796018364186555     
  -8.7653923904644522        4.7404705692960620     
  -12.741273248646866        4.1540443147945538     
  -9.1081558490300303        1.9912422781264307     
  -8.1689846137654758       -2.7283553634613383E-003
  -7.1193414402747734        1.3881252950221856     
  -6.9661564634981126       -10.141604582455043     
  -10.747997614156986       -1.9398438204795261     
  -7.9779972990954722       -5.4835506843691224     
  -8.4950548772338053       -2.6958001125063293     
  -5.8961746672859174      -0.16142993597795208     
  -11.673872787390589       -11.749469328064121     
  -6.4974311841153405       -9.5069841374945998     
  -2.4425116018936333       -7.9360245407424435     
  0.37034447553154004       -9.4279261635165543     
  0.75465879972254724       -8.7195763406149016     
 -0.82975796840907590       -10.797698997127847     
  0.60570387210845245       -10.498497969741091     
   4.3996327966093407       -10.310188614731317     
   4.9574039163391088       -9.5205897997510647     
   6.1535345793093468       -9.0165661412856828     
   6.7210676604684600       -4.7922287355549695     
   7.0375563112081307       -7.0380229269328716     
   7.7706665229841132       -8.9849733861492940     
   12.060436494631148       -9.7836297078377612     
   9.8598853833200426       -3.2056478537236122     
   12.358309535034710       -2.8608993019025726     
   7.3011295290294864       -2.3338739628813063     
   12.359793886697586        1.0632734905936752     
   10.832784229964695      -0.67811088576891898     
   10.836902571353304       0.64733048338743138     
   8.5609641469052988       0.90112604920239625     
   9.3628315282548940        5.9080684873859504     
   9.6909588329361149        2.9151034751315077     
   6.5567744022202685        7.2205715494680254     
   9.5500713491077622        8.0366574564049795     
   12.497564114863270        12.851856616530693     
   10.305462737625373        11.563122982773768     
   5.8929049878884818        12.356220843692913     
   8.0134694612129689        11.426090282319153     
   5.1744390990387945        12.392960986961027     
  0.65366241157762395        15.112494935119583     
  0.38352715950731037        9.1772641738272007     
  -1.4312286242911005        8.5979950789138488     
  -3.8795812851612173        11.266262121027459     
  -8.5127067538173158        12.941486277996617     
  -5.6569105667898354        11.822055942115957     
  -6.3158949027601619        11.821406441889497     
  -8.2262429512180670        10.026794653106133     
  -8.8784986848084149        9.3909962394494784     
  -7.5435582046466374        4.3398505446916635     
  -11.693323188685456        3.4720693564305578     
  -14.245427604387954        4.1144216760242411     
  -9.2919485308213421        6.2463250144584235     
  -10.554619157589531       -1.4398490762369209     
  -10.829208500202116      -0.92831081415416694     
  -9.4027752782424336       -6.1673257816317451     
  -6.8700650499808615       -4.0530534816520865     
  -9.7589064149578437       -5.2319275898525550     
  -11.518718661963867       -7.8221701356406994     
  -4.5268014809917450       -2.2080465268361609     
  -7.9318511830191234       -7.3589438685553024     
  -8.1361972725928950       -8.0774586128585000     
  -6.3324426529988527       -7.0109436455469778     
  -6.1383194667541252       -12.236213404933631     
  -2.1006545199075370       -15.146513298896547     
  -4.5955937092466819       -10.222841412159813     
  -4.6825004300690649       -7.9843727743273805     
  -1.7851453328992422       -7.3325792023085521     
   5.3271593057172835       -13.940588444593676     
   1.3999254453700640       -10.262651222094890     
   4.1600438338641714       -11.087681593774571     
   6.1428498134425658       -10.310236856413887     
   10.952885364601492       -8.9188813669862430     
   5.0517892005606360       -12.134049608727654     
   11.360122009760044       -12.861997663099409     
   8.1446124028466915       -2.5808457518272601     
   10.744978729026679       -11.094119355002203     
   9.6896123381509831       -7.2860995722703441     
   10.290919714605485       -1.3008704917157485     
   7.7647841161859876       -5.8704408453862342     
   7.9867640129863569       -4.7101655824964483     
   12.484721604424292        3.4117839090572408     
   15.092632855452523       -1.5890888265149272     
   12.221625987468604        4.5168086238839846     
   11.290955333103341        3.4410404811470832     
   12.495530528646984        8.1685839552684616     
   9.0406959481096987        2.5211010702428038     
   6.7714004886278953        6.4053474106845387     
   12.427112039449648        6.3947295800096668     
   8.6238731074782589        12.101485933084668     
   10.658164479106668        13.720615110220539     
   9.5860134263917658        12.066568062067649     
   2.0059227037282374        16.690962398054005     
   3.7582177027464923        12.899686226735556     
   5.8208691472994358        14.254167437898950     
 -0.98613538318660765        12.211143241936481     
  -1.5174909473780398        12.533552899808816     
  0.83429591828895355        9.7283729242399222     
  -2.7578403873847859        12.274628485251828     
  -6.5419046195687738        16.260064917198694     
  -2.3255604281214013        7.8172366346212172     
  -6.9351451095689312        16.115075624114858     
  -9.1934819846760352        9.6898497314541370     
  -10.302733857893132        10.995565197454081     
  -4.6775818392546711        11.142384322410141     
  -10.335866192610862        8.9501592278778048     
  -13.671760445053330        7.9330173291332597     
  -11.566145932448858        5.0742034095849045     
  -13.176483260549208        3.0997303105340150     
  -13.273962804584478        5.4424108182601332     
  -11.772359454270452        5.9297845150035871     
  -11.306634968066808        2.1497462525318900     
  -12.608164237104173       -1.2978138113370083     
  -11.954222651856394       -1.9298912353839399     
  -8.5055486977913741        2.7519475746493773     
  -9.6095775062872093       -6.2724307149518772     
  -7.5187882418358409       -9.2686328797586857     
  -8.5779035383388216       -9.1605187162539572     
  -13.143961562588306       -10.543462607818093     
  -7.0666122600161474       -9.0429184435940773     
  -10.513530264609869       -9.2279744451403740     
  -3.3707020976321598       -12.698797676944972     
  -5.9516213970262815       -14.401925099916786     
  -1.9464716717280526       -12.915370757391658     
  -3.5778695420601316       -10.244946312555562     
   5.6852379122178959E-003  -12.362075724159732     
  0.29274907934315991       -13.891337253812431     
   2.3804475713512474       -13.646542446101927     
  0.96134567384453029       -12.098634353288215     
   5.8230619991915908       -12.917218410715847     
   5.1224746799353307       -10.639334113949836     
   9.8208095315440094       -14.878054436905812     
   9.0211032197777037       -10.917133616281570     
   8.8784329732146841       -13.477161759684677     
   5.8349013465055561       -7.3222873176544274     
   9.5657960059125493       -5.1223361226527810     
   10.521367832215624       -5.2055556244015833     
   11.244864359524209       -3.1107706244817903     
   13.774081136686595       -3.3540085670835058     
   10.005757609479215       -10.538680612252239     
   9.8243538933899348       -2.2414936517477617     
   18.333676751869113       0.14547951643865234     
   14.463377797457211        1.9780401651194586     
   15.682380130135982        5.3955806951289844     
   10.330161419593368        3.0599220638548861     
   8.1308485795957921        2.1686667826102535     
   13.261472358193826        5.8841679440253980     
   8.4208239503164606        7.8422382777109876     
   10.290209251114391        10.197884201398839     
   5.1067740142385318        9.6246628821122027     
   8.8263873868716836        14.018045819195013     
   6.6441802663779042        12.398760649913614     
   9.3879244933295851        16.848117478884188     
   5.3804481356042029        15.735422185674672     
   6.3978741752610340        12.719217423595508     
   1.4567123229264249        13.935063833170700     
   2.7947224476061123        15.185433031268927     
 -0.52450559093313087        14.174216860104320     
   1.8662594153497178        10.533173813147323     
  -2.8369326187349251        15.319741697278969     
 -0.99963293916488105        11.050701028017579     
 -0.74437460080613260        14.702990229162078     
  -6.8960393226546213        12.538502783535405     
  -8.6284081280445353        16.922868186011961     
  -9.1770404061249202        11.107870981754711     
  -11.946951217851380        8.2768638139950301     
  -9.8042986246255346        7.6507099910642236     
  -10.648557857191417        5.0154873789272880     
  -12.832022088669495        11.334193164559359     
  -11.874521263968424        2.3095098587126635     
  -17.313571609475506        5.1028145900325823     
  -11.060499047719473        1.1521836869203947     
  -10.018770452287908      -0.44397638681434731     
  -15.906842346182755       -1.4837673997415159     
  -15.647218997624799        2.1150005118956758     
  -12.257333888920495       -6.6755767232983737E-002
  -13.604392707233975       -4.2907164540797247     
  -15.114300295593601       0.64406407315001812     
  -13.189207103271446       -5.4451204838712295     
  -12.981226931650626       -12.562014593399864     
  -12.643056814766171       -12.048562249399183     
  -9.6539391197297864       -8.6750405415319189     
  -12.615704631910585       -7.0351473320882532     
  -8.1911160874701459       -10.517004731334300     
  -7.4451771385776162       -14.174791507251316     
  -1.7147231565340983       -13.433796249662459     
  -8.7119962597245433       -13.143498128832722     
 -0.49023683082675384       -13.568046184607322     
  -2.8680585196817172       -12.070267681520759     
  -4.6244480294772714       -9.1235907652383172     
   5.6739886156588690E-002  -11.039112684274006     
  -4.3832901185986319       -14.781555966156400     
   3.6306330098676964       -12.065828967527555     
   6.1129751234954881       -13.124604316944886     
   7.3047762233856730       -14.446378488327895     
   6.8116118051800560       -9.1678963532259132     
   8.3890842126091112       -11.526267333448098     
   7.8655232071806163       -11.262564084563627     
   12.554136897053729       -12.386673823016087     
   5.2760507347216068       -6.4064591827245776     
   11.310442219834034       -9.7087186381395423     
   11.473521679932370       -8.1914833713263118     
   10.417655068049239       -7.0649435045962123     
   10.103040422454454       -5.7669591321009790     
   9.7505674893020142       -4.0316971179680277     
   12.532292225235503        3.3333249378410652E-002
   16.698146304892642       -3.0695738266975603     
   16.135191089822353       0.75101072833991145     
   16.255010487530743        2.1983678629306778     
   17.209223725788661        5.2860470109283995     
   15.535252252359237        3.9549249244833917     
   15.188239842970999        4.7757151957170505     
   14.131975524182769        6.4872861794044674     
   14.037857714265387        7.2229034327633395     
   12.071880937657731        11.378303981218627     
   13.189266504422767        6.6554519774436223     
   13.042630731064001        7.2697177892053642     
   15.386390964235959        11.516396443393399     
   17.440083524826370        7.0362513558368320     
   11.608312545599889        14.322763638034866     
   6.1405465062222016        14.985008483042833     
   8.8545790904171611        16.167373896740411     
   5.5437446502775671        15.027211777423853     
   6.4613854291913739        17.137880871105448     
   3.4133601518962644        14.430377869472018     
  -2.0424389655686577        13.879302074256834     
  0.57530821760286777        17.582997823471878     
 -0.24017232941650804        12.642997466110019     
  -4.5069276504968618        15.755287343520784     
 -0.23768355165394955        12.928758911485801     
  -6.5064224411350304        20.350387814396534     
  -10.019258371163032        13.366566025946877     
  -11.849452037100374        12.437762109529050     
  -7.8969366941469286        11.195958176048123     
  -8.0572857603175621        6.8790537829510257     
  -10.700332737714341        10.787555384428016     
  -11.891034213236175        6.3917939256543796     
  -11.664290674767164        7.2914990111779359     
  -13.654750342296271        3.7833968290441673     
  -12.347587504044919        3.3863514923879947     
  -17.018432782096639        2.7107811885418771     
  -14.732362092476853        2.2330554863906937     
  -16.919666489426383        4.3029730386965657     
  -14.731356413430138       -3.5834019674362665E-003
  -14.847548313084701       -4.4409496831419970     
  -16.420137210209976       0.42015739348244685     
  -18.722390478887675       -2.3531226795600775     
  -12.863469491063402       -6.1892535162728191     
  -11.756352673318663       -1.2200305990180815     
  -14.549324814830676       -7.0055672979149275     
  -15.276769968135019       -6.7906483259379620     
  -8.9711610893717459       -7.6001987165935789     
  -8.5437639946687671       -11.084854099054079     
  -8.5329244085845239       -9.5482371022480859     
  -6.2282789900983220       -11.367721273853485     
  -6.6593839173852203       -13.843739096778670     
  -7.4411296387584818       -17.693087453460205     
  -5.7903577956624135       -16.655828916483649     
 -0.63377091286453890       -14.399244406079008     
 -0.15519362655077254       -15.232578414860722     
  -1.6529432045617483       -11.805942945152749     
   1.5414389460414815       -11.213770465147167     
   4.3301066204617475       -12.231414045587487     
   1.4701915621065025       -9.3213883098810548     
   1.4717829867162662       -13.216904567139563     
   5.8494136782548649       -11.354776929977829     
   7.0832671467711465       -13.405935344950093     
   4.8285392826002553       -17.115840039479902     
   8.6129455117392979       -14.656649728725682     
   11.768259176040420       -8.8581499395783219     
   13.714512348635177       -10.630266261987609     
   12.534718549799869       -6.9387161146396963     
   13.698522081875277       -6.0100680374249729     
   12.184685011842173       -5.0733162131692540     
   8.9033512200545406       -7.1101113143895551     
   11.804912110422515       -6.3327171280761254     
   12.763230331819523       -5.0168271473053618     
   15.857504133819027       -2.8168474630083375     
   16.518677777990920       -1.1739077710239467     
   14.087108970901074       -3.1271981264186164     
   14.264412911855851        1.0707640938421639     
   18.021888069678926        2.4087388133260625     
   19.483374894187250        6.4695121581040462     
   10.537210020808255        7.0215311220843653     
   11.517762816345860        5.7923815122285269     
   13.633582845909498        8.2005773216703624     
   12.159108209444481        7.3098289483021688     
   12.924562598040556        12.160903722339047     
   7.3830139501368430        11.616459998454218     
   11.431973075006079        12.523450628129941     
   11.188300146051564        11.569384556190155     
   7.8891768532015787        12.894327972843945     
   9.7437065788450070        20.088197631242259     
   12.407341381942485        16.189253250848353     
   7.3645784849686677        15.000236360498823     
   7.3235987412681816        16.788036330056922     
   9.6302395464597055        13.023889462919737     
  0.75349120633114575        11.364680302527129     
   1.1391594979634749        8.9003941148863017     
 -0.28663449832848892        17.070599487354418     
 -0.45797671293348408        16.320611503794041     
  -2.8849383175841772        12.974385728280552     
  -4.6229033066484675        12.495913324252319     
  -5.2951076591658293        16.307599833581094     
  -5.8459701199067320        22.068969332542714     
  -9.5029492251161649        12.855684350643321     
  -6.9600605299960421        13.395760184638545     
  -10.162450761619237        11.918231065206184     
  -11.240737024271514        8.6169332695279639     
  -12.246482790031619        10.238339158971009     
  -15.835335602171034        8.6164047717970291     
  -18.308459609545885        2.0265881371027339     
  -15.587638552103323       -6.4378506205201632E-003
  -16.197458656367473        7.5850023035706702     
  -10.411946536335355        3.3711992460085054     
  -16.469222920405706      -0.65551947464368432     
  -15.626201485500745        3.6911544182337304     
  -20.590525672655879       -1.5479644323218203E-002
  -19.701908541365356       -1.5547903019438607     
  -20.775220357292845      -0.85718868030418083     
  -13.631823728763536        1.2369950986002640     
  -15.816688626954834       -3.4526743839047120     
  -15.152602652549790       -5.5158294941311761     
  -12.658973235353411       -4.9329610329571167     
  -15.960430519067661       -7.2171382278229377     
  -11.936716567186734       -6.9056901047624288     
  -7.6149015842066632       -10.859770645329153     
  -12.098675198090486       -8.5975706662809550     
  -12.755831446220100       -15.270395918021597     
  -10.498778162373720       -8.0139451223007949     
  -7.5767852195074532       -15.444556034813868     
  -8.2992152898090001       -15.341906066572294     
 -0.94570179840564228       -19.379941195335810     
 -0.36185524013865433       -16.788758087517234     
  -1.9508848393613429       -14.309971976941908     
  -6.1040922376405673       -19.602048973097659     
  0.58318347347829502       -16.812234368894181     
  -2.8301175761124964       -16.393591162589331     
  0.96823018132217931       -15.837277442877378     
   3.3995876682005628       -15.719371467632349     
 -0.33566217392260522       -17.668190276979864     
   3.7671859839734632       -13.475159232021113     
   1.8191968252392814       -14.408566862882916     
   9.4842745181125458       -17.327572345839734     
   5.8925800574040421       -16.716485028610542     
   8.6645057310543745       -16.023556258786073     
   8.5392734141948523       -15.502181590947208     
   7.6668539893236298       -12.665529639806893     
   11.862269794173761       -11.103017964796546     
   12.456077104966134       -8.4030733717836927     
   15.045277475751421       -5.6703183205334549     
   12.668013091842580       -9.9954174962794440     
   13.225386175581471       -9.8096199331713709     
   11.216709376556720       -4.6651464103748479     
   14.646978779351873       -3.1886973880482472     
   16.186876209224017        1.5980495277332376     
   20.789019115707884       -2.7855391271524161     
   15.938346117487962      -0.56481885759853534     
   19.745959434066442        5.4517043614810685     
   11.939237989499908       0.33307067263258588     
   17.856275577078250       0.92432694151749106     
   18.338671087978216        3.5542215891862661     
   16.507276583428375        5.7725741474301193     
   15.698968261762714        9.5704989799124629     
   14.729081407665413        12.318802834829755     
   15.362378821650749        10.962467992386008     
   14.134576144637240        12.645253608323253     
   19.318875958185650        12.300831863043992     
   14.533911971793779        8.6318073597770262     
   11.092817858201242        14.195750899251353     
   4.8109389668966287        17.885587708661628     
   11.343982700445416        13.482488792441455     
   7.5964459685787222        17.882183543508411     
   10.876387671957735        14.821047217850056     
   1.2921086326729423        12.295433010122629     
   5.1290030600996310        19.286410086976119     
   4.7454529734199644        15.302761900604393     
   1.0479993438510533        17.088323001291787     
   1.4452138708232498        18.464552945650809     
  -1.4251789923005234        14.546073167518534     
  -3.3336368546908459        14.529879347628800     
  -2.8205086939358290        18.214203351447452     
  -7.1625356547370425        14.167664625784893     
  -5.0086090790701983        12.507706057755973     
  -5.4941148006876688        15.774113483194629     
  -6.3262475793282809        18.896017809301217     
  -10.110126967644845        16.491779856129607     
  -8.8771058728423586        15.488572232273341     
  -12.062924018934380        15.369406345365171     
  -13.541492323804347        12.406093282169623     
  -12.211890464176641        14.755649459472837     
  -15.125072237931768        6.3770293602544292     
  -14.715922478061346        9.7543540565977516     
  -13.175553346779505        9.4450366094665252     
  -21.720581066665723        1.9832205715333249     
  -16.890425113987369        7.8389744415527822     
  -23.745223902785714        1.0826280126563594     
  -21.911272288354962       -1.8920325715667681     
  -15.992174139068078        1.0861276025117190     
  -18.609072870666004       0.10662196557722647     
  -15.959938937888461       -5.0271401661215576     
  -16.921351429976980       -5.0556877495331776     
  -22.578751910067638       -2.4704318728028194     
  -13.946716982460304       -5.8776726693810675     
  -16.338775255430161       -5.9499439503730178     
  -16.650398272359098       -8.0922229952387017     
  -18.176331228250206       -7.0221454427155781     
  -17.357904577392713       -12.000056863145707     
  -13.473735815595269       -8.0022208273834963     
  -7.8119110766493733       -13.353800742023209     
  -10.455539733092921       -10.866266850055290     
  -11.990308680551442       -14.359075579651716     
  -14.787978519184234       -15.426024367498593     
  -9.5518515104968120       -17.646258432821249     
  -9.1411955771032289       -13.995701874133713     
  -5.2924894122556418       -16.234575982444301     
  -4.5038115364069498       -15.741671519746909     
  -6.8534956710009967       -18.037602365216848     
  -3.0289701952616905       -17.994799119759630     
  -2.1673216564188942       -15.851154144651316     
  -1.2549118744700649       -18.241954550495066     
   2.6897510295174687       -17.096251699716142     
   1.4522353897357698       -17.818651541315539     
   3.6475816995315888       -17.490968666884065     
   7.6569634862034572       -17.194684318611703     
   4.7807888996381278       -18.135991803992145     
   9.7035447779484372       -19.712150360675949     
   12.303774766610610       -15.022317606973328     
   9.3915344191800489       -16.392320333036665     
   8.9628096041262229       -12.444077163924776     
   14.721688492115407       -11.924270280827336     
   12.203187848456817       -10.722197639149268     
   11.593664917850562       -11.683454787192792     
   12.950264626278377       -13.932057814708115     
   13.722149907744921       -9.4459287685701430     
   16.560888995389821       -5.7451142185106097     
   14.630814824829859       -8.9870497987702436     
   13.188767945993844       -1.8315747847297519     
   13.331147790202724      -0.61297563105629482     
   18.662350725866418       -4.0662387232968911     
   17.570764234393092        1.7928676515171433     
   16.895400153105989       0.38460379828764629     
   21.304330629425440       0.82517676914693372     
   22.015186998092393        2.8893336864251977     
   21.452056886149418        1.6298889793411504     
   16.174648092679021        3.0196249856635133     
   20.808310028075091        6.3877548563722808     
   14.585242620962413        5.6707056256664510     
   15.277082696663022        8.0546304154634711     
   14.115035624411068        10.934636446540312     
   16.910823989068433        7.7230428808952345     
   12.525458877891984        9.1043693310713749     
   10.814084671780231        18.491751510038476     
   12.795018563388346        18.175233270705451     
   13.008106039607165        13.603414627711997     
   11.592526736604951        15.380243706683954     
   11.486094590075455        17.616253665154591     
   9.7211260093811589        17.472455669971730     
   6.1057862457694245        15.741497595546795     
   10.455526562060159        17.401695630888376     
   9.3630590544921048        19.286313104429009     
   2.5374992779402761        17.934004095979986     
   3.5937911074191176        17.173508865323853     
  -1.0815024133303783        19.128223262415762     
  -1.0071708520356186        19.626437215343717     
  -2.7790137769784509        20.974674357693207     
  -3.0050126420663754        17.658266246262478     
  -8.7758000221662407        23.002431168424895     
 -0.66554063640945138        18.623993045284532     
  -4.5800815537860293        13.382539983844749     
  -8.4884534305041015        19.263466743009520     
  -14.804803148788530        18.099599612068598     
  -10.786567692932072        18.538259920777737     
  -5.4007143564163185        13.487763750303955     
  -17.587830776905175        16.723354648086797     
  -16.754247836287572        16.197538315680838     
  -7.1260753869226106        12.031050005816462     
  -15.344203610061975        9.5683873632864405     
  -13.958163686984381        10.985857884188327     
  -14.246262153757204        6.6446236838862465     
  -19.317099541383570        10.222564506492656     
  -21.707553833473018        8.0019208183786414     
  -18.323891925507368        4.8098970893457631     
  -14.113507442190759       0.59050264426983712     
  -22.788576790235098        4.3918634148673821     
  -21.138456150705085        2.5397945340579899     
  -16.875430296980813        6.8593917632517445E-002
  -23.737163206792669       -2.1645773447659411     
  -14.111861656421038       -3.4166135643673963     
  -19.665263784772993       -4.3879217541138456     
  -15.230974144167339       -3.3467999893137552     
  -21.299635277889706       -9.0843995808445310     
  -16.585956270387520       -3.6342911870431003     
  -12.869969677002828       -11.490452983074823     
  -18.655424489540511       -9.9588909492406739     
  -13.429315743473111       -10.004739127658057     
  -13.882809444691402       -10.604759680540973     
  -15.495846381635802       -14.044139975534454     
  -9.6464338790070432       -13.021738455951729     
  -10.390813110692523       -14.456674744623745     
  -9.5305270941782041       -16.018616427241820     
  -6.5406942649527995       -21.797407979281033     
  -12.640914642124228       -20.669598340205095     
  -7.9342091596796251       -18.107399271586612     
  -6.3837718223785540       -15.289293487843457     
  -8.6458916702366064       -19.148817042222287     
  -3.6988343367800138       -17.589514090042154     
  -2.4727253348380476       -17.384901563462051     
   1.9270981861267622       -18.930377194417535     
 -0.31490434288505015       -18.385794351690446     
   7.1067529295755136       -15.151814057798566     
  0.71843566439274054       -15.047709220919900     
   5.7227262603826796       -17.760133037861568     
   9.1013546580691322       -20.474692838868492     
   10.396223585405526       -20.740760504397521     
   10.412117385402361       -19.521582322127863     
   9.0467578766948371       -19.587210035116893     
   4.3870982779589065       -23.488393238343953     
   15.161528653160998       -16.671688548947088     
   8.6551731784533583       -13.032702426030459     
   17.963135461037773       -13.563033390217935     
   17.359016955409501       -17.187849417405719     
   11.670742855437400       -14.704212495413046     
   10.225138698524454       -7.8606707970105596     
   14.533987430842823       -10.786169786129046     
   16.227499425603607       -7.7557452184383351     
   17.196668324277976       -4.8772411512257943     
   20.520450312790118       -7.5058653459191529     
   15.201840470120823       -2.7428985385732658     
   15.423705447200629       -3.6674596402590680     
   20.455428622576161       0.55385700555461892     
   19.178332963973723        1.8660749494105533     
   24.468208661015925      -0.68602824359150949     
   23.745779523593427        5.5946149671471499     
   21.777564139021276        3.8173865371982836     
   19.865518774140018        2.7697349659201200     
   18.480490532950945        6.5234921400690489     
   18.986124197910854        6.1133708113855079     
   17.434835812169602        9.3809602092080588     
   19.102617780851972        15.236848638012182     
   17.561394539949909        12.786613180239447     
   20.317106339401906        12.077104217479441     
   13.751992515143963        8.7582660298886132     
   8.1535519950395638        15.549945096219446     
   18.551837537171373        12.579230088102014     
   14.188732708063204        18.091977432485869     
   13.733060045114245        14.641905055783063     
   8.1572363619851380        19.642001922722883     
   8.7329939469530871        14.899659181393584     
   9.0193827065061267        20.230244308879765     
   7.6064978771072758        19.648992626820849     
   3.4331611987158066        23.077847638400470     
   6.5406468986995909        21.959453727711644     
   8.2086709786182830        20.603928644174442     
  0.57919320875398761        19.106540846564926     
   2.0690956143988157        18.679993330433042     
 -0.89916848732303567        24.562392532523219     
  -4.1920359147644497        19.991799515402921     
  -1.5997358072280958        16.990400373864091     
  -2.8872944022447138        22.763068659296142     
  -5.5574117158806118        17.887743598759712     
  -9.3358538256766970        18.279102551053008     
  -12.477302577763398        16.803839626266111     
  -13.394620634472361        19.990594910000304     
  -10.557965025731669        21.145574393746497     
  -16.529334789959421        14.412153865397823     
  -10.609068434519068        17.670330840358890     
  -11.349746149601451        10.129125353573288     
  -17.102514963692450        10.572953224151803     
  -14.426101921740489        8.0594799157891952     
  -12.256167034285399        9.0759030759444332     
  -19.127413057035145        9.2427343202432084     
  -14.762111799043840        10.330470600248825     
  -17.350108275723503        6.5683599758998872     
  -17.953096795945658        5.6174191326177034     
  -20.409977645042833        1.4217869738518785     
  -19.901472458643624        6.3798062231722961     
  -20.672789246268866        2.3678351491013410     
  -17.547390171293092       0.27287992640512410     
  -23.308051693131326       -2.0480015057978358     
  -19.751321808065988        1.3246819064503148     
  -24.135572246265902       -1.0788346521257894     
  -17.114133196668575       -6.5641605542071595     
  -20.239090837982420       -4.6433514251227992     
  -18.389607385156502       -3.3356707192797197     
  -16.584225035283033       -9.3986484825074079     
  -19.643705844365261       -5.6143921950187199     
  -17.701416344180497       -14.828708866749393     
  -14.006953239995026       -9.7162900851334406     
  -10.859412755154215       -10.250943742333158     
  -13.940153718636449       -13.423044460262371     
  -15.453711484910201       -11.272401450592245     
  -15.882705322096383       -17.554788903364162     
  -10.779208411436455       -8.7092685562678511     
  -11.208950523622860       -18.679775210646433     
  -10.201088013396744       -16.599484296707399     
  -8.4980039175660149       -20.647863106867771     
  -3.9499168254151074       -16.760876648492815     
  -6.6539910097580863       -16.652539937055682     
  -3.2804859685062144       -22.338927506622785     
  -1.7617382574626888       -20.388385485673950     
   3.9887406934306728       -21.000818753864415     
  -1.4967860240042432       -19.158989089742693     
   2.8887289360930777       -18.800509903203263     
   4.3216954608969456       -18.895685547322060     
   1.5918289394687493       -19.801419620812059     
 -0.53466910335218998       -21.882216454527324     
   5.5415199571671883       -23.792556788821589     
   4.3687755713938401       -20.057137768577164     
   8.5919474604780035       -17.380550041987181     
   6.3327729682876122       -18.531161595390451     
   8.5267472341195347       -23.295704115415571     
   11.430663515609607       -16.086988503084509     
   12.522929018395452       -18.545501895054219     
   10.291874982743446       -14.594344546116560     
   16.858946785604765       -13.861883367073556     
   14.023511746475320       -11.630137580482417     
   16.166137287451690       -11.454735584063000     
   12.342624989893082       -8.9119977116306277     
   18.257511591614907       -8.9571696395577032     
   13.647435487361196       -7.2108658845855880     
   19.544651742231071       -7.7872594037740477     
   18.333634740435581       -3.3429078616512200     
   18.908157023309311       -1.3516165298500951     
   21.401242796003714       -2.4953331375833478     
   17.410452837672789       -2.7264423687948502     
   23.677335798545812       -4.8007915400571815     
   22.347298124632502       -4.6033149365450594     
   22.863175731704310       -3.1530435048403884     
   24.252187708653491       -1.2736940791126321     
   22.834519746849846        3.7172540831662171     
   19.179571912170005        7.2294585899466020     
   15.983402961235001        4.8988556815233322     
   15.420346789221488        7.7308409187055149     
   20.984866966875565        7.8931503437338328     
   18.832352496730465        11.220938134327719     
   16.124289941810662        6.0740253936282809     
   19.480805004552373        10.739382780044602     
   17.880941352807586        13.717585748253629     
   18.196430057254158        15.487264840713371     
   14.596991335967441        15.150894388547172     
   14.478782070969464        13.975825428580386     
   14.385428852801946        15.925414202350787     
   10.590352256228762        15.703196943449720     
   10.360111250288785        20.514059597289503     
   12.625006824974298        21.116602536670673     
   12.052510500340958        17.072027269798436     
   8.5310805647687431        18.747685025761093     
   6.9180452834296107        23.230422542766181     
   8.3707391630815788        21.661968520036996     
  -6.2120588899554137E-002   19.693878483872176     
   2.3657686510727149        22.284393689952758     
  0.42472151595401103        22.919198619944989     
   1.2139927216565909        23.095680267064147     
  -2.5174171128460943        21.968784646621941     
  -3.6275401747378115        24.496975348848334     
  -4.2839695120723613        20.844405463494127     
  -5.2801413780115949        14.489825305170145     
  -5.7199987972366158        21.373068843261677     
  -7.3967018996497096        19.303783043537052     
  -14.153500826837314        15.978462476547953     
  -10.572273004370405        19.935229458592698     
  -9.6483253677659313        20.249834727747466     
  -16.043836843586476        18.005540158579620     
  -12.589572609454876        16.410074886881478     
  -15.836239354178851        12.294365354113269     
  -13.709435634434255        14.573185048265918     
  -18.537415373453879        14.047558914189832     
  -14.467180799324119        7.3588037762156233     
  -18.660539675416565        11.847524731733339     
  -17.887224264221285        12.674919683332734     
  -20.129164683621699        9.7433941469527294     
  -18.786238609858238        5.9517815574391371     
  -19.694648596814485        2.3396959670184798     
  -17.832588189460321        6.8151335966096447     
  -20.532059796431213        5.5693069107719593     
  -18.901471616529360       0.69364054648924911     
  -21.857055773592048        4.0519042671720706     
  -21.989692601309969       0.46668671640459181     
  -22.457670477135299        3.6918335689829331     
  -23.559641173804376       -3.7567025919310719     
  -23.484626948206135       -8.2957976463635980E-002
  -21.925327651200604       -3.7606605165273224     
  -17.940206889598301       -2.0940757993499974     
  -14.597072706580665       -8.8475271159772522     
  -16.589235035892681       -11.341588341323748     
  -18.800241507367723       -11.389558592176048     
  -14.321740425581728       -10.776461153395694     
  -17.710600377708737       -8.6855200289402443     
  -14.581377852690171       -9.7335102517249492     
  -12.161818846254597       -12.594869261565965     
  -13.395869562612047       -13.580960785003528     
  -13.753606460628161       -18.186629547281569     
  -9.9253388048424824       -20.447758609163483     
  -5.6209806845004522       -20.503282910149377     
  -9.6543338492341046       -14.645560830848625     
  -14.829364864608895       -16.729873142651808     
  -9.0413452784970332       -19.361997046286845     
  -2.8571044744315977       -21.405723101632720     
  -2.3361868714510954       -22.135702641939137     
  -6.9050056088673184       -19.700154844093284     
  -6.0585256998270820       -18.341237546168852     
 -0.92655833911076424       -21.233479843749862     
  -5.6476754299703122       -19.837673482778918     
   3.8337782231627040       -17.021715123422442     
   2.0170847118741184       -23.058280253487052     
   3.1443728895715792       -23.213604439651760     
   4.8126671125216003       -20.789037318145354     
   8.0579024872568414       -21.397866985202750     
   7.7510586442356670       -22.129808858127205     
   7.6047543237187911       -23.612407491615048     
   12.009698796773518       -17.292511952556474     
   9.3643998968339961       -22.969804931893925     
   10.805289707521680       -19.355360513689011     
   13.238527910703024       -20.760005598124469     
   11.197907935538042       -19.946731514324888     
   18.553838629350754       -16.463085127010611     
   16.093035892242941       -18.624621587254921     
   15.449234675317019       -13.850648437256371     
   20.847430950897255       -13.134914403391916     
   17.999189652294589       -11.076653678379705     
   16.746263326388384       -10.103135318093413     
   14.635575816346913       -10.186019796047743     
   18.685822811061342       -8.2757301645779631     
   16.213716934540027       -6.7168973895563795     
   20.721111784262803       -1.7060074325145618     
   19.875591121663749       -1.3063606610707903     
   17.483273991585239       -3.4759691758022853     
   19.015284815463428       -4.4033604694994617     
   24.506797520763879        3.4104173908329032     
   23.023172879476299        2.6040471640682292     
   20.711803699857612        3.5442652974425366     
   23.251018781029195        4.1326786965585924     
   23.205737142660873        7.3228836884850956     
   20.107888280028604        5.9350395555455044     
   18.091491330593289        4.3928032578261602     
   21.660740473412808        8.6166460342151314     
   18.197704232485822        7.3158538935699102     
   17.776722704037276        14.892067589265759     
   16.578585732265790        13.891896202152832     
   19.029317703833811        9.6521028667782343     
   16.977510199433208        15.222634589918952     
   16.790269856405953        15.995454276444244     
   15.685929396892538        16.030952563561936     
   13.361895992686559        15.931918182633602     
   14.880193970897958        18.944039727254509     
   10.125999520005017        21.933688159264001     
   12.890944049413717        18.789732815440122     
   11.378166159225632        20.036098740233641     
   7.4781699296707123        23.471794839122154     
   7.9844898096565142        22.709500379743936     
   5.9618216982011187        20.903549036476345     
   1.1680689372776443        22.268645361625730     
   6.3516027997309328        19.946064940965456     
   1.9073728822028053        23.498809476294102     
  0.80874449863551534        18.494587307231619     
  0.98375513003145376        24.400831053453068     
   2.7748523484225065        19.918449314303718     
  -3.8621799662735001        22.278146394212069     
 -0.39051307551588244        22.433148029283078     
  -8.1920307995762389        20.217440329514854     
  -9.2175242941551208        21.104323269641220     
  -7.7472755554286614        21.349479222475647     
  -6.7967291854040983        22.175924340082975     
  -10.847903072685281        21.954762657341259     
  -11.757573148112932        21.840334354557342     
  -15.284028674527578        19.432267170351892     
  -13.189638403640357        21.009846242990939     
  -13.108602649025439        17.520228884665357     
  -11.483072182104253        18.989801370424004     
  -12.464556395858368        13.126537570667406     
  -12.947454414496089        15.612379800332837     
  -15.582841018905569        11.450093250345276     
  -18.359514065205207        16.207614062935164     
  -20.145911072992437        8.0982539251027337     
  -15.847584127814205        9.8492056717739285     
  -18.923670346383616        7.0954995629531181     
  -23.461255373259934        7.6199646567108656     
  -21.049087476552170        10.075354304416718     
  -21.702507952026501        5.9660615862369220     
  -23.987419128903042        6.2841836586224780     
  -17.677366102730080        1.1172536552725867     
  -24.021901628359181        2.6237340497236992     
  -23.290661045234174        2.0682850012565073     
  -23.055107969034395       0.63187473431875518     
  -19.735422124947355       -3.8875035848779476     
  -18.905823420081081      -0.44951807660440718     
  -21.656636165353405       -2.8946704200897493     
  -18.642583601740419       -3.9569291800191269     
  -16.841800275083429       -10.175295848105026     
  -18.781616675325093       -8.0178325277710751     
  -20.989186862092705       -5.0984708152211820     
  -14.671690775194758       -13.923687220454269     
  -19.313101611690520       -15.175575177221749     
  -16.276135890874105       -15.544177993193445     
  -14.217008562285503       -16.084312171828298     
  -10.873016743809819       -13.421347255840319     
  -16.357052042255006       -13.153781120326240     
  -16.752369111416261       -13.972291802351190     
  -10.703859673996989       -19.273834489394631     
  -13.937079943060443       -19.298478556382065     
  -11.457288426212420       -17.727938263714904     
  -7.8112052691332199       -21.921215379465036     
  -9.0143350409938350       -21.282747151232570     
  -7.5681531206506545       -20.864508048773740     
  -6.7730204456233327       -22.834077262255054     
  -3.5770853208354145       -20.914324698010990     
  -2.7132407013783184       -23.288425480782802     
  -2.5039782699609123       -18.830898175304380     
  -2.9161243878037144       -24.630688406779750     
   1.0578868118118718       -19.545749105172650     
   3.2211153217528050       -24.575683794769262     
   5.0915700995287434       -21.219221629189196     
   5.5514033216602234       -20.050447789466745     
   1.7006447740618265       -22.307233813749200     
   5.0473045089003419       -22.402181717102614     
   7.1752118782745491       -21.594428405220896     
   8.8702990891309934       -21.950929178124511     
   8.9774962829904084       -21.202749586858040     
   12.488215303153607       -20.338682186386368     
   14.244289343140643       -19.008895088093162     
   16.332762136799516       -17.622065647002341     
   13.793066995891436       -12.520720612518582     
   14.836395069070585       -15.357341202227662     
   19.569970063565012       -12.066092218056074     
   17.384847258938443       -13.929111345815409     
   18.971572460216120       -12.812337581721598     
   17.042459058945710       -12.645312673532581     
   17.442610299532653       -11.766757832617557     
   17.140119111363404       -7.9393733304752159     
   21.946105225342432       -8.6956872908496994     
   21.393967218571550       -5.9483353106796040     
   21.780668898011658       -4.6887063092258705     
   19.989464749406782       -5.1186441310820356     
   21.900359187956845       -1.1377668753615204     
