% itn    run  time           vxave               vyave               vaverun
  1      1    0.35618E-02   -0.8308501342E+02    0.1430563604E+02    0.8430759561E+02
  1      2    0.71237E-02    0.1722215630E+03    0.1987346106E+03    0.2629747368E+03
  1      3    0.10685E-01    0.2777364316E+02   -0.3878088284E+02    0.4770044160E+02
  1      4    0.14247E-01    0.2824549510E+02   -0.3014090194E+02    0.4130716600E+02
  1      5    0.17809E-01   -0.4501905803E+02    0.2771184675E+02    0.5286456314E+02
  1      6    0.21371E-01   -0.1765949375E+03    0.5262663276E+02    0.1842697328E+03
  1      7    0.24933E-01    0.3600088035E+02    0.1104526849E+03    0.1161716790E+03
  1      8    0.28495E-01    0.3344668568E+02    0.1040327988E+03    0.1092771889E+03
  1      9    0.32056E-01   -0.8319129956E+02    0.6768218088E+02    0.1072458388E+03
  1     10    0.35618E-01    0.1978199595E+02    0.2476999122E+02    0.3169983957E+02
  1     11    0.39180E-01    0.1557084721E+03    0.1995817122E+02    0.1569823458E+03
  1     12    0.42742E-01    0.7396711738E+02    0.8222114963E+02    0.1105958946E+03
  1     13    0.46304E-01   -0.1163722776E+02    0.2759419798E+01    0.1195991085E+02
  1     14    0.49866E-01   -0.5403203754E+02    0.5386537414E+02    0.7629508249E+02
  1     15    0.53427E-01    0.7483741600E+02    0.2512604805E+02    0.7894274586E+02
  1     16    0.56989E-01    0.1867480959E+02    0.4319851657E+02    0.4706230282E+02
  1     17    0.60551E-01    0.9888485056E+02   -0.6837039390E+02    0.1202194844E+03
  1     18    0.64113E-01    0.3169758140E+02   -0.9577978724E+01    0.3311305397E+02
  1     19    0.67675E-01    0.8920446385E+02    0.4026947542E+02    0.9787270825E+02
  1     20    0.71237E-01   -0.6033918824E+02    0.4397484027E+02    0.7466327219E+02
  1     21    0.74798E-01    0.9749957830E+01   -0.1006013769E+03    0.1010727397E+03
  1     22    0.78360E-01   -0.2381928745E+02   -0.3505328898E+01    0.2407583405E+02
  1     23    0.81922E-01    0.1219085010E+02    0.4261201428E+02    0.4432155894E+02
  1     24    0.85484E-01   -0.1008973180E+03    0.6912094128E+01    0.1011338016E+03
  1     25    0.89046E-01   -0.6463503496E+02   -0.1892005927E+02    0.6734728196E+02
  1     26    0.92608E-01   -0.4544738004E+02   -0.2668272576E+02    0.5270134919E+02
  1     27    0.96169E-01    0.1922161035E+02   -0.2470926199E+02    0.3130523810E+02
  1     28    0.99731E-01   -0.3712443808E+02   -0.6980706769E+01    0.3777504692E+02
  1     29    0.10329E+00    0.6366419039E+02    0.4776334633E+02    0.7958936104E+02
  1     30    0.10685E+00   -0.5137247339E+02    0.1535810555E+03    0.1619452736E+03
  1     31    0.11042E+00   -0.6530035954E+02   -0.2084369530E+02    0.6854630982E+02
  1     32    0.11398E+00   -0.7264483245E+02   -0.3180212995E+02    0.7930099086E+02
  1     33    0.11754E+00    0.3446819524E+02   -0.1457352007E+03    0.1497558186E+03
  1     34    0.12110E+00    0.3889375185E+01    0.1702556820E+03    0.1703001013E+03
  1     35    0.12466E+00    0.1476835624E+01    0.5272026403E+02    0.5274094503E+02
  1     36    0.12823E+00    0.6905198606E+02    0.4332473263E+02    0.8151815280E+02
  1     37    0.13179E+00   -0.1585343465E+03    0.7084964395E+02    0.1736456480E+03
  1     38    0.13535E+00    0.6088153500E+02   -0.7030623779E+02    0.9300284068E+02
  1     39    0.13891E+00    0.3274804213E+02    0.2276372034E+02    0.3988259304E+02
  1     40    0.14247E+00   -0.9634546650E+01   -0.8599357190E+01    0.1291407888E+02
  1     41    0.14603E+00    0.5478618304E+02   -0.5182422030E+02    0.7541402828E+02
  1     42    0.14960E+00   -0.3279085728E+02   -0.4009854198E+02    0.5179897093E+02
  1     43    0.15316E+00   -0.7920218616E+02    0.3135512982E+02    0.8518292352E+02
  1     44    0.15672E+00   -0.2178597151E+01    0.1220291280E+02    0.1239586086E+02
  1     45    0.16028E+00    0.9607534635E+02   -0.2637741505E+02    0.9963051843E+02
  1     46    0.16384E+00   -0.2391831837E+02   -0.2386712110E+02    0.3378942769E+02
  1     47    0.16741E+00   -0.1516248246E+03   -0.1037428076E+03    0.1837189636E+03
  1     48    0.17097E+00   -0.2707522793E+02   -0.4464871180E+02    0.5221662027E+02
  1     49    0.17453E+00   -0.1476191728E+02    0.4455278040E+02    0.4693468273E+02
  1     50    0.17809E+00    0.4723548582E+02    0.9951021572E+01    0.4827228968E+02
  1     51    0.18165E+00   -0.3550581914E+02    0.1972969791E+02    0.4061925864E+02
  1     52    0.18522E+00   -0.6958207729E+02    0.1835902552E+02    0.7196331911E+02
  1     53    0.18878E+00    0.9013634663E+02    0.9191472920E+01    0.9060377563E+02
  1     54    0.19234E+00    0.6784172254E+02    0.2140278830E+02    0.7113774430E+02
  1     55    0.19590E+00    0.9862171012E+00    0.1729624266E+02    0.1732433648E+02
  1     56    0.19946E+00   -0.3615158603E+02   -0.2370930870E+03    0.2398334194E+03
  1     57    0.20302E+00    0.1934874483E+03    0.9530054028E+02    0.2156839948E+03
  1     58    0.20659E+00    0.8403361135E+01    0.4882853151E+02    0.4954636181E+02
  1     59    0.21015E+00   -0.7375270589E+02   -0.8986346741E+02    0.1162536210E+03
  1     60    0.21371E+00   -0.1292032113E+03   -0.8070801694E+01    0.1294550411E+03
  1     61    0.21727E+00   -0.9412380721E+01   -0.6211681576E+02    0.6282588409E+02
  1     62    0.22083E+00    0.1113240274E+03   -0.7323659627E+02    0.1332540360E+03
  1     63    0.22440E+00   -0.1702897180E+02   -0.3382536664E+02    0.3787005821E+02
  1     64    0.22796E+00   -0.4676957320E+02   -0.2985354015E+02    0.5548537498E+02
  1     65    0.23152E+00   -0.1375644984E+01   -0.5357555987E+02    0.5359321799E+02
  1     66    0.23508E+00    0.2171786824E+01    0.1014494608E+02    0.1037480549E+02
  1     67    0.23864E+00    0.8236474262E+02   -0.4102403436E+02    0.9201588027E+02
  1     68    0.24220E+00    0.1656839467E+02   -0.6508588861E+02    0.6716163040E+02
  1     69    0.24577E+00    0.1331520405E+03    0.8149355163E+02    0.1561110657E+03
  1     70    0.24933E+00   -0.1627178959E+02    0.6157661756E+02    0.6369027372E+02
  1     71    0.25289E+00    0.6665036683E+02   -0.2007620947E+02    0.6960837295E+02
  1     72    0.25645E+00    0.7282893411E+02    0.9310988564E+00    0.7283488580E+02
  1     73    0.26001E+00   -0.2753018626E+02    0.9336356054E+02    0.9733789392E+02
  1     74    0.26358E+00   -0.2068192090E+01    0.4607086659E+00    0.2118884375E+01
  1     75    0.26714E+00    0.9783146526E+02   -0.1158735833E+03    0.1516498694E+03
  1     76    0.27070E+00   -0.7629403281E+01   -0.1994598657E+02    0.2135533130E+02
  1     77    0.27426E+00    0.6489000502E+02   -0.6440014789E+02    0.9142260005E+02
  1     78    0.27782E+00   -0.4692037921E+02    0.3647273064E+02    0.5942879828E+02
  1     79    0.28138E+00   -0.3318326851E+02    0.4814792587E+01    0.3353075509E+02
  1     80    0.28495E+00    0.1248329843E+03   -0.8806117337E+01    0.1251432047E+03
  1     81    0.28851E+00    0.6111971252E+02   -0.1112795298E+03    0.1269596511E+03
  1     82    0.29207E+00    0.2395845178E+02    0.4995093533E+02    0.5539948873E+02
  1     83    0.29563E+00   -0.4671187183E+02   -0.2421673656E+02    0.5261605553E+02
  1     84    0.29919E+00   -0.7545824238E+01    0.1653740526E+01    0.7724915609E+01
  1     85    0.30276E+00    0.1268103714E+03   -0.1006167209E+03    0.1618783334E+03
  1     86    0.30632E+00   -0.6962773789E+01    0.4035605357E+02    0.4095230492E+02
  1     87    0.30988E+00   -0.1998919235E+02    0.1962927467E+02    0.2801564268E+02
  1     88    0.31344E+00    0.6621407970E+02    0.1385434252E+03    0.1535531993E+03
  1     89    0.31700E+00    0.1215863857E+03    0.1011635861E+02    0.1220065159E+03
  1     90    0.32056E+00   -0.1655574189E+02    0.2145943869E+02    0.2710350712E+02
  1     91    0.32413E+00   -0.3139435746E+02    0.6343560716E+02    0.7077910664E+02
  1     92    0.32769E+00   -0.2108722105E+02   -0.7698869325E+02    0.7982436833E+02
  1     93    0.33125E+00   -0.2097681754E+02   -0.7041598640E+02    0.7347406355E+02
  1     94    0.33481E+00   -0.1410072700E+03   -0.3729207931E+02    0.1458552343E+03
  1     95    0.33837E+00   -0.2348645605E+00    0.1687279701E+03    0.1687281335E+03
  1     96    0.34194E+00   -0.3824378567E+01   -0.8524223404E+02    0.8532798097E+02
  1     97    0.34550E+00   -0.6941308319E+02    0.7857335392E+01    0.6985638008E+02
  1     98    0.34906E+00    0.9523131501E+02    0.9457434455E+01    0.9569977234E+02
  1     99    0.35262E+00    0.3103833031E+01   -0.7654086951E+00    0.3196815596E+01
  1    100    0.35618E+00    0.1395351381E+03    0.5771816273E+02    0.1510014605E+03


% itn    run  time           vxave               vyave               vaverun
  2      1    0.35618E-02   -0.6254844827E+02   -0.6428951210E+02    0.8969643107E+02
  2      2    0.71237E-02   -0.4910581885E+02   -0.4133899985E+02    0.6418951903E+02
  2      3    0.10685E-01   -0.1400251031E+03    0.2892091514E+02    0.1429805890E+03
  2      4    0.14247E-01   -0.5076718530E+02    0.7528470050E+02    0.9080249574E+02
  2      5    0.17809E-01   -0.5321133545E+01   -0.3789579407E+02    0.3826755376E+02
  2      6    0.21371E-01   -0.1401989442E+03   -0.1152432276E+03    0.1814848354E+03
  2      7    0.24933E-01   -0.5202555329E+02   -0.2958180046E+02    0.5984764919E+02
  2      8    0.28495E-01    0.3961599137E+02    0.1388544172E+01    0.3964031820E+02
  2      9    0.32056E-01   -0.3280169911E+02   -0.1145463149E+02    0.3474420882E+02
  2     10    0.35618E-01   -0.5088042239E+02   -0.9414122812E+02    0.1070111593E+03
  2     11    0.39180E-01   -0.4756225472E+02   -0.8250277765E+02    0.9523064840E+02
  2     12    0.42742E-01   -0.6804107001E+02    0.4907710685E+01    0.6821783368E+02
  2     13    0.46304E-01    0.1083996970E+03    0.1286225971E+03    0.1682089973E+03
  2     14    0.49866E-01    0.7659039496E+02    0.8665897947E+02    0.1156540848E+03
  2     15    0.53427E-01   -0.1984990150E+03   -0.1316342792E+03    0.2381794332E+03
  2     16    0.56989E-01   -0.2788713840E+02    0.6869480231E+00    0.2789559797E+02
  2     17    0.60551E-01    0.7120492195E+01    0.1367178717E+03    0.1369031696E+03
  2     18    0.64113E-01    0.2474955624E+02    0.5788068627E+02    0.6295009434E+02
  2     19    0.67675E-01    0.1505792674E+03   -0.1037875745E+01    0.1505828442E+03
  2     20    0.71237E-01    0.6412467334E+02    0.1317138327E+02    0.6546341778E+02
  2     21    0.74798E-01   -0.3188605399E+02   -0.7768914085E+00    0.3189551692E+02
  2     22    0.78360E-01   -0.5918201900E+02   -0.1002711335E+03    0.1164337219E+03
  2     23    0.81922E-01   -0.8179672058E+02   -0.1223867061E+02    0.8270724609E+02
  2     24    0.85484E-01    0.3161877830E+02   -0.4147516633E+02    0.5215301107E+02
  2     25    0.89046E-01    0.2785776726E+02   -0.3150144644E+02    0.4205230463E+02
  2     26    0.92608E-01   -0.5354596193E+02   -0.3269416271E+02    0.6273817271E+02
  2     27    0.96169E-01   -0.4907473269E+02   -0.2760699638E+02    0.5630697681E+02
  2     28    0.99731E-01   -0.1052341229E+02    0.1274112653E+03    0.1278451123E+03
  2     29    0.10329E+00    0.7698745720E+02    0.4437386111E+02    0.8886004792E+02
  2     30    0.10685E+00    0.2806690832E+02    0.1322310451E+02    0.3102582530E+02
  2     31    0.11042E+00   -0.8106909052E+02   -0.5637331535E+02    0.9874283833E+02
  2     32    0.11398E+00   -0.5530601348E+02    0.4615294734E+02    0.7203367043E+02
  2     33    0.11754E+00    0.5796827738E+02   -0.1366145848E+03    0.1484044001E+03
  2     34    0.12110E+00   -0.4685557687E+02   -0.3136364006E+02    0.5638371220E+02
  2     35    0.12466E+00    0.9181545049E+02    0.6678144488E+02    0.1135334238E+03
  2     36    0.12823E+00   -0.9568656507E+02    0.2740683046E+02    0.9953418052E+02
  2     37    0.13179E+00    0.1978229840E+02    0.2303425962E+02    0.3036307702E+02
  2     38    0.13535E+00    0.7751144281E+02   -0.8732850699E+02    0.1167659706E+03
  2     39    0.13891E+00   -0.5174252684E+02   -0.5287641294E+02    0.7398110657E+02
  2     40    0.14247E+00    0.5197410240E+02   -0.5256801681E+02    0.7392363433E+02
  2     41    0.14603E+00    0.1139090189E+02   -0.1505793363E+03    0.1510095664E+03
  2     42    0.14960E+00    0.9767194463E+02   -0.7302197724E+02    0.1219508833E+03
  2     43    0.15316E+00   -0.5970278617E+02    0.1512501239E+02    0.6158886812E+02
  2     44    0.15672E+00   -0.5673059212E+02   -0.3149379406E+02    0.6488620151E+02
  2     45    0.16028E+00    0.5441793679E+02    0.1317317033E+02    0.5598967995E+02
  2     46    0.16384E+00    0.1637170795E+02   -0.1232176547E+02    0.2049045449E+02
  2     47    0.16741E+00    0.1497990387E+03   -0.2745888256E+02    0.1522949186E+03
  2     48    0.17097E+00   -0.3080605336E+02    0.1061661653E+03    0.1105453192E+03
  2     49    0.17453E+00   -0.1580345593E+03   -0.2334180970E+02    0.1597490595E+03
  2     50    0.17809E+00    0.8189058961E+02    0.1049198472E+03    0.1330948647E+03
  2     51    0.18165E+00   -0.1784420417E+02    0.7694430320E+01    0.1943244401E+02
  2     52    0.18522E+00    0.8652716962E+02    0.8233102489E+02    0.1194376354E+03
  2     53    0.18878E+00   -0.1699695966E+03    0.1707513424E+03    0.2409267206E+03
  2     54    0.19234E+00   -0.6098098408E+02   -0.1332410812E+03    0.1465328159E+03
  2     55    0.19590E+00    0.1249385169E+03    0.3943403343E+02    0.1310140298E+03
  2     56    0.19946E+00    0.6401924509E+02    0.2074170186E+02    0.6729548230E+02
  2     57    0.20302E+00    0.1967248387E+02    0.2417221163E+02    0.3116572535E+02
  2     58    0.20659E+00   -0.7478468504E+01    0.2926337987E+02    0.3020385559E+02
  2     59    0.21015E+00   -0.1276032396E+02    0.4004441576E+02    0.4202833688E+02
  2     60    0.21371E+00    0.9408308172E+02   -0.7934787553E+02    0.1230760400E+03
  2     61    0.21727E+00    0.7109955177E+02   -0.1026508499E+03    0.1248693046E+03
  2     62    0.22083E+00   -0.6371566797E+02   -0.1535300607E+03    0.1662262491E+03
  2     63    0.22440E+00    0.2723033549E+02    0.1227416670E+02    0.2986881885E+02
  2     64    0.22796E+00   -0.1617191983E+03   -0.3468697218E+02    0.1653973553E+03
  2     65    0.23152E+00    0.4335350523E+02    0.4301573821E+02    0.6107274474E+02
  2     66    0.23508E+00   -0.5922033072E+02    0.5667209282E+02    0.8196812597E+02
  2     67    0.23864E+00    0.3492761271E+02    0.5719695226E+02    0.6701812798E+02
  2     68    0.24220E+00    0.1110354210E+02    0.2529033884E+02    0.2762046136E+02
  2     69    0.24577E+00   -0.8161152525E+01    0.5857421030E+02    0.5914002471E+02
  2     70    0.24933E+00    0.4368525310E+02    0.8263350577E+01    0.4445991792E+02
  2     71    0.25289E+00    0.5706523770E+02   -0.6880875070E+02    0.8939287179E+02
  2     72    0.25645E+00    0.9096667090E+02    0.6432171531E+02    0.1114101354E+03
  2     73    0.26001E+00   -0.1180922106E+02   -0.5755668990E+02    0.5875568274E+02
  2     74    0.26358E+00   -0.1081270381E+03   -0.1943605479E+02    0.1098599863E+03
  2     75    0.26714E+00   -0.1149229176E+02    0.1435878450E+03    0.1440470132E+03
  2     76    0.27070E+00    0.4040728290E+02    0.9372656266E+02    0.1020657487E+03
  2     77    0.27426E+00   -0.1659428428E+02    0.6096469130E+01    0.1767872186E+02
  2     78    0.27782E+00   -0.1356591889E+02    0.3040364678E+02    0.3329288051E+02
  2     79    0.28138E+00   -0.1446937215E+03    0.4356093368E+02    0.1511086628E+03
  2     80    0.28495E+00    0.7324129980E+02   -0.2477904642E+02    0.7731939690E+02
  2     81    0.28851E+00   -0.3287377190E+02    0.5336959706E+02    0.6268172596E+02
  2     82    0.29207E+00    0.2901949552E+02   -0.5220909065E+02    0.5973207067E+02
  2     83    0.29563E+00    0.1194126488E+03   -0.2652624829E+02    0.1223234342E+03
  2     84    0.29919E+00   -0.7668288642E+02   -0.7147468311E+02    0.1048279323E+03
  2     85    0.30276E+00   -0.6265052432E+02    0.1626009831E+03    0.1742531719E+03
  2     86    0.30632E+00   -0.6458884037E+02    0.2277453272E+02    0.6848647779E+02
  2     87    0.30988E+00   -0.2343240725E+02    0.2399334530E+02    0.3353741684E+02
  2     88    0.31344E+00   -0.9840599941E+01   -0.7859138767E+02    0.7920507322E+02
  2     89    0.31700E+00    0.4838240037E+01    0.3630853473E+02    0.3662947257E+02
  2     90    0.32056E+00   -0.1098573243E+02    0.1399154732E+02    0.1778903352E+02
  2     91    0.32413E+00   -0.1479565878E+02   -0.8545380612E+02    0.8672522412E+02
  2     92    0.32769E+00   -0.1606957363E+02   -0.2252891988E+02    0.2767279220E+02
  2     93    0.33125E+00   -0.1332973273E+02   -0.9714095523E+02    0.9805124659E+02
  2     94    0.33481E+00    0.1306567857E+02   -0.3443148628E+02    0.3682715308E+02
  2     95    0.33837E+00    0.2451187311E+02    0.4715997311E+02    0.5314974118E+02
  2     96    0.34194E+00    0.3834384313E+02    0.9939561236E+02    0.1065351494E+03
  2     97    0.34550E+00   -0.6935737774E+01    0.4357622839E+01    0.8191052147E+01
  2     98    0.34906E+00   -0.1645797065E+02   -0.2066853374E+03    0.2073395608E+03
  2     99    0.35262E+00    0.1308051736E+03   -0.1150634729E+02    0.1313102793E+03
  2    100    0.35618E+00   -0.1127526804E+03   -0.4256128119E+02    0.1205181712E+03


% itn    run  time           vxave               vyave               vaverun
  3      1    0.35618E-02    0.8856910204E+02    0.4903218851E+02    0.1012355735E+03
  3      2    0.71237E-02   -0.1375757545E+02   -0.2956349700E+02    0.3260784012E+02
  3      3    0.10685E-01    0.3734097989E+01   -0.3593638793E+02    0.3612986943E+02
  3      4    0.14247E-01    0.8918212428E+02    0.9673600508E+01    0.8970523863E+02
  3      5    0.17809E-01   -0.7491079726E+02    0.5663810560E+02    0.9391220662E+02
  3      6    0.21371E-01    0.1341907226E+03   -0.4518490991E+02    0.1415938774E+03
  3      7    0.24933E-01   -0.1207528397E+02   -0.2367205049E+02    0.2657401846E+02
  3      8    0.28495E-01   -0.1838615567E+02    0.1210415954E+03    0.1224300557E+03
  3      9    0.32056E-01    0.7700161478E+02    0.8483837454E+02    0.1145722413E+03
  3     10    0.35618E-01    0.1618600435E+02    0.6620475249E+02    0.6815464760E+02
  3     11    0.39180E-01    0.4932345394E+02    0.3557992226E+02    0.6081721777E+02
  3     12    0.42742E-01   -0.6743829731E+02    0.1753659497E+03    0.1878859767E+03
  3     13    0.46304E-01   -0.1448946194E+03   -0.2558493403E+02    0.1471361260E+03
  3     14    0.49866E-01   -0.1062792940E+03    0.9108328394E+02    0.1399694715E+03
  3     15    0.53427E-01    0.6550971048E+02    0.1847330661E+02    0.6806456659E+02
  3     16    0.56989E-01   -0.8827828113E+02   -0.1173606772E+03    0.1468556552E+03
  3     17    0.60551E-01   -0.2959745418E+02   -0.4877553402E+02    0.5705315077E+02
  3     18    0.64113E-01   -0.5115401197E+02    0.1307111545E+03    0.1403643076E+03
  3     19    0.67675E-01    0.1058838635E+03    0.5444691950E+02    0.1190624189E+03
  3     20    0.71237E-01   -0.2224526694E+02   -0.9685504487E+02    0.9937681631E+02
  3     21    0.74798E-01    0.1907158128E+03   -0.2684677708E+02    0.1925961337E+03
  3     22    0.78360E-01   -0.2112019603E+02    0.5899806813E+02    0.6266446141E+02
  3     23    0.81922E-01    0.1160401102E+03   -0.1448780745E+03    0.1856204828E+03
  3     24    0.85484E-01    0.2196697703E+02   -0.1257112184E+03    0.1276160590E+03
  3     25    0.89046E-01   -0.1460455727E+03    0.3728539994E+02    0.1507299252E+03
  3     26    0.92608E-01   -0.8188233273E+02    0.4209288271E+01    0.8199045384E+02
  3     27    0.96169E-01    0.3721872637E+02    0.2247684914E+02    0.4347921733E+02
  3     28    0.99731E-01   -0.4296918690E+02    0.7091878113E+02    0.8292059177E+02
  3     29    0.10329E+00    0.2326712925E+02   -0.1371912240E+02    0.2701062056E+02
  3     30    0.10685E+00    0.1092647221E+03   -0.3525211282E+02    0.1148106744E+03
  3     31    0.11042E+00   -0.3161095324E+02    0.6466013763E+02    0.7197350737E+02
  3     32    0.11398E+00   -0.1753241982E+03    0.5471720086E+01    0.1754095613E+03
  3     33    0.11754E+00   -0.9367887530E+02   -0.3473018330E+02    0.9990954564E+02
  3     34    0.12110E+00    0.8461494052E+02    0.7926531550E+02    0.1159425651E+03
  3     35    0.12466E+00    0.4575908388E+01   -0.5750130253E+02    0.5768308877E+02
  3     36    0.12823E+00   -0.3277225302E+02    0.1300407563E+01    0.3279804305E+02
  3     37    0.13179E+00    0.3012268738E+01    0.4057359280E+02    0.4068525772E+02
  3     38    0.13535E+00   -0.4354678701E+02    0.5484755969E+02    0.7003268853E+02
  3     39    0.13891E+00    0.9187308423E+02   -0.9262963397E+02    0.1304642200E+03
  3     40    0.14247E+00   -0.1111142597E+03   -0.6728485872E+02    0.1298985408E+03
  3     41    0.14603E+00    0.1310828776E+02    0.1256761356E+02    0.1815962882E+02
  3     42    0.14960E+00   -0.5815505596E+02    0.4072097891E+02    0.7099442694E+02
  3     43    0.15316E+00   -0.9002250243E+02   -0.3865842818E+02    0.9797206242E+02
  3     44    0.15672E+00    0.5878644253E+02   -0.5603608107E+02    0.8121507376E+02
  3     45    0.16028E+00   -0.7519737564E+02    0.4865534046E+02    0.8956554839E+02
  3     46    0.16384E+00    0.1543560242E+02    0.8754268662E+02    0.8889308074E+02
  3     47    0.16741E+00   -0.2643024091E+02    0.5085201052E+02    0.5731042321E+02
  3     48    0.17097E+00   -0.7379588562E+02    0.9739955284E+01    0.7443587484E+02
  3     49    0.17453E+00   -0.1279662414E+03    0.4079694082E+02    0.1343121340E+03
  3     50    0.17809E+00    0.8495515702E+02   -0.2033506759E+02    0.8735498657E+02
  3     51    0.18165E+00    0.1030506168E+03   -0.9526345167E+02    0.1403372896E+03
  3     52    0.18522E+00    0.4905067128E+02   -0.2506484603E+02    0.5508370775E+02
  3     53    0.18878E+00    0.1669768484E+02   -0.2973883852E+02    0.3410588213E+02
  3     54    0.19234E+00    0.7670496673E+02    0.1735881396E+03    0.1897801205E+03
  3     55    0.19590E+00    0.9102346288E+02    0.5021639835E+02    0.1039565172E+03
  3     56    0.19946E+00    0.9223192613E+02   -0.8202537392E+02    0.1234296972E+03
  3     57    0.20302E+00   -0.1689793615E+02    0.6920033948E+02    0.7123361026E+02
  3     58    0.20659E+00   -0.8091796783E+02    0.5777061516E+02    0.9942414945E+02
  3     59    0.21015E+00   -0.4555016417E+02   -0.1231819471E+02    0.4718638974E+02
  3     60    0.21371E+00    0.8022640974E+02    0.1087913162E+03    0.1351733232E+03
  3     61    0.21727E+00    0.5289074161E+01   -0.9277639271E+02    0.9292703240E+02
  3     62    0.22083E+00   -0.8439343572E+02    0.3915077086E+02    0.9303243978E+02
  3     63    0.22440E+00    0.8918708982E+00    0.5941444224E+01    0.6008010749E+01
  3     64    0.22796E+00   -0.3062715962E+02   -0.1011950848E+03    0.1057282748E+03
  3     65    0.23152E+00    0.4947457361E+02   -0.7866596189E+02    0.9293044169E+02
  3     66    0.23508E+00   -0.5640635823E+02   -0.6679038859E+01    0.5680041205E+02
  3     67    0.23864E+00   -0.1493213276E+03    0.1061115428E+02    0.1496978807E+03
  3     68    0.24220E+00   -0.3935329222E+02   -0.4938963984E+02    0.6315075718E+02
  3     69    0.24577E+00   -0.6566893667E+02    0.1966888133E+03    0.2073617576E+03
  3     70    0.24933E+00   -0.3945009907E+02    0.7292743812E+02    0.8291394061E+02
  3     71    0.25289E+00   -0.1806489927E+02   -0.1294161696E+03    0.1306709055E+03
  3     72    0.25645E+00    0.1164692473E+03    0.4017843898E+02    0.1232046774E+03
  3     73    0.26001E+00   -0.1744372436E+03    0.5029207328E+02    0.1815424044E+03
  3     74    0.26358E+00    0.6946417884E+02   -0.5242128845E+02    0.8702450014E+02
  3     75    0.26714E+00    0.5260342025E+02   -0.7499163433E+01    0.5313527335E+02
  3     76    0.27070E+00    0.7209432991E+01   -0.7385857301E+02    0.7420959999E+02
  3     77    0.27426E+00   -0.3756189713E+02    0.4840253953E+02    0.6126746240E+02
  3     78    0.27782E+00    0.8432611114E+02    0.1122031978E+03    0.1403582938E+03
  3     79    0.28138E+00   -0.1370194810E+02   -0.8575135982E+01    0.1616404463E+02
  3     80    0.28495E+00   -0.7092412289E+02   -0.4316313428E+02    0.8302582350E+02
  3     81    0.28851E+00   -0.4112442154E+02   -0.4058647038E+02    0.5777957792E+02
  3     82    0.29207E+00   -0.3770243753E+02    0.1432632071E+03    0.1481412174E+03
  3     83    0.29563E+00    0.2030216346E+03   -0.2220937502E+02    0.2042328094E+03
  3     84    0.29919E+00    0.9709190863E+01   -0.7424111017E+02    0.7487329849E+02
  3     85    0.30276E+00    0.3363543044E+02   -0.1424349595E+03    0.1463525192E+03
  3     86    0.30632E+00   -0.1188840761E+02   -0.6319571118E+02    0.6430421562E+02
  3     87    0.30988E+00   -0.5261102327E+02    0.1117004666E+02    0.5378373092E+02
  3     88    0.31344E+00   -0.7498585005E+02   -0.3401088943E+02    0.8233843761E+02
  3     89    0.31700E+00    0.4257095268E+02   -0.2338564168E+02    0.4857133156E+02
  3     90    0.32056E+00   -0.8383609355E+02    0.7465765392E+02    0.1122597696E+03
  3     91    0.32413E+00    0.1766120865E+02    0.1108347730E+03    0.1122330842E+03
  3     92    0.32769E+00   -0.2571264338E+02   -0.4500153182E+02    0.5182931502E+02
  3     93    0.33125E+00    0.7534507508E+02    0.3596541499E+02    0.8348887000E+02
  3     94    0.33481E+00    0.6741850720E+02   -0.3088262618E+02    0.7415518669E+02
  3     95    0.33837E+00    0.1424610606E+02   -0.7298905301E+02    0.7436634586E+02
  3     96    0.34194E+00    0.1010125848E+02    0.1106135416E+03    0.1110738088E+03
  3     97    0.34550E+00    0.2446764668E+02    0.3942476030E+02    0.4640018814E+02
  3     98    0.34906E+00   -0.1847164030E+02   -0.4730483280E+02    0.5078335063E+02
  3     99    0.35262E+00   -0.1607779680E+02    0.4374978509E+02    0.4661050574E+02
  3    100    0.35618E+00    0.9831572573E+02   -0.7567572785E+01    0.9860654179E+02


% itn    run  time           vxave               vyave               vaverun
  4      1    0.35618E-02   -0.5827969957E+02    0.3914095608E+02    0.7020354567E+02
  4      2    0.71237E-02    0.9338893615E+02   -0.6648160273E+02    0.1146354958E+03
  4      3    0.10685E-01    0.3548325955E+02    0.9147496116E+02    0.9811590201E+02
  4      4    0.14247E-01   -0.8777630697E+02    0.1758878103E+00    0.8777648320E+02
  4      5    0.17809E-01   -0.5147633809E+02   -0.3248196878E+02    0.6086782137E+02
  4      6    0.21371E-01    0.1417409845E+03    0.3128884904E+02    0.1451533629E+03
  4      7    0.24933E-01   -0.8757845747E+02    0.7433987853E+02    0.1148756012E+03
  4      8    0.28495E-01    0.6928789748E+01    0.1039569138E+03    0.1041875619E+03
  4      9    0.32056E-01   -0.5017733009E+02   -0.2859569042E+02    0.5775359699E+02
  4     10    0.35618E-01   -0.7606879199E+02    0.1480741432E+02    0.7749658466E+02
  4     11    0.39180E-01    0.6301317179E+02   -0.5919014701E+02    0.8645307006E+02
  4     12    0.42742E-01   -0.1654932684E+03   -0.3084269545E+02    0.1683427865E+03
  4     13    0.46304E-01   -0.3948346112E+02    0.9189818717E+02    0.1000211003E+03
  4     14    0.49866E-01    0.3366586147E+02   -0.8389363968E+02    0.9039653205E+02
  4     15    0.53427E-01   -0.7239498548E+02    0.5677818100E+02    0.9200432468E+02
  4     16    0.56989E-01    0.6406762683E+02    0.1095384698E+03    0.1268989250E+03
  4     17    0.60551E-01    0.2814927677E+02   -0.1307824816E+02    0.3103904569E+02
  4     18    0.64113E-01    0.1360116377E+03   -0.2932948519E+01    0.1360432570E+03
  4     19    0.67675E-01    0.1066973636E+03   -0.9046061558E+02    0.1398837030E+03
  4     20    0.71237E-01   -0.6946397862E+02   -0.9648082765E+02    0.1188856359E+03
  4     21    0.74798E-01   -0.8214174563E+02   -0.5255802815E+02    0.9751724308E+02
  4     22    0.78360E-01    0.1192949421E+02   -0.2513968581E+02    0.2782654550E+02
  4     23    0.81922E-01   -0.1344319198E+02   -0.3539543726E+02    0.3786233470E+02
  4     24    0.85484E-01   -0.2025601636E+02    0.5332371805E+02    0.5704143324E+02
  4     25    0.89046E-01    0.1110388958E+03    0.1018216684E+03    0.1506561932E+03
  4     26    0.92608E-01    0.1639291110E+02    0.1658692844E+03    0.1666773741E+03
  4     27    0.96169E-01   -0.4522508682E+02    0.2366629829E+02    0.5104314012E+02
  4     28    0.99731E-01    0.3734602889E+02    0.2979784939E+02    0.4777695785E+02
  4     29    0.10329E+00   -0.1593944666E+02    0.6475023630E+02    0.6668327422E+02
  4     30    0.10685E+00   -0.1280509915E+03    0.2001228129E+03    0.2375840834E+03
  4     31    0.11042E+00    0.3906598102E+02    0.5065671856E+02    0.6397072775E+02
  4     32    0.11398E+00    0.7567343100E+02   -0.6885155327E+02    0.1023083797E+03
  4     33    0.11754E+00    0.1845549641E+02    0.6347719130E+02    0.6610566665E+02
  4     34    0.12110E+00   -0.3358899124E+02   -0.1924898703E+02    0.3871361303E+02
  4     35    0.12466E+00   -0.4769736809E+02    0.5927203806E+01    0.4806423481E+02
  4     36    0.12823E+00    0.8733532873E+02   -0.1184844460E+02    0.8813538043E+02
  4     37    0.13179E+00   -0.1181574256E+02    0.5505081474E+02    0.5630456443E+02
  4     38    0.13535E+00    0.2043069492E+02    0.6859806005E+02    0.7157588377E+02
  4     39    0.13891E+00   -0.9120343494E+02   -0.3094680487E+02    0.9631080561E+02
  4     40    0.14247E+00   -0.7751359221E+00   -0.1478308277E+03    0.1478328598E+03
  4     41    0.14603E+00    0.1054955539E+02   -0.7367773354E+02    0.7442917129E+02
  4     42    0.14960E+00   -0.7958540660E+00   -0.1917024226E+02    0.1918675512E+02
  4     43    0.15316E+00   -0.5628862607E+02   -0.1122968651E+03    0.1256144710E+03
  4     44    0.15672E+00    0.4173938280E+01   -0.1480890442E+02    0.1538588349E+02
  4     45    0.16028E+00   -0.9229922032E+02    0.6260083646E+02    0.1115258302E+03
  4     46    0.16384E+00    0.1260271570E+03   -0.9863026790E+02    0.1600336654E+03
  4     47    0.16741E+00    0.1002350552E+03   -0.8034602757E+02    0.1284622530E+03
  4     48    0.17097E+00   -0.1048103019E+03    0.1250797361E+03    0.1631874375E+03
  4     49    0.17453E+00    0.8695865441E+02   -0.7712534578E+01    0.8730000439E+02
  4     50    0.17809E+00   -0.5408127486E+01    0.8189720529E+02    0.8207557540E+02
  4     51    0.18165E+00    0.1019600242E+03   -0.9082233856E+02    0.1365450245E+03
  4     52    0.18522E+00    0.8077103144E+02    0.7522509673E+02    0.1103756073E+03
  4     53    0.18878E+00   -0.7182864894E+02   -0.6647331038E+02    0.9786754212E+02
  4     54    0.19234E+00    0.5135420365E+02   -0.8685505110E+02    0.1009012098E+03
  4     55    0.19590E+00    0.1963139083E+01   -0.1401373895E+03    0.1401511393E+03
  4     56    0.19946E+00    0.1252478575E+03    0.1127252906E+03    0.1685052431E+03
  4     57    0.20302E+00    0.2293055664E+02   -0.4846157687E+02    0.5361282366E+02
  4     58    0.20659E+00   -0.3896843371E+02   -0.1417474092E+02    0.4146639731E+02
  4     59    0.21015E+00    0.6874298257E+02    0.4488329812E+02    0.8209816138E+02
  4     60    0.21371E+00   -0.1640243082E+02    0.1087478577E+03    0.1099778900E+03
  4     61    0.21727E+00    0.3630796087E+02    0.1267431153E+03    0.1318411366E+03
  4     62    0.22083E+00   -0.1464426353E+02    0.1378141598E+03    0.1385900325E+03
  4     63    0.22440E+00    0.9092166393E+02   -0.2545682980E+02    0.9441821411E+02
  4     64    0.22796E+00   -0.4537514084E+02    0.5525021747E+02    0.7149468468E+02
  4     65    0.23152E+00   -0.3200807981E+02   -0.5853109409E+02    0.6671136447E+02
  4     66    0.23508E+00   -0.1554875375E+03    0.6064379238E+02    0.1668953081E+03
  4     67    0.23864E+00    0.5268342043E+02   -0.6215633096E+02    0.8147976599E+02
  4     68    0.24220E+00   -0.9677480918E+02    0.6453416877E+02    0.1163186255E+03
  4     69    0.24577E+00   -0.2693424405E+02    0.8290188694E+02    0.8716751896E+02
  4     70    0.24933E+00   -0.7578648076E+02    0.1004390870E+03    0.1258236896E+03
  4     71    0.25289E+00    0.9676605873E+01   -0.2099183180E+01    0.9901680224E+01
  4     72    0.25645E+00   -0.3592581051E+02    0.3673234127E+02    0.5138023702E+02
  4     73    0.26001E+00    0.1406505553E+02    0.5790550980E+02    0.5958920919E+02
  4     74    0.26358E+00   -0.6189924447E+02   -0.6682580806E+02    0.9108899543E+02
  4     75    0.26714E+00    0.5011169099E+02   -0.3228594473E+02    0.5961177570E+02
  4     76    0.27070E+00    0.1284848710E+02    0.5126852847E+02    0.5285400299E+02
  4     77    0.27426E+00   -0.8404763174E+02    0.7141953916E+01    0.8435052997E+02
  4     78    0.27782E+00   -0.1157575970E+03    0.1125129645E+03    0.1614279668E+03
  4     79    0.28138E+00   -0.1277985766E+03    0.1032844463E+03    0.1643172329E+03
  4     80    0.28495E+00   -0.5093556996E+02   -0.8961737044E+02    0.1030810621E+03
  4     81    0.28851E+00   -0.2321899647E+02    0.4797876447E+02    0.5330181645E+02
  4     82    0.29207E+00    0.1013956680E+03   -0.1650586438E+03    0.1937148352E+03
  4     83    0.29563E+00   -0.1664172509E+03    0.1041130023E+03    0.1963013465E+03
  4     84    0.29919E+00    0.1891636904E+02   -0.9520094026E+02    0.9706208345E+02
  4     85    0.30276E+00   -0.1093298522E+03    0.7171538982E+02    0.1307521079E+03
  4     86    0.30632E+00    0.5209763416E+02    0.2863147776E+02    0.5944682501E+02
  4     87    0.30988E+00   -0.9979020381E+02    0.1628289178E+03    0.1909747136E+03
  4     88    0.31344E+00    0.9086355746E+02   -0.3358343440E+02    0.9687121936E+02
  4     89    0.31700E+00   -0.1144564442E+03   -0.5630299519E+02    0.1275551053E+03
  4     90    0.32056E+00    0.1428941398E+03   -0.6238984679E+02    0.1559205829E+03
  4     91    0.32413E+00   -0.1508305043E+02    0.2376921619E+02    0.2815091559E+02
  4     92    0.32769E+00    0.5550153139E+02    0.2734439777E+00    0.5550220499E+02
  4     93    0.33125E+00   -0.6461662645E+02    0.6566923022E+02    0.9212901938E+02
  4     94    0.33481E+00    0.6152063741E+02    0.1876490560E+03    0.1974764722E+03
  4     95    0.33837E+00    0.2278235789E+02    0.5145379890E+02    0.5627192242E+02
  4     96    0.34194E+00    0.1276652644E+02    0.3198888353E+02    0.3444231216E+02
  4     97    0.34550E+00    0.8629937212E+02    0.4181787151E+02    0.9589742440E+02
  4     98    0.34906E+00   -0.9639881084E+02    0.5044287087E+02    0.1087989612E+03
  4     99    0.35262E+00    0.1173476180E+03    0.3237216666E+02    0.1217309354E+03
  4    100    0.35618E+00   -0.3776111020E+02   -0.5906205090E+02    0.7010154991E+02


% itn    run  time           vxave               vyave               vaverun
  5      1    0.35618E-02   -0.4934864022E+02    0.7853184816E+02    0.9274987583E+02
  5      2    0.71237E-02   -0.8441852204E+02   -0.1459735685E+02    0.8567128860E+02
  5      3    0.10685E-01    0.3567500051E+02    0.7579930230E-01    0.3567508104E+02
  5      4    0.14247E-01    0.6557084541E+02    0.3562458110E+01    0.6566754811E+02
  5      5    0.17809E-01   -0.6344554612E+01    0.7459374983E+02    0.7486308094E+02
  5      6    0.21371E-01    0.1183456707E+02    0.3664011978E+02    0.3850396545E+02
  5      7    0.24933E-01   -0.9544685231E+02    0.1606709120E+02    0.9678973621E+02
  5      8    0.28495E-01    0.1170165922E+03    0.5477927496E+02    0.1292039156E+03
  5      9    0.32056E-01    0.6817250616E-01   -0.6062088292E+02    0.6062092125E+02
  5     10    0.35618E-01    0.8741281582E+02   -0.4287355038E+02    0.9736088378E+02
  5     11    0.39180E-01   -0.4835113029E+02    0.1387598511E+02    0.5030283057E+02
  5     12    0.42742E-01   -0.3068486930E+01    0.6332009330E+02    0.6339439903E+02
  5     13    0.46304E-01    0.4408769637E+02    0.8424884526E+02    0.9508729094E+02
  5     14    0.49866E-01   -0.1120920582E+03    0.6565683810E+02    0.1299055422E+03
  5     15    0.53427E-01   -0.1362105245E+02    0.3480456332E+02    0.3737500097E+02
  5     16    0.56989E-01    0.1150577573E+03    0.7700334416E+02    0.1384478332E+03
  5     17    0.60551E-01   -0.2337754556E+00   -0.8717499679E+02    0.8717531025E+02
  5     18    0.64113E-01   -0.8865945390E+02   -0.2100018319E+02    0.9111260319E+02
  5     19    0.67675E-01    0.7969593295E+01   -0.9519029156E+01    0.1241476272E+02
  5     20    0.71237E-01   -0.4314526407E+02   -0.6138872813E+02    0.7503392402E+02
  5     21    0.74798E-01   -0.4604944552E+02    0.4704732883E+01    0.4628915579E+02
  5     22    0.78360E-01    0.5100316928E+02   -0.6164739954E+01    0.5137438365E+02
  5     23    0.81922E-01    0.2163790225E+02   -0.5218422651E+02    0.5649240931E+02
  5     24    0.85484E-01   -0.1036730476E+03    0.3834150332E+02    0.1105358389E+03
  5     25    0.89046E-01    0.1052311187E+02    0.1034061275E+03    0.1039401899E+03
  5     26    0.92608E-01    0.5813377622E+02   -0.1219652714E+03    0.1351112999E+03
  5     27    0.96169E-01   -0.1189928832E+02    0.8248876727E+02    0.8334260488E+02
  5     28    0.99731E-01   -0.2984617671E+02   -0.6627685659E+01    0.3057319874E+02
  5     29    0.10329E+00    0.3312684028E+02   -0.6698272665E+02    0.7472665666E+02
  5     30    0.10685E+00   -0.1616430742E+03   -0.2265956656E+02    0.1632235871E+03
  5     31    0.11042E+00   -0.1434624645E+03   -0.1697447837E+03    0.2222493426E+03
  5     32    0.11398E+00    0.6523589419E+02    0.3147764742E+02    0.7243317043E+02
  5     33    0.11754E+00   -0.3862267023E+02    0.4311499590E+02    0.5788448434E+02
  5     34    0.12110E+00    0.1099484136E+03    0.1039744770E+03    0.1513252970E+03
  5     35    0.12466E+00    0.8985069855E+02   -0.7542449594E+02    0.1173115622E+03
  5     36    0.12823E+00    0.9463831539E+02    0.1109305323E+02    0.9528623495E+02
  5     37    0.13179E+00    0.8966376613E+02    0.1274177345E+03    0.1558039474E+03
  5     38    0.13535E+00   -0.1392340010E+02   -0.9034194874E+01    0.1659752232E+02
  5     39    0.13891E+00    0.1294355239E+03    0.1116897845E+03    0.1709624602E+03
  5     40    0.14247E+00    0.1181698491E+02   -0.1156167058E+03    0.1162190337E+03
  5     41    0.14603E+00    0.3051345674E+02   -0.1888541964E+03    0.1913033678E+03
  5     42    0.14960E+00    0.3419328919E+02    0.3283296456E+02    0.4740447856E+02
  5     43    0.15316E+00   -0.3726529749E+02    0.5993429805E+02    0.7057494229E+02
  5     44    0.15672E+00   -0.3855104319E+02    0.1489660693E+03    0.1538735609E+03
  5     45    0.16028E+00    0.7839791644E+01   -0.5851479020E+02    0.5903764058E+02
  5     46    0.16384E+00    0.7191574154E+02    0.6775747615E+02    0.9880763865E+02
  5     47    0.16741E+00   -0.1363598379E+03    0.4073737945E+02    0.1423149306E+03
  5     48    0.17097E+00    0.4940595499E+02    0.2035995508E+03    0.2095082945E+03
  5     49    0.17453E+00    0.6214756757E+02    0.1779047909E+03    0.1884474325E+03
  5     50    0.17809E+00   -0.6090720042E+02   -0.4581461879E+02    0.7621460725E+02
  5     51    0.18165E+00   -0.7389685927E+01   -0.5057955159E+02    0.5111651883E+02
  5     52    0.18522E+00   -0.8477258633E+01    0.8297149665E+01    0.1186198156E+02
  5     53    0.18878E+00    0.1279112741E+03    0.8331361052E+02    0.1526514059E+03
  5     54    0.19234E+00    0.1155294695E+03    0.8135481199E+01    0.1158155619E+03
  5     55    0.19590E+00    0.6091998171E+02    0.1088051751E+02    0.6188400304E+02
  5     56    0.19946E+00    0.2615464948E+02    0.2028031842E+02    0.3309617810E+02
  5     57    0.20302E+00   -0.4513334435E+02    0.9997236315E+00    0.4514441516E+02
  5     58    0.20659E+00   -0.8334612521E+02    0.3086836612E+02    0.8887875233E+02
  5     59    0.21015E+00    0.1525878988E+03   -0.5024394212E+02    0.1606471929E+03
  5     60    0.21371E+00   -0.2537416989E+02   -0.1053022199E+03    0.1083162315E+03
  5     61    0.21727E+00   -0.1271773507E+02   -0.1297382289E+02    0.1816757732E+02
  5     62    0.22083E+00    0.3655684648E+02   -0.8132301190E+02    0.8916184884E+02
  5     63    0.22440E+00    0.9253379439E+02   -0.4372717112E+02    0.1023453399E+03
  5     64    0.22796E+00    0.4272360691E+02    0.5933302673E+02    0.7311439426E+02
  5     65    0.23152E+00    0.6822365973E+02    0.1140240712E+03    0.1328757184E+03
  5     66    0.23508E+00    0.9110970447E+02    0.1198247727E+02    0.9189427626E+02
  5     67    0.23864E+00    0.1239501758E+03    0.1633770922E+02    0.1250222653E+03
  5     68    0.24220E+00   -0.1342230647E+02    0.1201520452E+02    0.1801453443E+02
  5     69    0.24577E+00   -0.4185278860E+02   -0.6871122509E+02    0.8045426258E+02
  5     70    0.24933E+00    0.6263405514E+02   -0.1257742977E+03    0.1405069351E+03
  5     71    0.25289E+00   -0.1563894976E+02   -0.3796616485E+02    0.4106100855E+02
  5     72    0.25645E+00   -0.1213577569E+02    0.4272398188E+02    0.4441413828E+02
  5     73    0.26001E+00   -0.5165779938E+02   -0.1942434005E+02    0.5518906796E+02
  5     74    0.26358E+00    0.4274214095E+02   -0.7247591677E+02    0.8414065084E+02
  5     75    0.26714E+00   -0.4478814440E+00   -0.7733399739E+02    0.7733529434E+02
  5     76    0.27070E+00   -0.1645399699E+01   -0.3050890031E+02    0.3055323777E+02
  5     77    0.27426E+00   -0.5951999184E+02    0.2645552928E+02    0.6513466403E+02
  5     78    0.27782E+00    0.1350080366E+02   -0.1297380159E+03    0.1304385851E+03
  5     79    0.28138E+00    0.1001063007E+03    0.4601252383E+02    0.1101745151E+03
  5     80    0.28495E+00   -0.2224926496E+02   -0.1324407014E+01    0.2228864835E+02
  5     81    0.28851E+00   -0.1609992005E+02    0.2053689519E+02    0.2609543043E+02
  5     82    0.29207E+00   -0.7754560873E+02    0.1829534036E+02    0.7967459389E+02
  5     83    0.29563E+00    0.1768493550E+03    0.2317167696E+02    0.1783609290E+03
  5     84    0.29919E+00    0.9052924668E+02   -0.1361465609E+03    0.1634974940E+03
  5     85    0.30276E+00   -0.1005375970E+03    0.1263909193E+03    0.1615006901E+03
  5     86    0.30632E+00    0.1094303465E+03    0.6145732665E+02    0.1255069868E+03
  5     87    0.30988E+00    0.6882542063E+02   -0.7454177556E+02    0.1014564677E+03
  5     88    0.31344E+00    0.2994152975E+02    0.2400082316E+03    0.2418686554E+03
  5     89    0.31700E+00    0.1196003914E+03   -0.1804172408E+03    0.2164593135E+03
  5     90    0.32056E+00   -0.8547611619E+02   -0.1934371070E+02    0.8763758088E+02
  5     91    0.32413E+00   -0.1321542693E+02    0.2393032890E+02    0.2733693748E+02
  5     92    0.32769E+00   -0.1048185940E+03    0.3438320980E+02    0.1103138376E+03
  5     93    0.33125E+00   -0.8313295352E+02   -0.8265847431E+02    0.1172327230E+03
  5     94    0.33481E+00    0.3231731217E+02   -0.9617176905E+02    0.1014564824E+03
  5     95    0.33837E+00    0.3046166925E+02   -0.3380319258E+02    0.4550350670E+02
  5     96    0.34194E+00    0.8781095626E+02    0.7941236221E+02    0.1183937807E+03
  5     97    0.34550E+00    0.1100367232E+03    0.1790682368E+02    0.1114842356E+03
  5     98    0.34906E+00    0.2873676526E+02    0.2865304815E+02    0.4058076941E+02
  5     99    0.35262E+00   -0.3070753626E+02    0.1420656223E+02    0.3383458576E+02
  5    100    0.35618E+00    0.2094377876E+02    0.8817223333E+02    0.9062551848E+02


% itn    run  time           vxave               vyave               vaverun
  6      1    0.35618E-02    0.1192026621E+03   -0.1319954567E+03    0.1778540841E+03
  6      2    0.71237E-02   -0.6352655800E+02    0.4053410855E+02    0.7535673512E+02
  6      3    0.10685E-01   -0.1389642401E+02    0.5319882763E+02    0.5498386911E+02
  6      4    0.14247E-01   -0.8738950657E+02    0.1635106720E+03    0.1853986670E+03
  6      5    0.17809E-01   -0.2745902250E+02    0.2345254907E+02    0.3611121674E+02
  6      6    0.21371E-01    0.2891266305E+02    0.3875514446E+02    0.4835186973E+02
  6      7    0.24933E-01    0.2500586130E+02   -0.7266687175E+02    0.7684899055E+02
  6      8    0.28495E-01   -0.9484328672E+02   -0.2436149598E+02    0.9792206861E+02
  6      9    0.32056E-01   -0.5616273832E+02    0.8565475554E+02    0.1024255355E+03
  6     10    0.35618E-01    0.1049673295E+03    0.5769053399E+02    0.1197761996E+03
  6     11    0.39180E-01    0.6552274598E+01    0.1349229466E+02    0.1499914390E+02
  6     12    0.42742E-01   -0.9064603869E+02   -0.6927719316E+01    0.9091038239E+02
  6     13    0.46304E-01   -0.8403066177E+02    0.4086396037E+02    0.9343990248E+02
  6     14    0.49866E-01    0.6989571212E+02    0.5080076275E+02    0.8640675939E+02
  6     15    0.53427E-01    0.1935706441E+02    0.8582726930E+02    0.8798304438E+02
  6     16    0.56989E-01    0.1152273488E+03   -0.6602256991E+02    0.1328018134E+03
  6     17    0.60551E-01   -0.6739301322E+01    0.7722544299E+02    0.7751894754E+02
  6     18    0.64113E-01    0.1420999525E+03   -0.7782467874E+02    0.1620156694E+03
  6     19    0.67675E-01    0.1743112487E+02   -0.1017226464E+01    0.1746078073E+02
  6     20    0.71237E-01   -0.9865162607E+02   -0.4397218892E+01    0.9874957650E+02
  6     21    0.74798E-01    0.2182596801E+02    0.1645955378E+03    0.1660363332E+03
  6     22    0.78360E-01    0.3056475239E+02   -0.2980764673E+02    0.4269308952E+02
  6     23    0.81922E-01   -0.1533458588E+03   -0.5373448374E+02    0.1624879908E+03
  6     24    0.85484E-01   -0.6602726879E+02    0.6746940631E+02    0.9440191213E+02
  6     25    0.89046E-01   -0.1041165582E+02   -0.3002753340E+02    0.3178136780E+02
  6     26    0.92608E-01    0.8292819647E+02    0.1666907197E+02    0.8458690047E+02
  6     27    0.96169E-01    0.9867306212E+02    0.8484929671E+02    0.1301375286E+03
  6     28    0.99731E-01   -0.1576593607E+01    0.7610641389E+02    0.7612274222E+02
  6     29    0.10329E+00   -0.4431159912E+02   -0.4322391762E+02    0.6190173561E+02
  6     30    0.10685E+00    0.1018971872E+03    0.5190678174E+02    0.1143562449E+03
  6     31    0.11042E+00   -0.9870121408E+01    0.5423096811E+02    0.5512183958E+02
  6     32    0.11398E+00   -0.2599563536E+02    0.6312207143E+02    0.6826543019E+02
  6     33    0.11754E+00   -0.7451553964E+02   -0.3179819056E+02    0.8101660676E+02
  6     34    0.12110E+00   -0.6824485593E+01   -0.2438090093E+02    0.2531801599E+02
  6     35    0.12466E+00   -0.6188334834E+02    0.1127977601E+03    0.1286580098E+03
  6     36    0.12823E+00   -0.9153248884E+02    0.2319331181E+02    0.9442524146E+02
  6     37    0.13179E+00   -0.2967815601E+02   -0.8695974292E+01    0.3092592623E+02
  6     38    0.13535E+00    0.3355749243E+02    0.1281168133E+02    0.3591997323E+02
  6     39    0.13891E+00    0.1061416942E+02    0.1230746213E+02    0.1625220651E+02
  6     40    0.14247E+00   -0.1180644915E+03   -0.1257739948E+02    0.1187325361E+03
  6     41    0.14603E+00   -0.6695252231E+01   -0.1672240457E+00    0.6697340242E+01
  6     42    0.14960E+00    0.5322894618E+02   -0.7825790757E+02    0.9464470830E+02
  6     43    0.15316E+00    0.1350265881E+03    0.1788148053E+02    0.1362054582E+03
  6     44    0.15672E+00    0.4789918713E+02    0.6571127596E+02    0.8131607415E+02
  6     45    0.16028E+00   -0.1423962575E+03   -0.3918588850E+02    0.1476896340E+03
  6     46    0.16384E+00   -0.1164409288E+02    0.3959518064E+02    0.4127182125E+02
  6     47    0.16741E+00    0.3616251724E+02    0.1088287251E+03    0.1146796366E+03
  6     48    0.17097E+00   -0.1951453804E+02    0.6152030668E+01    0.2046129703E+02
  6     49    0.17453E+00   -0.6422710240E+02   -0.4188786861E+01    0.6436355038E+02
  6     50    0.17809E+00   -0.1255774873E+02   -0.5489843214E+02    0.5631638221E+02
  6     51    0.18165E+00   -0.3467690637E+02   -0.8533773803E+02    0.9211415400E+02
  6     52    0.18522E+00   -0.9219332823E+02   -0.1229838249E+03    0.1537030610E+03
  6     53    0.18878E+00    0.5686462178E+02    0.3808525926E+02    0.6844028188E+02
  6     54    0.19234E+00    0.8702539639E+02    0.8981146477E+02    0.1250580618E+03
  6     55    0.19590E+00   -0.2584640199E+03   -0.1385753421E+03    0.2932691171E+03
  6     56    0.19946E+00    0.6999894135E+02    0.1523705358E+02    0.7163811550E+02
  6     57    0.20302E+00   -0.7584952460E+02    0.1743715213E+03    0.1901540897E+03
  6     58    0.20659E+00   -0.5050941271E+02    0.1443171987E+02    0.5253070826E+02
  6     59    0.21015E+00   -0.8814977947E+02   -0.7456501285E+02    0.1154570256E+03
  6     60    0.21371E+00   -0.4206517439E+02    0.6455559320E+02    0.7705130440E+02
  6     61    0.21727E+00    0.2443673044E+01   -0.7007161301E+00    0.2542152836E+01
  6     62    0.22083E+00   -0.3652968663E+02    0.6349225048E+02    0.7325082850E+02
  6     63    0.22440E+00   -0.7878439492E+02    0.1587835166E+02    0.8036854443E+02
  6     64    0.22796E+00   -0.5406154003E+02   -0.4884624489E+02    0.7286017945E+02
  6     65    0.23152E+00   -0.7683104469E+01   -0.9038002838E+02    0.9070600655E+02
  6     66    0.23508E+00   -0.5943311653E+02   -0.8570229191E+02    0.1042937111E+03
  6     67    0.23864E+00    0.3411331179E+02    0.1779917251E+02    0.3847763745E+02
  6     68    0.24220E+00    0.1213376846E+03   -0.1084246577E+03    0.1627228936E+03
  6     69    0.24577E+00   -0.3687658036E+02   -0.4854933216E+01    0.3719479205E+02
  6     70    0.24933E+00    0.1716253229E+03   -0.5498395914E+02    0.1802178882E+03
  6     71    0.25289E+00    0.4381443561E+01   -0.3856243851E+02    0.3881054898E+02
  6     72    0.25645E+00   -0.1128203852E+02   -0.8997752327E+02    0.9068207699E+02
  6     73    0.26001E+00    0.1517635080E+03    0.2339855298E+02    0.1535566822E+03
  6     74    0.26358E+00    0.2197916172E+02    0.4309777291E+02    0.4837873066E+02
  6     75    0.26714E+00    0.9204100263E+02   -0.4714714780E+02    0.1034137308E+03
  6     76    0.27070E+00   -0.1346931354E+03   -0.9911644186E+01    0.1350573264E+03
  6     77    0.27426E+00   -0.1844253204E+02    0.8161083365E+02    0.8366872269E+02
  6     78    0.27782E+00   -0.3703906657E+02    0.2409690338E+02    0.4418770423E+02
  6     79    0.28138E+00   -0.1435784822E+03    0.1764262726E+02    0.1446583660E+03
  6     80    0.28495E+00    0.1106674747E+03   -0.1079356018E+02    0.1111925847E+03
  6     81    0.28851E+00    0.1338597749E+03    0.3560182866E+02    0.1385132829E+03
  6     82    0.29207E+00   -0.4778639068E+02   -0.7097461711E+02    0.8556246495E+02
  6     83    0.29563E+00    0.4699081056E+02   -0.4496365752E+02    0.6503742595E+02
  6     84    0.29919E+00   -0.4193407927E+02    0.1531981893E+02    0.4464486372E+02
  6     85    0.30276E+00   -0.7385799936E+02   -0.1934168191E+02    0.7634857385E+02
  6     86    0.30632E+00    0.1039051448E+03   -0.2270240008E+02    0.1063563730E+03
  6     87    0.30988E+00    0.3049030153E+02    0.1254452426E+03    0.1290975111E+03
  6     88    0.31344E+00   -0.3462642484E+02    0.9442908270E+02    0.1005775370E+03
  6     89    0.31700E+00   -0.6396228153E+02    0.9724758550E+02    0.1163970203E+03
  6     90    0.32056E+00    0.9345613020E+02   -0.5451237958E+02    0.1081926421E+03
  6     91    0.32413E+00   -0.7265833583E+02    0.2993835396E+02    0.7858459648E+02
  6     92    0.32769E+00   -0.2854737935E+02   -0.3514468710E+02    0.4527805096E+02
  6     93    0.33125E+00    0.8819037192E+02    0.5217436489E+01    0.8834457167E+02
  6     94    0.33481E+00    0.1401115419E+02    0.3055030670E+02    0.3361002352E+02
  6     95    0.33837E+00    0.9132722420E+01    0.3403096962E+02    0.3523511759E+02
  6     96    0.34194E+00   -0.2735566635E+01    0.2590741249E+02    0.2605143656E+02
  6     97    0.34550E+00    0.1089929855E+03    0.1221054928E+03    0.1636741344E+03
  6     98    0.34906E+00   -0.1033185650E+03    0.2798092999E+02    0.1070404518E+03
  6     99    0.35262E+00   -0.8291391791E+02    0.4353875132E+02    0.9365009690E+02
  6    100    0.35618E+00   -0.6913962374E+02   -0.6573986155E+02    0.9540449133E+02


% itn    run  time           vxave               vyave               vaverun
  7      1    0.35618E-02   -0.2276840262E+02    0.1503201296E+03    0.1520346721E+03
  7      2    0.71237E-02    0.4126973703E+01    0.1363084874E+03    0.1363709487E+03
  7      3    0.10685E-01   -0.1229749183E+02    0.4247495877E+02    0.4421934450E+02
  7      4    0.14247E-01   -0.4551701188E+02   -0.3786613089E+01    0.4567424667E+02
  7      5    0.17809E-01   -0.6411726439E+02   -0.7954067010E+02    0.1021652671E+03
  7      6    0.21371E-01    0.2655810330E+02   -0.6785668127E+02    0.7286880021E+02
  7      7    0.24933E-01    0.1739513599E+03    0.1099901936E+03    0.2058079646E+03
  7      8    0.28495E-01    0.1033004507E+03    0.6105611824E+02    0.1199951361E+03
  7      9    0.32056E-01   -0.4577443214E+01   -0.7632216991E+02    0.7645931340E+02
  7     10    0.35618E-01   -0.8299621539E+02    0.7259915544E+01    0.8331313307E+02
  7     11    0.39180E-01   -0.5969763711E+02   -0.6069362949E+02    0.8513239418E+02
  7     12    0.42742E-01    0.7388027145E+02   -0.6224278348E+02    0.9660465106E+02
  7     13    0.46304E-01   -0.6712635362E+02   -0.7223305223E+02    0.9860811927E+02
  7     14    0.49866E-01    0.6190734548E+02    0.2008975569E+02    0.6508546464E+02
  7     15    0.53427E-01   -0.1550813728E+03    0.6597527996E+02    0.1685318064E+03
  7     16    0.56989E-01   -0.8715582569E+02    0.4559161571E+02    0.9836022253E+02
  7     17    0.60551E-01    0.1275983201E+02    0.5415723288E+02    0.5564008614E+02
  7     18    0.64113E-01   -0.1335443805E+03   -0.1340518597E+03    0.1892194563E+03
  7     19    0.67675E-01    0.5821457719E+02   -0.4026030511E+02    0.7078014669E+02
  7     20    0.71237E-01    0.5231596965E+02   -0.1262909399E+03    0.1366980694E+03
  7     21    0.74798E-01   -0.4231234417E+02   -0.1870879729E+02    0.4626395536E+02
  7     22    0.78360E-01    0.4291493771E+02   -0.6485516679E+02    0.7776814604E+02
  7     23    0.81922E-01    0.2995221332E+02    0.9472429197E+02    0.9934700082E+02
  7     24    0.85484E-01    0.7554206111E+02   -0.6892753973E+02    0.1022624502E+03
  7     25    0.89046E-01    0.5140534170E+02    0.5710901391E+02    0.7683715654E+02
  7     26    0.92608E-01   -0.3668287292E+02    0.8608425175E+02    0.9357420352E+02
  7     27    0.96169E-01    0.1378261778E+02   -0.3653066851E+01    0.1425852202E+02
  7     28    0.99731E-01    0.7536973421E+02   -0.7844813931E+02    0.1087874414E+03
  7     29    0.10329E+00    0.6254703165E+02    0.4076119138E+02    0.7465658638E+02
  7     30    0.10685E+00    0.1016242034E+03    0.6395856110E+02    0.1200757105E+03
  7     31    0.11042E+00    0.2212394318E+01   -0.1495589064E+03    0.1495752693E+03
  7     32    0.11398E+00   -0.1368465967E+03    0.4146461711E+02    0.1429905784E+03
  7     33    0.11754E+00    0.1191972485E+03   -0.1168298086E+03    0.1669047280E+03
  7     34    0.12110E+00    0.5163077589E+01    0.2010400990E+03    0.2011063867E+03
  7     35    0.12466E+00   -0.8137865098E+02    0.9396597888E+02    0.1243064360E+03
  7     36    0.12823E+00    0.4813667521E+02    0.5268429251E+02    0.7136367548E+02
  7     37    0.13179E+00   -0.2264717966E+02    0.3405873977E+02    0.4090100856E+02
  7     38    0.13535E+00    0.8497863615E+02   -0.4759774161E+02    0.9740078854E+02
  7     39    0.13891E+00    0.9374305459E+02   -0.1007592839E+02    0.9428300280E+02
  7     40    0.14247E+00   -0.9705423724E+02    0.3764847895E+02    0.1041005905E+03
  7     41    0.14603E+00    0.1242998700E+02    0.8146301925E+02    0.8240587407E+02
  7     42    0.14960E+00    0.1631062725E+02    0.1044232349E+03    0.1056893966E+03
  7     43    0.15316E+00    0.2998787622E+02   -0.1566600227E+02    0.3383336145E+02
  7     44    0.15672E+00    0.8380721325E+02    0.5069129473E+02    0.9794517015E+02
  7     45    0.16028E+00   -0.1327011963E+03    0.1651568241E+02    0.1337249987E+03
  7     46    0.16384E+00   -0.7378304282E+02   -0.7419366864E+02    0.1046357390E+03
  7     47    0.16741E+00   -0.3719755840E+01    0.3239460625E+02    0.3260746996E+02
  7     48    0.17097E+00   -0.6735547059E+02    0.5462280840E+02    0.8672030106E+02
  7     49    0.17453E+00    0.5220805368E+02   -0.2034443704E+02    0.5603192829E+02
  7     50    0.17809E+00   -0.8956446980E+02   -0.8725977337E+02    0.1250442414E+03
  7     51    0.18165E+00   -0.1023954805E+03   -0.3583192001E+02    0.1084839201E+03
  7     52    0.18522E+00   -0.1642204466E+02   -0.6573647405E+02    0.6775667916E+02
  7     53    0.18878E+00    0.8205046672E+02    0.1356518019E+02    0.8316425436E+02
  7     54    0.19234E+00    0.3292190489E+02    0.4399017525E+02    0.5494531227E+02
  7     55    0.19590E+00   -0.4214066976E+02    0.1186538601E+02    0.4377925802E+02
  7     56    0.19946E+00   -0.1738457828E+02   -0.4947842311E+02    0.5244366420E+02
  7     57    0.20302E+00    0.7135696710E+02    0.4013231286E+02    0.8186830454E+02
  7     58    0.20659E+00    0.7646027879E+02   -0.2687673518E+02    0.8104648744E+02
  7     59    0.21015E+00   -0.2778681767E+02    0.3217449759E+01    0.2797247252E+02
  7     60    0.21371E+00   -0.1305047650E+03    0.5531702885E+01    0.1306219485E+03
  7     61    0.21727E+00   -0.2017355714E+02   -0.5652473940E+02    0.6001681908E+02
  7     62    0.22083E+00   -0.4364744430E+02   -0.2035519264E+02    0.4816049482E+02
  7     63    0.22440E+00    0.3705142591E+02   -0.1544268018E+02    0.4014080882E+02
  7     64    0.22796E+00    0.9383791329E+01    0.3509817861E+02    0.3633094661E+02
  7     65    0.23152E+00   -0.4241596428E+02    0.1801002400E+02    0.4608117826E+02
  7     66    0.23508E+00   -0.3561959703E+02   -0.1209808872E+03    0.1261155452E+03
  7     67    0.23864E+00   -0.1032807545E+03   -0.4894344214E+02    0.1142907467E+03
  7     68    0.24220E+00    0.6222298297E+02   -0.6833994756E+02    0.9242320078E+02
  7     69    0.24577E+00   -0.1006704503E+03    0.3019994200E+02    0.1051026929E+03
  7     70    0.24933E+00    0.1059659360E+03    0.2935029979E+02    0.1099555350E+03
  7     71    0.25289E+00    0.6302386068E+02   -0.1211254663E+03    0.1365407837E+03
  7     72    0.25645E+00   -0.8566587836E+02    0.3933354925E+02    0.9426436661E+02
  7     73    0.26001E+00    0.8646926919E+02   -0.9492361149E+02    0.1284033743E+03
  7     74    0.26358E+00    0.5833539221E+02   -0.1089312409E+02    0.5934372870E+02
  7     75    0.26714E+00    0.1771668510E+03   -0.8903070899E+02    0.1982789960E+03
  7     76    0.27070E+00    0.5287339356E+02   -0.9138924778E+02    0.1055821498E+03
  7     77    0.27426E+00   -0.3424843222E+02    0.3523053421E+02    0.4913395618E+02
  7     78    0.27782E+00    0.6655419062E+02    0.1190289630E+03    0.1363721171E+03
  7     79    0.28138E+00   -0.5764236756E+02    0.6018539039E+01    0.5795571888E+02
  7     80    0.28495E+00   -0.8012980293E+02   -0.5345845655E+02    0.9632544780E+02
  7     81    0.28851E+00    0.7111326285E+02    0.5706018493E+02    0.9117543999E+02
  7     82    0.29207E+00    0.4786549418E+01   -0.9269293686E+02    0.9281644035E+02
  7     83    0.29563E+00    0.4746311383E+02    0.4971961231E+02    0.6873708622E+02
  7     84    0.29919E+00    0.7141276821E+02   -0.2774939795E+01    0.7146666184E+02
  7     85    0.30276E+00   -0.3967767062E+02    0.3336791652E+02    0.5184337372E+02
  7     86    0.30632E+00   -0.8357778835E+02   -0.5679828649E+02    0.1010509379E+03
  7     87    0.30988E+00    0.1062119946E+03   -0.7733981691E+02    0.1313865864E+03
  7     88    0.31344E+00    0.9940142868E+02   -0.1421939007E+03    0.1734927936E+03
  7     89    0.31700E+00    0.2333449999E+02   -0.9709436103E+02    0.9985896972E+02
  7     90    0.32056E+00   -0.1358497425E+02    0.1312675551E+03    0.1319686423E+03
  7     91    0.32413E+00   -0.1041813278E+03    0.2504554312E+02    0.1071495604E+03
  7     92    0.32769E+00    0.7954147851E+02   -0.1794446091E+02    0.8154048369E+02
  7     93    0.33125E+00   -0.6784396221E+02   -0.9644039896E+02    0.1179133316E+03
  7     94    0.33481E+00   -0.1584363416E+02   -0.1234209226E+03    0.1244336967E+03
  7     95    0.33837E+00    0.5446572974E+02    0.2076643508E+02    0.5829031260E+02
  7     96    0.34194E+00   -0.7046198720E+02   -0.3920096745E+02    0.8063254609E+02
  7     97    0.34550E+00    0.3587811094E+02    0.2730088932E+02    0.4508411474E+02
  7     98    0.34906E+00   -0.3723096570E+01    0.2017529946E+02    0.2051594883E+02
  7     99    0.35262E+00    0.1560018943E+03   -0.9892929134E+02    0.1847257310E+03
  7    100    0.35618E+00    0.3113765660E+02   -0.1010637937E+03    0.1057518040E+03


% itn    run  time           vxave               vyave               vaverun
  8      1    0.35618E-02   -0.3580555329E+02    0.8738629129E+01    0.3685649583E+02
  8      2    0.71237E-02   -0.7848216222E+02    0.8000800890E+02    0.1120746683E+03
  8      3    0.10685E-01   -0.1672916034E+02    0.2652706136E+02    0.3136159738E+02
  8      4    0.14247E-01    0.1236815143E+03    0.7181754207E+02    0.1430205451E+03
  8      5    0.17809E-01    0.1133814399E+03   -0.6334621830E+02    0.1298772278E+03
  8      6    0.21371E-01    0.2569671669E+01    0.2459484122E+02    0.2472871665E+02
  8      7    0.24933E-01   -0.5194020519E+00    0.7557260260E+02    0.7557438748E+02
  8      8    0.28495E-01   -0.2229654057E+01    0.7438850882E+02    0.7442191613E+02
  8      9    0.32056E-01   -0.2848548251E+02    0.5114610432E+02    0.5854354534E+02
  8     10    0.35618E-01   -0.5927235392E+02   -0.9593209758E+02    0.1127660378E+03
  8     11    0.39180E-01    0.3654647233E+02   -0.3907852825E+02    0.5350491575E+02
  8     12    0.42742E-01   -0.4217598845E+02    0.3813852421E+02    0.5686265058E+02
  8     13    0.46304E-01    0.3393673943E+02   -0.1666626964E+03    0.1700827936E+03
  8     14    0.49866E-01    0.3284652842E+02    0.6538037787E+02    0.7316753542E+02
  8     15    0.53427E-01    0.3849977010E+02    0.3467781292E+02    0.5181489174E+02
  8     16    0.56989E-01    0.9093009475E+01   -0.3114270759E+02    0.3244304328E+02
  8     17    0.60551E-01   -0.9544172507E+01    0.1108688844E+03    0.1112789322E+03
  8     18    0.64113E-01    0.3306515705E+02   -0.1560795527E+03    0.1595435094E+03
  8     19    0.67675E-01   -0.4789277370E+02    0.2560738034E+02    0.5430889155E+02
  8     20    0.71237E-01   -0.1265604663E+02    0.2856640902E+02    0.3124444335E+02
  8     21    0.74798E-01    0.6449103516E+00    0.2174127542E+02    0.2175083829E+02
  8     22    0.78360E-01    0.3977302133E+02   -0.4608249339E+02    0.6087273136E+02
  8     23    0.81922E-01    0.3493456794E+02   -0.2477188509E+01    0.3502228576E+02
  8     24    0.85484E-01   -0.1671580033E+03   -0.5781429439E+02    0.1768736574E+03
  8     25    0.89046E-01    0.5646313493E+02    0.6649656797E+02    0.8723462133E+02
  8     26    0.92608E-01   -0.7596978029E+02    0.1482665495E+02    0.7740308272E+02
  8     27    0.96169E-01   -0.3141196751E+02    0.1006172561E+03    0.1054065650E+03
  8     28    0.99731E-01    0.1772648442E+02   -0.8334887271E+02    0.8521304379E+02
  8     29    0.10329E+00    0.7808770820E+02   -0.3264169262E+02    0.8463551423E+02
  8     30    0.10685E+00   -0.8106038473E+02    0.1240677675E+03    0.1482012042E+03
  8     31    0.11042E+00   -0.3052266524E+02   -0.1758579914E+02    0.3522631722E+02
  8     32    0.11398E+00   -0.8892083582E+02   -0.4584609117E+02    0.1000438860E+03
  8     33    0.11754E+00   -0.7266856954E+02    0.2388228899E+02    0.7649238345E+02
  8     34    0.12110E+00   -0.7489455753E+02    0.2295139379E+02    0.7833237661E+02
  8     35    0.12466E+00   -0.1658645898E+03   -0.5788094224E+02    0.1756737477E+03
  8     36    0.12823E+00    0.7864077363E+02   -0.2460901788E+02    0.8240130484E+02
  8     37    0.13179E+00    0.1175017459E+03    0.2493497431E+02    0.1201183302E+03
  8     38    0.13535E+00   -0.1288968810E+02    0.4989623913E+02    0.5153424821E+02
  8     39    0.13891E+00    0.1492412800E+02    0.2190466470E+02    0.2650554531E+02
  8     40    0.14247E+00   -0.2074106735E+02    0.2928537947E+02    0.3588628325E+02
  8     41    0.14603E+00   -0.9847415499E+01   -0.5213870803E+01    0.1114253296E+02
  8     42    0.14960E+00    0.6546271188E+02    0.1201810732E+03    0.1368534142E+03
  8     43    0.15316E+00    0.1657699944E+02   -0.5906544670E+01    0.1759784590E+02
  8     44    0.15672E+00   -0.7967419996E+01   -0.9789328938E+00    0.8027333991E+01
  8     45    0.16028E+00   -0.3529339326E+02   -0.2269544433E+02    0.4196077693E+02
  8     46    0.16384E+00    0.1506462706E+01    0.1704865953E+02    0.1711508754E+02
  8     47    0.16741E+00   -0.8894682989E+02    0.3816552437E+02    0.9678918224E+02
  8     48    0.17097E+00    0.2534965556E+02   -0.3368062878E+02    0.4215435674E+02
  8     49    0.17453E+00   -0.5270061386E+02    0.2196534480E+02    0.5709493037E+02
  8     50    0.17809E+00    0.4286241511E+01    0.7877847178E+02    0.7889499023E+02
  8     51    0.18165E+00    0.8343786965E+02    0.1254617556E+03    0.1506735883E+03
  8     52    0.18522E+00   -0.8856628123E+01    0.2951358212E+02    0.3081381819E+02
  8     53    0.18878E+00   -0.4125294605E+02    0.2138676241E+02    0.4646718373E+02
  8     54    0.19234E+00    0.9250917018E+02    0.2389337514E+03    0.2562172596E+03
  8     55    0.19590E+00    0.3622767276E+02   -0.3409929856E+02    0.4975144657E+02
  8     56    0.19946E+00   -0.1795283283E+02   -0.3829805105E+02    0.4229710298E+02
  8     57    0.20302E+00   -0.4259713466E+02   -0.2130587278E+02    0.4762831192E+02
  8     58    0.20659E+00   -0.3203827772E+01    0.1443667253E+03    0.1444022710E+03
  8     59    0.21015E+00    0.6099492555E+02    0.1259842111E+03    0.1399728630E+03
  8     60    0.21371E+00    0.4353151941E+02    0.3280201607E+02    0.5450656328E+02
  8     61    0.21727E+00   -0.2960864621E+02   -0.8581408049E+02    0.9077845747E+02
  8     62    0.22083E+00    0.1535550760E+03   -0.1150187154E+02    0.1539852409E+03
  8     63    0.22440E+00   -0.6992144168E+02    0.2811188839E+02    0.7536103951E+02
  8     64    0.22796E+00    0.6599234223E+02    0.8353720851E+02    0.1064586983E+03
  8     65    0.23152E+00   -0.5520435884E+02   -0.5954509533E+02    0.8119815031E+02
  8     66    0.23508E+00   -0.5121517970E+01    0.6368545874E+02    0.6389106042E+02
  8     67    0.23864E+00    0.4097854061E+02   -0.3443194077E+02    0.5352382027E+02
  8     68    0.24220E+00    0.5428632578E+01   -0.4226959757E+02    0.4261676819E+02
  8     69    0.24577E+00   -0.3296499170E+02   -0.1250062442E+03    0.1292797423E+03
  8     70    0.24933E+00   -0.3465748121E+02   -0.9607443172E+02    0.1021344087E+03
  8     71    0.25289E+00    0.7078327743E+02   -0.1253634224E+03    0.1439661767E+03
  8     72    0.25645E+00   -0.6449560338E+02   -0.2170278437E+02    0.6804920062E+02
  8     73    0.26001E+00    0.7582495506E+02    0.2479156481E+02    0.7977496785E+02
  8     74    0.26358E+00   -0.2028935548E+02    0.4742783873E+02    0.5158544205E+02
  8     75    0.26714E+00   -0.8263751387E-01   -0.2971056102E+02    0.2971067594E+02
  8     76    0.27070E+00   -0.1643555465E+03   -0.3437666077E+02    0.1679121809E+03
  8     77    0.27426E+00    0.1386657714E+02   -0.4670987362E+02    0.4872467809E+02
  8     78    0.27782E+00   -0.5348059899E+02    0.8277717521E+02    0.9855067328E+02
  8     79    0.28138E+00    0.3845762869E+02   -0.1363776755E+02    0.4080414082E+02
  8     80    0.28495E+00   -0.1211429135E+02    0.3451832678E+02    0.3658238563E+02
  8     81    0.28851E+00   -0.3532897061E+02    0.5025884852E+02    0.6143360659E+02
  8     82    0.29207E+00    0.2135546218E+02    0.4277527987E+02    0.4780983511E+02
  8     83    0.29563E+00   -0.2236866244E+02    0.7401098147E+02    0.7731741355E+02
  8     84    0.29919E+00    0.5766703620E+02   -0.7373711262E+02    0.9360902115E+02
  8     85    0.30276E+00    0.2818972313E+02    0.5199527742E+02    0.5914532411E+02
  8     86    0.30632E+00    0.3216055890E+02    0.7129095018E+02    0.7820934168E+02
  8     87    0.30988E+00   -0.1545956770E+02   -0.7157234034E+02    0.7322293449E+02
  8     88    0.31344E+00    0.3852118718E+01    0.5741015788E+02    0.5753924787E+02
  8     89    0.31700E+00   -0.9191937792E+02   -0.3384412991E+02    0.9795201461E+02
  8     90    0.32056E+00   -0.4187755881E+02    0.5249710650E+02    0.6715412216E+02
  8     91    0.32413E+00    0.4571648440E+02   -0.4211615715E+02    0.6215921202E+02
  8     92    0.32769E+00   -0.5462333315E+02    0.3721920779E+02    0.6609824471E+02
  8     93    0.33125E+00   -0.1756850669E+02    0.5264263448E+01    0.1834025346E+02
  8     94    0.33481E+00   -0.3663242412E+02   -0.5281038617E+02    0.6427185530E+02
  8     95    0.33837E+00   -0.8763490162E+02   -0.1173989988E+03    0.1465005151E+03
  8     96    0.34194E+00   -0.1140891055E+03   -0.5837856015E+01    0.1142383673E+03
  8     97    0.34550E+00    0.1334802819E+03   -0.7531089451E+02    0.1532602900E+03
  8     98    0.34906E+00    0.3884100664E+02   -0.2109635875E+02    0.4420045418E+02
  8     99    0.35262E+00    0.1393670495E+02    0.9786967773E+02    0.9885699552E+02
  8    100    0.35618E+00    0.6520935429E+02   -0.4001234673E+02    0.7650652115E+02


% itn    run  time           vxave               vyave               vaverun
  9      1    0.35618E-02   -0.3545525216E+02   -0.3466218419E+02    0.4958368601E+02
  9      2    0.71237E-02   -0.1821330838E+02    0.3050096655E+02    0.3552511172E+02
  9      3    0.10685E-01    0.1171439402E+02   -0.1073346345E+03    0.1079719908E+03
  9      4    0.14247E-01   -0.9109277565E+02   -0.4655695500E+02    0.1023007519E+03
  9      5    0.17809E-01   -0.3274006212E+02   -0.7696337028E+02    0.8363774287E+02
  9      6    0.21371E-01    0.1226259816E+03    0.1004669925E+03    0.1585268051E+03
  9      7    0.24933E-01   -0.9861192480E+01    0.8409948013E+02    0.8467564983E+02
  9      8    0.28495E-01   -0.7787155679E+02    0.3816799312E+02    0.8672240227E+02
  9      9    0.32056E-01    0.6134673806E+02    0.4713309458E+02    0.7736246425E+02
  9     10    0.35618E-01    0.1886241205E+03    0.5563309786E+02    0.1966573172E+03
  9     11    0.39180E-01   -0.6153253334E+02    0.2304688643E+02    0.6570701358E+02
  9     12    0.42742E-01   -0.7388148251E+02    0.4702271359E+02    0.8757630416E+02
  9     13    0.46304E-01    0.6310753746E+02   -0.1991814975E+02    0.6617623421E+02
  9     14    0.49866E-01   -0.6287059483E+02   -0.4850362207E+02    0.7940600134E+02
  9     15    0.53427E-01   -0.4615356265E+02    0.9678391592E+02    0.1072253595E+03
  9     16    0.56989E-01    0.2403486669E+01    0.9500059770E+02    0.9503099659E+02
  9     17    0.60551E-01    0.6419321965E+02   -0.8384958716E+02    0.1056007704E+03
  9     18    0.64113E-01   -0.1380919292E+02   -0.9402478174E+01    0.1670629836E+02
  9     19    0.67675E-01   -0.2244698432E+02   -0.1016964724E+03    0.1041443211E+03
  9     20    0.71237E-01    0.7287570893E+01   -0.2778000234E+01    0.7799100898E+01
  9     21    0.74798E-01    0.1083969740E+02    0.1526133997E+02    0.1871917566E+02
  9     22    0.78360E-01    0.3039072940E+02   -0.7655433433E+02    0.8236602782E+02
  9     23    0.81922E-01    0.3671237124E+02    0.1089562911E+02    0.3829507717E+02
  9     24    0.85484E-01    0.7506907209E+02    0.1081203443E+03    0.1316258881E+03
  9     25    0.89046E-01   -0.7886806565E+02   -0.3895177282E+02    0.8796256240E+02
  9     26    0.92608E-01    0.1407114088E+03    0.3595891163E+02    0.1452334117E+03
  9     27    0.96169E-01   -0.3682490076E+02    0.9643975999E+02    0.1032312967E+03
  9     28    0.99731E-01    0.3400668315E+02    0.5542262367E+00    0.3401119912E+02
  9     29    0.10329E+00   -0.4635165282E+02   -0.1167752837E+03    0.1256381415E+03
  9     30    0.10685E+00    0.6607677393E+02    0.7368155021E+02    0.9897025258E+02
  9     31    0.11042E+00   -0.2259346853E+02   -0.1219914300E+03    0.1240660059E+03
  9     32    0.11398E+00    0.1079767243E+03    0.1073053382E+03    0.1522281465E+03
  9     33    0.11754E+00    0.1909584941E+02    0.1848214508E+03    0.1858053286E+03
  9     34    0.12110E+00   -0.7509004474E+02    0.2725193686E+02    0.7988230644E+02
  9     35    0.12466E+00    0.7648843198E+02    0.1065293914E+03    0.1311449254E+03
  9     36    0.12823E+00   -0.1554020284E+02    0.2860542671E+02    0.3255408333E+02
  9     37    0.13179E+00   -0.6029910561E+00    0.2201791368E+02    0.2202616900E+02
  9     38    0.13535E+00   -0.4530974058E+02    0.1652334763E+02    0.4822855594E+02
  9     39    0.13891E+00   -0.1100702753E+03    0.9594738681E+02    0.1460183774E+03
  9     40    0.14247E+00   -0.4372121320E+02   -0.1455871274E+03    0.1520103817E+03
  9     41    0.14603E+00    0.9419289325E+02   -0.1445875046E+02    0.9529615209E+02
  9     42    0.14960E+00    0.3770297472E+01   -0.1406295223E+03    0.1406800543E+03
  9     43    0.15316E+00    0.1444457867E+03    0.5316235805E+02    0.1539182303E+03
  9     44    0.15672E+00   -0.4489026518E+02    0.3352542481E+02    0.5602758264E+02
  9     45    0.16028E+00    0.2464779942E+02   -0.1158785811E+03    0.1184709229E+03
  9     46    0.16384E+00   -0.1887313368E+02    0.7737584472E+02    0.7964431255E+02
  9     47    0.16741E+00   -0.3191134431E+00   -0.3536978703E+02    0.3537122655E+02
  9     48    0.17097E+00    0.3311115860E+02   -0.6276057180E+02    0.7095941232E+02
  9     49    0.17453E+00   -0.5979198097E+02   -0.2477605026E+02    0.6472197197E+02
  9     50    0.17809E+00   -0.1271726498E+03    0.2561031316E+02    0.1297257530E+03
  9     51    0.18165E+00   -0.1015783299E+03    0.7101411225E+02    0.1239401519E+03
  9     52    0.18522E+00   -0.5913126767E+01    0.3304558103E+02    0.3357045567E+02
  9     53    0.18878E+00   -0.2820992892E+02    0.3046586428E+02    0.4152070539E+02
  9     54    0.19234E+00    0.2332803520E+02    0.1718802709E+02    0.2897629206E+02
  9     55    0.19590E+00    0.3989103249E+02    0.4130774535E+02    0.5742494492E+02
  9     56    0.19946E+00    0.1575204063E+02   -0.1431207763E+02    0.2128291216E+02
  9     57    0.20302E+00   -0.1516826352E+03   -0.3335910000E+02    0.1553076025E+03
  9     58    0.20659E+00    0.9241673246E+02   -0.7106957263E+02    0.1165836034E+03
  9     59    0.21015E+00   -0.1235564490E+03   -0.9639355031E+02    0.1567096444E+03
  9     60    0.21371E+00    0.3756930448E+02    0.2932915492E+02    0.4766185023E+02
  9     61    0.21727E+00   -0.1496609224E+02    0.3122327382E+02    0.3462479956E+02
  9     62    0.22083E+00    0.1019946525E+02    0.2437896273E+02    0.2642655701E+02
  9     63    0.22440E+00   -0.1229512259E+03   -0.1191078575E+02    0.1235268018E+03
  9     64    0.22796E+00   -0.2286905280E+02    0.6418023607E+02    0.6813293094E+02
  9     65    0.23152E+00    0.4846474331E+02   -0.3447011599E+02    0.5947285297E+02
  9     66    0.23508E+00    0.8002198907E+02   -0.3566437298E+02    0.8760973824E+02
  9     67    0.23864E+00    0.9276398609E+02    0.1815820265E+02    0.9452448064E+02
  9     68    0.24220E+00    0.7496920472E+02   -0.1907317901E+02    0.7735740310E+02
  9     69    0.24577E+00    0.7052147218E+01   -0.1698364430E+03    0.1699827937E+03
  9     70    0.24933E+00   -0.3924941270E+02   -0.2634916114E+02    0.4727361516E+02
  9     71    0.25289E+00   -0.1573288370E+03    0.6194347764E+02    0.1690838768E+03
  9     72    0.25645E+00    0.7511546015E+02   -0.1153105895E+03    0.1376185467E+03
  9     73    0.26001E+00   -0.3463125947E+02   -0.7780356384E+02    0.8516289497E+02
  9     74    0.26358E+00    0.1083836027E+02   -0.1163271338E+03    0.1168309553E+03
  9     75    0.26714E+00   -0.3177808326E+02   -0.4719189593E+02    0.5689395062E+02
  9     76    0.27070E+00   -0.7407975352E+02   -0.6741541241E+01    0.7438587406E+02
  9     77    0.27426E+00    0.9660756503E+02    0.3479270028E+02    0.1026818076E+03
  9     78    0.27782E+00   -0.5125379870E+02    0.1000290946E+02    0.5222078206E+02
  9     79    0.28138E+00    0.1192485128E+03    0.7380601789E+02    0.1402409928E+03
  9     80    0.28495E+00    0.1456470001E+02   -0.3339221158E+02    0.3643034835E+02
  9     81    0.28851E+00    0.1628432020E+02   -0.1678838998E+01    0.1637063178E+02
  9     82    0.29207E+00    0.1938328221E+03    0.5642750906E+02    0.2018792379E+03
  9     83    0.29563E+00   -0.1046751805E+03    0.5557694430E+02    0.1185145145E+03
  9     84    0.29919E+00    0.1079473968E+03   -0.1034088361E+03    0.1494858784E+03
  9     85    0.30276E+00   -0.5729699541E+02   -0.2486728728E+02    0.6246060886E+02
  9     86    0.30632E+00   -0.1700313454E+03    0.6822094515E+01    0.1701681504E+03
  9     87    0.30988E+00    0.7708225544E+02    0.3136524342E+02    0.8321930424E+02
  9     88    0.31344E+00    0.7004292111E+02    0.6410035358E+02    0.9494664884E+02
  9     89    0.31700E+00    0.7460889976E+02    0.1248833935E+02    0.7564685415E+02
  9     90    0.32056E+00    0.4903568530E+02    0.6333218185E+02    0.8009658976E+02
  9     91    0.32413E+00    0.2979329769E+02   -0.4233416323E+02    0.5176699686E+02
  9     92    0.32769E+00   -0.2139679641E+01   -0.2635144035E+02    0.2643816630E+02
  9     93    0.33125E+00   -0.1549244614E+03   -0.1398684248E+02    0.1555545579E+03
  9     94    0.33481E+00    0.3907334194E+02    0.4328921348E+02    0.5831536722E+02
  9     95    0.33837E+00   -0.4632940491E+02    0.3191104165E+02    0.5625591825E+02
  9     96    0.34194E+00    0.6773805156E+02   -0.3582336351E+02    0.7662739068E+02
  9     97    0.34550E+00    0.5441267033E+02   -0.3172800586E+02    0.6298734038E+02
  9     98    0.34906E+00   -0.1219828796E+03   -0.1045957838E+02    0.1224304934E+03
  9     99    0.35262E+00   -0.7583374319E+02   -0.2841832966E+02    0.8098369013E+02
  9    100    0.35618E+00   -0.1294131747E+02   -0.3328405129E+02    0.3571142350E+02


% itn    run  time           vxave               vyave               vaverun
 10      1    0.35618E-02   -0.2286156793E+02    0.3062088664E+02    0.3821374081E+02
 10      2    0.71237E-02   -0.9427494107E+02    0.1752944858E+02    0.9589080290E+02
 10      3    0.10685E-01    0.1268220381E+02    0.1772740515E+03    0.1777271157E+03
 10      4    0.14247E-01    0.1830697168E+02   -0.2767032503E+02    0.3317818710E+02
 10      5    0.17809E-01    0.6925490964E+01    0.7625435880E+02    0.7656820268E+02
 10      6    0.21371E-01   -0.4581884949E+02    0.5156712667E+02    0.6898213915E+02
 10      7    0.24933E-01    0.4011173552E+02    0.3267126587E+02    0.5173357653E+02
 10      8    0.28495E-01    0.1360199544E+03    0.8039456523E+02    0.1580022598E+03
 10      9    0.32056E-01   -0.1835074539E+02    0.8854578181E+02    0.9042734837E+02
 10     10    0.35618E-01    0.1118178135E+03    0.1215987300E+03    0.1651952619E+03
 10     11    0.39180E-01   -0.3111177099E+02   -0.8732112053E+02    0.9269800637E+02
 10     12    0.42742E-01    0.4523466905E+00    0.7198990511E+02    0.7199132625E+02
 10     13    0.46304E-01   -0.7553196639E+02    0.2049379100E+01    0.7555976377E+02
 10     14    0.49866E-01    0.1720298914E+03    0.2514911404E+02    0.1738584524E+03
 10     15    0.53427E-01   -0.2063214092E+02   -0.3582742359E+02    0.4134355476E+02
 10     16    0.56989E-01    0.3483909804E+02    0.2314452043E+02    0.4182620683E+02
 10     17    0.60551E-01   -0.1489782300E+03   -0.5630838194E+02    0.1592643930E+03
 10     18    0.64113E-01   -0.6083574509E+02   -0.8738713809E+02    0.1064776962E+03
 10     19    0.67675E-01    0.7193545959E+01    0.4569068445E+02    0.4625349445E+02
 10     20    0.71237E-01   -0.1250284862E+02   -0.8726943869E+02    0.8816051357E+02
 10     21    0.74798E-01    0.4771069788E+02    0.2798666812E+01    0.4779271103E+02
 10     22    0.78360E-01    0.2492692240E+02   -0.2047932875E+03    0.2063047311E+03
 10     23    0.81922E-01    0.9050895692E+02    0.5158183976E+02    0.1041756088E+03
 10     24    0.85484E-01    0.4386119007E+02    0.5964328023E+02    0.7403461941E+02
 10     25    0.89046E-01   -0.3281969946E+02   -0.7227266228E+02    0.7937550242E+02
 10     26    0.92608E-01   -0.6168148255E-02    0.1286442372E+03    0.1286442374E+03
 10     27    0.96169E-01   -0.1115232450E+03    0.9473455107E+02    0.1463286347E+03
 10     28    0.99731E-01    0.1023321917E+03   -0.4520917568E+02    0.1118737995E+03
 10     29    0.10329E+00    0.1022819561E+02   -0.5485156954E+01    0.1160615923E+02
 10     30    0.10685E+00   -0.8806341443E+02    0.4869820472E+01    0.8819795980E+02
 10     31    0.11042E+00   -0.4012231725E+02   -0.8631266717E+02    0.9518233478E+02
 10     32    0.11398E+00    0.2341660295E+01    0.9211129145E+01    0.9504118742E+01
 10     33    0.11754E+00   -0.2021996340E+03   -0.1499186169E+01    0.2022051917E+03
 10     34    0.12110E+00    0.8713646026E+02    0.1732966959E+03    0.1939703779E+03
 10     35    0.12466E+00   -0.1060017841E+03   -0.2692429466E+02    0.1093677095E+03
 10     36    0.12823E+00   -0.3638225232E+02   -0.5776304421E+02    0.6826593265E+02
 10     37    0.13179E+00    0.1141562084E+02   -0.9223733099E+01    0.1467629557E+02
 10     38    0.13535E+00   -0.6634830512E+02   -0.5166030034E+02    0.8408854990E+02
 10     39    0.13891E+00   -0.1378508887E+03   -0.7977972238E+02    0.1592723191E+03
 10     40    0.14247E+00   -0.4555412786E+01   -0.2606456434E+02    0.2645965419E+02
 10     41    0.14603E+00    0.9263196568E+01   -0.2168512812E+03    0.2170490381E+03
 10     42    0.14960E+00    0.6272644898E+02    0.1057019414E+03    0.1229126023E+03
 10     43    0.15316E+00   -0.1350806026E+03    0.2574216821E+02    0.1375115575E+03
 10     44    0.15672E+00    0.4996165688E+02   -0.8778189567E+02    0.1010041007E+03
 10     45    0.16028E+00    0.1235872255E+02   -0.2309111567E+02    0.2619041134E+02
 10     46    0.16384E+00   -0.4464034301E+02    0.3469301680E+02    0.5653640985E+02
 10     47    0.16741E+00   -0.1356763566E+03    0.2243217360E+02    0.1375182757E+03
 10     48    0.17097E+00   -0.1221498911E+03   -0.1370789752E+02    0.1229166480E+03
 10     49    0.17453E+00   -0.5124761659E+01    0.2258692257E+03    0.2259273562E+03
 10     50    0.17809E+00   -0.2433886035E+02    0.6871201810E+02    0.7289527800E+02
 10     51    0.18165E+00   -0.6193364915E+02    0.8550641393E+02    0.1055799399E+03
 10     52    0.18522E+00    0.6229122202E+02    0.1320185645E+03    0.1459763602E+03
 10     53    0.18878E+00   -0.8906874519E+02   -0.8517190772E+02    0.1232375561E+03
 10     54    0.19234E+00    0.2998830712E+02   -0.2365117879E+02    0.3819262785E+02
 10     55    0.19590E+00    0.6721935559E+02    0.1493277156E+03    0.1637596055E+03
 10     56    0.19946E+00   -0.2948981223E+02   -0.5909911997E+02    0.6604812644E+02
 10     57    0.20302E+00   -0.1496900667E+03   -0.1313318364E+03    0.1991360523E+03
 10     58    0.20659E+00   -0.8576923492E+01    0.1179572516E+03    0.1182686638E+03
 10     59    0.21015E+00    0.1635639186E+02    0.4753228403E+02    0.5026777874E+02
 10     60    0.21371E+00   -0.1790790708E+02   -0.2349808758E+02    0.2954409003E+02
 10     61    0.21727E+00    0.1644323564E+02   -0.2593521742E+02    0.3070855745E+02
 10     62    0.22083E+00   -0.9667921826E+02    0.3530983704E+02    0.1029254868E+03
 10     63    0.22440E+00    0.3504870428E+02   -0.4860467186E+02    0.5992349955E+02
 10     64    0.22796E+00    0.3236069113E+02    0.5667265369E+02    0.6526104510E+02
 10     65    0.23152E+00   -0.4571938792E+02    0.7511848338E+02    0.8793775626E+02
 10     66    0.23508E+00    0.1626053613E+02    0.3462800825E+02    0.3825577068E+02
 10     67    0.23864E+00    0.2088786169E+01    0.2441582986E+02    0.2450501531E+02
 10     68    0.24220E+00    0.6275781128E+02   -0.3722209987E+02    0.7296593448E+02
 10     69    0.24577E+00   -0.9346815957E+02   -0.3159470842E+02    0.9866368355E+02
 10     70    0.24933E+00    0.2471108872E+01   -0.8879863856E+01    0.9217285998E+01
 10     71    0.25289E+00    0.1068663098E+03   -0.1230732995E+03    0.1629952307E+03
 10     72    0.25645E+00   -0.3444570786E+02   -0.8657353635E+02    0.9317448141E+02
 10     73    0.26001E+00   -0.1126706509E+03   -0.1537728254E+02    0.1137151546E+03
 10     74    0.26358E+00   -0.1183995099E+03   -0.1621565840E+03    0.2007814774E+03
 10     75    0.26714E+00   -0.2555248533E+01    0.5802972967E+02    0.5808596061E+02
 10     76    0.27070E+00   -0.4903024564E+02   -0.1505010543E+02    0.5128811423E+02
 10     77    0.27426E+00    0.1029410896E+03    0.2889058384E+02    0.1069183509E+03
 10     78    0.27782E+00    0.5035508525E+02    0.1281122902E+02    0.5195923594E+02
 10     79    0.28138E+00   -0.7889855599E+02    0.4060756758E+02    0.8873531812E+02
 10     80    0.28495E+00    0.2208449821E+03    0.6022379868E+02    0.2289091786E+03
 10     81    0.28851E+00    0.8087098086E+01   -0.1805382412E+02    0.1978235883E+02
 10     82    0.29207E+00    0.1278975476E+02   -0.4663799525E+02    0.4835990516E+02
 10     83    0.29563E+00    0.6748208226E+02   -0.2528361674E+02    0.7206311610E+02
 10     84    0.29919E+00    0.1252073127E+03    0.7035374474E+02    0.1436193599E+03
 10     85    0.30276E+00    0.1845138813E+03   -0.1195743800E+02    0.1849009268E+03
 10     86    0.30632E+00    0.1566085290E+01    0.6835460131E+02    0.6837253939E+02
 10     87    0.30988E+00   -0.4753537169E+02    0.4073594406E+01    0.4770959791E+02
 10     88    0.31344E+00   -0.7006650284E+02    0.3348635198E+02    0.7765726360E+02
 10     89    0.31700E+00    0.1278363415E+03    0.9754312744E+02    0.1608004724E+03
 10     90    0.32056E+00   -0.1279357025E+03   -0.1042057638E+03    0.1650041974E+03
 10     91    0.32413E+00    0.4053170440E+02   -0.1315637110E+03    0.1376656425E+03
 10     92    0.32769E+00    0.1805328323E+03   -0.1344496844E+02    0.1810327891E+03
 10     93    0.33125E+00   -0.1316077048E+02    0.5648503458E+02    0.5799797419E+02
 10     94    0.33481E+00    0.5595721360E+02   -0.3355317393E+02    0.6524588290E+02
 10     95    0.33837E+00   -0.2812110908E+02   -0.7774270060E+02    0.8267239124E+02
 10     96    0.34194E+00   -0.1474902216E+02    0.1022063585E+03    0.1032650637E+03
 10     97    0.34550E+00    0.4997101319E+02   -0.8955802662E+02    0.1025560446E+03
 10     98    0.34906E+00    0.8540378263E+01    0.9039235243E+02    0.9079490866E+02
 10     99    0.35262E+00    0.4447978998E+00    0.1029547273E+03    0.1029556881E+03
 10    100    0.35618E+00    0.1349023398E+02   -0.9216181483E+02    0.9314390225E+02


