  -8.5931259697257758       -5.0967291139912714     
  0.14179304839402981       -3.4287677763980580     
  -9.1188321781225614        1.7506523802310594     
   5.1385565525676089        11.295847974761205     
  -1.0754581201859432        7.0075007472307096     
   8.6069891762016635       0.72403151068906257     
   3.3049276442613724        2.4824358671186433     
  -7.4193869325135280        7.5209101399523508     
  -6.5826663816474920       -5.7540192885021266     
   4.9207165436703617        3.4014172672081835     
  -2.8682903206121364        3.9148233104966152     
  -5.0707906377384111        8.9378073542802614     
   6.8175207558050408        1.3694871042243966     
  -7.5285247090390612        2.5231610516875835     
  -7.3953308690752118E-002   1.3908658519375221     
   7.6481287025569378        9.7638470792996337     
   4.9016474202208133        8.3574370900109685     
  -7.7735369625910486       0.81530014905441806     
   3.7869811967567704        1.6098167935564260     
  -2.1870734951938813       -9.7918610234821610     
  -5.0304553004649053       -9.4117495379211444     
   7.5420761741787663        7.1201998790465906     
  -7.2161110608010413       -6.6328307947049199     
  -3.7448089959424826        11.327838505770064     
   6.0002436995692836       -2.1428412530039593     
   12.089255828075624       -1.0266807834378047     
  -5.8323627688421498        6.0393371150929429     
   8.0882292617360498       -2.5501075355583924     
   1.0616427344838566        12.364424287292016     
   6.1113479936145785        5.6472866807876745     
   9.7486696773130959        3.6572089302758912     
   6.3687701675776580       -7.6822741081357062     
  0.28409251028108889        10.520202415777918     
 -0.98483786557739916       -7.4133948828905805     
   5.4129240333266111       -7.3508924708336503     
  -2.6773039763330506       -4.0409431163923645E-003
 -0.20051036778295289        8.6619725900638205     
 -0.89489430696100258        6.0327667989750111     
  -3.8640249550711538       -7.5482194986808953     
   9.2600656013334746       -7.8898119509397695     
   1.0072097300489855        6.1945380528369505     
  -1.8818071881883986       -7.8506356751253836     
  -4.1256591901647619       -2.0436586702778228     
  -2.3483043884328474       -6.1747367750608344     
  -4.1290169399422449       0.40572241527380265     
   2.4717367291797046        4.1007615457184139     
  -3.0299220848502602        10.640012302148333     
   5.7972600172159572        1.6091317361835276     
   7.3429276603277751        3.0832398463225603     
   4.9620834710787385        10.319419921052649     
   3.4199135205604727      -0.85986691471990362     
   3.5229797656655566       0.40356235471550861     
   5.9268048122167780       -4.6085950785205414     
   7.5020152794298172       -6.9989900108667964     
   9.1046838125442253       -5.2253779002462020     
  -3.7998386227316341       -10.954878913893726     
  -7.0263100380384085        4.2146939260931200     
  -9.7160200397267324       -6.7126364065085695E-002
   1.8397275518255831       -5.6718156493937020     
   6.2056819835960528        3.2834411398657046     
  -4.7178445655455459        4.1634778512831510     
  -6.4467407215148658        2.3151513317540129     
  -3.7308782337641624        2.3643566692431270     
   9.6888575322117685        7.7523215014222382     
   10.544420716217141       -4.3696271020896162     
   2.8834201641660244       -6.6123153741528080     
   4.0729501085320070        7.8267109967775079     
   7.5010538528191697       -3.8993067273934989     
   1.6193588872887996        9.3515980121566855     
  -11.192836085866535       -1.2121740626966930     
   4.9999205831762721       -2.1200080266735020     
  -7.6768996584662714        9.7504619881339405     
  -3.7606364546470399        6.3681958787128981     
  -3.4415356425396686        1.1260266690283807     
  -5.2559112966431094       -6.9540515067606048     
  -2.7781170180413217        6.1446778623140892     
  -1.8825084363754880        2.1919267499799520     
  -3.5092321820815555      -0.83239845503020327     
  -6.3911029444649774       -9.0697871520218865     
   9.5281282239724069E-002  -4.6140940609427323     
  0.76861497145173407        3.0767940772576532     
  -4.2388621682498515        5.4143183173419969     
  -2.8805225412810991        7.0858158559545643     
 -0.75159834940431591        4.1535352638117242     
  -3.8378519765194650       -5.7783718020283770     
  -2.6076790393354057       -4.9374126336076571     
   12.133348124731715        2.6051142001932535     
  -8.4803327266227306       -1.5501836418276627     
   2.5013938739583637       -9.3091773068930426     
  -6.8146983072715450        5.9063162061391159     
   11.449076419993256       -4.7879573501285009     
  -7.0050808955732391       0.20763579962474454     
   6.8348317223230648        4.0591745662543195     
   2.8229479276476779        9.4100083669709846     
  -1.9780892958339356        7.4199112876265838     
   2.1977220141107319       -8.3571730746367940     
   9.6033983437747761        4.9085063728069400     
   9.9140401757428300       0.47275380837060904     
   6.7178247127676141        7.6818958429749946     
  -4.6821976656508024       -10.463751239897842     
  -6.8080891946419184        9.3536513821622886     
  -6.8058587024641524       -4.7830035251691445     
  -6.7582670379851031       -10.407029053076519     
   5.4339885893728672       -9.3437909267058181     
   1.2769324987554862       -10.695771770338057     
 -0.49641819316410807       -10.598779137750464     
   2.1857077405139327        7.6269959785585879     
   9.0433944509279112       -1.8033682663658770     
  -10.031119864648531        3.9538925152450046     
  -1.7283768418646703        1.1495518226583454     
   8.5237232687287854       -7.1455699689185623     
   2.7949733715799194       -2.2737970784023527     
  -10.020184953863854        1.3551755369798335     
   7.3754330228653338       -7.9945583000548002     
 -0.68944777623880771       -3.9868243844565652     
  -9.6370323569858165       -3.8470161858653689     
   10.377913867384192        1.7577712608772480     
  -1.0997704130478563        10.062910338747912     
   11.474368376986570        9.7079379450719094E-002
  -9.2803647322385263        3.3159418850505191     
  -10.605025915009307      -0.43125936293687550     
  -8.1257695794751612        1.7273823115488056     
  -4.1090666841568950       -3.8341816258238137     
  -6.2003118502197774        5.1228315727878471     
  -4.2068604055746492        9.4101770333503598     
  -7.9503511228911838        4.5860804505883488     
   7.6176947929600507       0.53689006238207326     
   4.7975845220745255        9.3417389475742318     
  -5.8479287606493084       -5.0782974821363895     
  -7.9262308542816848      -0.72721369556160553     
  0.92167510021764243       0.85749046539043827     
  -10.815398704897738        4.5589941211012093     
   2.4296378910405352        2.0285783192296307     
  -12.407936641709620      -0.22322740563932930     
   5.7801735161410894       -3.1168902682345823     
   5.6168357784165801        7.2705845418031982     
  -7.2608266924256828        8.4898602363646773     
  -2.9713897340021957       -10.404238896556521     
   3.4304252511987534        4.3217356854715945     
   6.5088965478019585       -3.7986255579470787     
   2.2611789104114615        8.5990289914864366     
  -8.0601516715027035        3.4215499048353011     
   7.3894719135124687        8.4421890622944034     
  -4.3061355386575979       -6.6527297126238674     
  -5.5150063407773997        6.9543318643083039     
   1.6839585179938559       0.21022840914815008     
  -9.2591625206046615      -0.93599216629756288     
  -3.7887545895513015        4.4782350461024434     
   9.0968426402692177       -4.2248444621043415     
  -5.4745948059646370       -3.3074233511181239     
  -9.8025874103880231        2.4690838531028927     
   3.2541029428295074        8.4888248644971060     
  -1.1980261020803304       -9.8902456285444558     
   1.0654290994666955       -2.4975449069114646     
  -6.5054997774351744       -1.6768019266293976     
   1.1813361824361130       -4.3646502453081624     
 -0.10739191716835619       -5.9183920508984045     
  -5.9961404727361947        9.9034111911670184     
  -4.7963625346278516       -5.1731256978851716     
  -9.1753470546720308        5.1773380664805853     
  -1.9484493593583849        3.1720528386632427     
  -1.9764939334953766        5.5605489720418788     
  0.87775403830947152        5.2148981681351563     
   3.0368793024345342        11.392484374851293     
   3.8099047455627741        9.3149872822012032     
   3.1474456675214380        7.5023529106770113     
   4.5401519846744991       -5.5338926075370924     
  -4.7185998389525734        1.2046497420249100     
  -7.4967208720539684       -1.6262266614972329     
   8.4142062457871134       -3.4944989324308908     
   1.9768440107885559       -7.0385837808833340     
  -4.6906152977084385        3.1746403302299369     
  -1.9581508629991868       -11.247587968781184     
  -4.5561099503335063        7.1548557171670435     
  -2.4634327245366312        4.7676608267539633     
   2.9860529429564242E-002  0.40605629012346611     
   3.6999851501335712        6.6932435070047021     
   9.4031901593664227        1.3365393771034411     
  -9.3947790537297848       -1.9238615882412704     
  -7.1397036140375842        1.5962201093087067     
  -8.6756633363569744       -8.4145856337446645     
  -4.6194652544498442       -11.518060771564098     
  -7.3836450809816663       -2.6123142997862319     
  -3.8582401608570951       -4.7917733550727517     
  -9.5173459434995209       -5.4754643264195986     
  -3.1046038611499154       -9.4071015771670989     
   10.024686877810598        2.6953968128328314     
  0.23640116832763772       -1.4419416369256126     
   1.7349656295440243        4.7471382964966242     
  -3.1672855362185599       -1.7722679866938762     
   11.617323244591152       -1.9096274511963249     
  -4.5140161757208821        8.1442941057705518     
   1.2553084093678020       -8.6911758047029224     
  -1.8649156720748890        6.4777972691310781     
   3.7137321010913076       -1.8167076293153612     
   9.8868479645386049       -3.6158273381401469     
   10.846343255196512       -3.3375077607868699     
   3.1528951447170397        10.347467752839597     
  -8.8781566030850705        4.2247542426575482     
  0.73384295801532506        8.9200892946741757     


