   14.368260310904478       0.61689113792402051     
   2.1109390428739747        6.1800853193596490     
   12.938492875219723       -5.0459498006620382     
   2.7952732706856809        11.063477954915832     
  -11.934733045790518       -4.4761496510327534     
  -8.6494621319258140        10.166052827730454     
  -2.2896702863073148        14.150932455879191     
  0.12129202518585028       -9.3522090184490594     
   10.686349009707126        6.4046226841176734     
   13.593366959357386       -5.9808951856162995     
  -7.9207735284972776        9.4767159140753137     
  -2.9707704380801596        13.628881572354672     
   6.4681550863576822       -2.0054229647521975     
   10.947873823193749       -6.6970290392895659     
 -0.22231332034700654      -0.64009904258382222     
  -5.3065035976558397       -4.3362659582599976     
  -11.693401950968546       -1.3899234689788571     
   7.8610209272461500      -0.23347802366095310     
   7.6761316613403086       -6.3163106493497967     
  -2.7964575976562900       -5.1492247943818326     
   6.9818828923801410        2.1094240182529393     
 -0.28463303245730204       -8.5765342375346130     
  -5.0327005149783481        2.6423326371031290     
  -6.9545677653043398        13.635478168624044     
   10.654166363694060        10.267218297459291     
   4.0170387062470239        5.2925034612866799     
   3.3955484961645461       -4.0811212120666713     
  0.65948920826938762       -6.8878523119331279     
   7.8457469102776090        7.8069401951343860     
   11.032975422556456        5.3160367442854604     
  -4.3807138025408570       -5.6741670041335830     
  -6.0257996297083762        2.2326240299438629     
  -1.7863147381348274        9.5245757124645749     
  -12.702633090546669       -3.1459720802141109     
   13.080869331687225       -1.5698283546985894     
  -4.2098430933357402        1.7031133194678101     
  -12.476147099598302        1.9136599572050694     
   5.1798581446466150        7.1615281241133824     
   4.8289506472657409E-002   9.8542121299724599     
  0.28224197784814725       -14.242632108540073     
  -7.6704251080522887       -10.297690231879965     
   1.4821285758761107       -4.3517228089101962     
  -7.2141098897004987        9.8504686013048275     
  0.93232153930384454       -9.2160111112998688     
  -3.9684729138427906        5.0140835654651621     
  -4.0547843790805445        14.552377556664782     
  -4.7755959073603416        13.185592782366259     
  -6.2298981634889774        9.8018682699961737     
  -9.0181156729736980        7.6112143028022530     
   8.3722347209709795        2.7353889546710382     
   9.7311053230789177        11.150879613865831     
   11.848811890266015        4.1807762680277412     
   5.0048445037714773        13.663427654279200     
  -14.105570253444039       -5.0740661271504779     
   1.2816568333180007        4.3468081580544693     
   8.5222969708247529       -7.6565197017207867     
   8.9455300200233587        5.8603526800167822     
   6.1649091454511735       -13.116082921502269     
 -0.53158348048423409        12.074305168722514     
  -12.165108485507236        3.0643480341932765     
  -14.670230430543484        2.7901212924486525     
  -7.9413917979535871       -6.4594571731466131     
   5.1442893196580322       -8.4231639574533510     
  -9.6574416705035020       -6.2814613688124945     
   11.869832904762102       -9.6697096019254065     
  -1.7999827194735412       -10.985041738135257     
  -6.9407007154074938        6.9040742437746996     
   7.3335948336973589        13.097049172264471     
  -5.6952026615097253        3.8108629476342371     
  -2.6083645812491185        10.534240645488753     
  -7.9810833203721057      -0.39025192669054093     
  -2.6847514449092187       -12.138821239564965     
   4.7673990979649998        3.9586912232054714     
 -0.63171560269715910        13.326412439673453     
   10.761378741866745       -3.8000036893366458     
   7.8675618364128033       -3.9170443560760386     
   7.2378535983262120        7.9721920606203316     
  -2.2126001360353142       -2.5257413554425101     
   1.1546151041942045       -2.8582511185537709     
  -5.5395792846769139        13.779740776339985     
   4.3604397163599158       -10.558729203606873     
   14.343722857308233        3.8625921048188099     
   1.0186376419335632       -13.270237756272055     
   3.1962316788760941        4.1464888226855585     
  -11.358179687341078       -2.2257437106575257     
   2.0207201281805829       0.10375068637031015     
   7.1597283000290606       -8.7766057531103243     
   3.5901347209655445        11.822185130084135     
  -6.5330026183745380       -11.588638636893279     
  -4.3193596243979098       -11.925394914095328     
  0.81791829380871406        5.0158909411496229     
   7.0694502802937160       -12.919249751800754     
 -0.86406179561845853        10.959123337894674     
  -5.1682376520166589        5.7671459322353709     
  -3.3792264892835466        5.4236711953068282     
  -13.708184439860373      -0.56006640843898781     
  -4.0298694947807041       -1.4517167463508780     
   5.1496777678411165       -11.226010271487722     
   4.2767364518054762      -0.79356158442869362     
  -6.8552605061274781        10.769483986342125     
  -14.228920602905825       -3.4104876149617214     
  -10.253141852096329        8.0385106635880081     
   4.6574736054133972        1.4739651461521937     
   5.1419623007156563       -13.319535577003691     
   1.1218027124988619        1.8264410224765348     
  -9.6697390324453245        5.8184780529104376     
  -14.381929579432882       -1.9106879301928110     
   12.013621206045681       -5.4368943968631340     
  -13.932827430504608        3.5719239155738443     
   11.352782642608371       -2.8468295749071753     
  -2.8302764128755409        11.867364470905608     
  -11.429443905950885        8.2005194104257129     
   9.5517933767727250       0.27782441309112388     
   8.3862754501100074        8.1537505607316465     
   4.2977775445643136        12.486278385832659     
  -3.3468924033239764       -14.208369158386795     
  0.51918227946402995       -9.5253516624531152     
  -10.020087066452668       -10.983901113771388     
  -1.8013479199916325        11.564663016406863     
  -3.1739354310370360        4.0307541812345749     
   2.2789128571669743        1.3319235432783858     
  -2.1937834535824283       -12.894476262028439     
  -12.935459154043647       -1.0504839270966513     
  -2.0062010466123850        4.9870161100153014     
   1.6953778622324456        9.7950024349693550     
  -7.9176367284406348       0.50968532484760742     
  -6.9048412578770186       -6.7880149827824692     
  -6.2220314571301918        5.3625483821252322     
  -6.2143411250889873        12.237580347790573     
  -11.496820606903732       -9.1294639267660234     
  -9.0568420353337693       -7.8914559331512599     
  0.66777715936838444        13.461100834610599     
   12.599269467645346        5.5092929810332336     
   5.1475255993637283        14.336069114303237     
  -7.6165423110432338        1.6033554134842469     
  -5.6958452916709303       -5.8461415801290624     
  -3.5902085761506393       -2.7263404646628584     
  -5.2068993201320479       -6.6810600203496655     
  -2.4310135603373979       -7.5192764971095958     
  -3.4946861227424564        9.2928938589159902     
  -8.8504706912840376       -10.812224449350209     
  -2.9670317404724718        7.9908965250174111     
  -1.4704276309130084        6.8915652356441512     
  0.71439663453594726        8.8486751909168326     
   5.5202110927038319       -10.309308180746823     
   10.028760864383626       -2.2780919651462810     
  -10.448786496142825       -6.3794583120296675     
  -12.404232272716849       -6.4102530579673758     
   8.6552789594038906       -2.8986802643475067     
  -9.7041221444200776        5.1427123237964834     
  -4.9914531401376898        4.4426565631968140     
   3.1034317276604897       -13.793610416527333     
  -2.5802836225547874       -7.1089523922180362     
   10.200110180192398      -0.20866223064514403     
  -3.7308875897769043        12.518757507048397     
  -1.6819685564755311       -10.445068315770449     
  -3.1476681789607790       -12.646720172060011     
  -9.8362828302028280       -7.3150220213977102     
   10.160184555798077       -4.7430693060545739     
   3.2226932757574049        2.5605001035574246     
   1.0062313146275110        7.1910219696586619     
   11.256980450150943        9.9291314362203522     
   6.3954699358818132        8.3353733343377385     
  -12.984556476178371       -8.1128724931717713     
  -8.7041600561686554        9.3881220559838710     
   8.2734578776823042       -8.1569954438520700     
  -5.6861881815185331        4.9588818975001523     
   2.3386351452694072       -8.2757174356566043     
   13.411460499770797       -7.2609615583861000     
   13.688224602313811        6.8438204415487203     
   1.7736575621361146      -0.85930060666066332     
 -0.25350831201707957        8.4174797614058168     
   14.901349092018338       -1.5095221158456658     
   3.3161360518593166       -10.656429236016249     
  0.48794175781326216       -3.4682438688720842     
  -10.038413226210508       -8.4053847522072900     
   8.5530478875629843        3.0531474001332790     
  -3.1579964562921230        1.7102346571307008     
  -13.984441171978014       -6.1594121318892521     
  -6.8788505684888355        4.2456001128095089     
   2.6632188241988475        4.1213035722737263     
   10.872387039266718       -2.3562595943277986     
  -6.6933206458434062       -4.9450553752180992     
   14.172216656934827       -3.0642595877735008     
   2.3287142724964385        7.7988318146434681     
  -1.7657294121613969        2.1601142294596074     
  0.73327192679701736        3.6652299960202663     
   4.0367264966296768        14.502269884494982     
   4.9354334549577574        8.4328900681618055     
 -0.54468744695367199        2.3509660477398246     
  -10.302713945398539       -4.4329345810505885     
   10.418759948996703       -8.0408187399075981     
  -11.009238357356583       -7.3017826744842624     
  -10.614651871835035       -5.1822854745964779     
  -12.379827166604237       -7.6880884829962071     
  -3.1838111335513353       -2.3758403686099867     
  -6.8586459386379808       -9.8021474685962229     
  -3.5062494705659595       -8.4948207847810071     
   7.8264981235284647        5.6133550557635967     
   1.7815860966368935       0.41643490397601213     
