  -8.8655847506380905        2.8305220989791313     
   5.7566421033046806       -6.5540379521899430     
   4.8339772921657902       -6.1694223748704369     
   2.5384538043885061      -0.12049565679956564     
   8.7685441993969135       -2.2472686982731180     
  -2.8523595923630558        1.8152598335375552     
   6.4973024831969726       -5.8814002282025593     
   7.0989396655155659        10.155142721570133     
  0.87739315197585732        11.503573492723806     
  -6.9122918630239347       -8.9479486672842121     
   7.4223275427520941       -8.7652315691681491     
  -6.5648375941528956       -8.0105109437807069     
  -1.5790876518903381       -1.7852296831454895E-002
   8.2513840278572381        2.4330239790363599     
   11.536132555210653       -4.5741786493771333     
  -1.0119507515311466        11.054040614587782     
  -5.6454547757361127       -2.6117127907048543     
  0.44586104462313259       -6.6448834183486341     
  -7.9971121193603540        6.1841667083591485     
   11.530818627835487        9.5997451404047935E-003
   7.2665507924945203       -7.7757395017988653     
  -9.2887640404038567        7.0495096553909509     
   5.1028891247859081       -3.6896621876703359     
   8.5086640099124882        6.3332955227569689     
  -1.2597075164809541        5.8188475725012454     
   1.2645879625946332       -4.8551370877886626     
  -3.6833140833857505        3.9494688015811352     
   5.0975479179432179       -10.663234211843791     
  -9.8244682927071629        1.1981043391330701     
  -10.289503239366013       -2.6332208512883106     
   4.3923694842511019        5.9719249343052194     
   7.9307030029647532       -1.6901034729209132     
  -2.1133510751935809       -3.7436840897563277     
   4.9588861236088642       -7.1617566709649001     
   1.6663048322473313        12.131433285265707     
  -2.2376092152931673        6.0308012181498798     
  0.79314609805048431       -1.0948042057689529     
   7.1030001840752748        4.6584296960911455     
   5.7061258038363167       -9.0385353407100659     
  0.36939375342267511       -2.0003471611926598     
   6.2648345489686479        10.706718242293155     
   3.4842941032996606       -1.5711973101308321     
 -0.90155543782177627       -5.6805085013511558     
  0.88366038840466676       -3.9298313123669226     
  -3.8355439729678440        9.3146186909269613     
   7.8699123301004708       -2.6881570318598760     
  -4.5969383262650618        9.9656540185240861     
  -11.003132834949151        2.3353947431066691     
   7.5848770702973196       -4.6804933604851389     
   7.0320834390217648       -2.1289257980819372     
  -1.9618762689983256        10.741797114665832     
   3.9944393925983923        3.8909437156760456     
  -1.4924144233059977        3.2884356151407452     
  -8.9746733430901831       -6.4583521381748392     
  -5.5980514297820827       -7.7280333507497643     
   10.427731129931196       -3.3668103975170425     
  -4.5526154753624981       -6.4901438329660079     
 -0.59328893809730299       -2.9041770139488801     
   4.9309432967681879       -9.6775439370473304     
   6.6151650488169009        5.5318015487423846     
  -4.1948726235658151       -9.2246579958177808     
 -0.55444349038949037        6.5270564960718795     
   4.5700839313346613        2.3390105994514014     
   8.7944490961936435        5.3735904908494421     
   8.4775840094999317       -5.7146702862867409     
  0.74314590679116754        1.8524766673889090     
  -3.6573907274131696        8.3130456242140021     
   1.4772792456322055        8.4488664794961217     
   1.5678066169653633        6.2533455473906248     
   3.0414873118890071       -6.6673403248220460     
   11.116473120651342        4.2805079496904144     
  -4.7646672148049278        7.4168520719582656     
  -2.5086918117774655       0.35365236987089654     
  -8.0142913460330956       -6.1653388509440941     
  -9.6074921669836186       -5.6707147780855802     
   9.2607492433944802       -6.3502024982151317     
  -4.7856331314793294        5.6209410841075949     
  -3.0628618576450743        9.9550408153403769     
  0.57603754523055872       -11.231119879594994     
   4.1304994777026840       -3.4557902598602888     
   7.5782400699610353       -9.7557147766085155     
  -3.7665513883209822        7.3114145432212707     
  -5.5054164019046654        1.9765966139808260     
   6.6430430585541478       -9.3916398272271291     
  -1.9319622820951234        5.0775780112328643     
  0.27048753397751152       -4.7194454157823795     
   10.917842610908963        3.3007234530369889     
  -5.7275202202470687        7.1341184772475570     
   2.6613132901809053       -2.1403287446189792     
  -6.7083194797402372        7.3303595564321604     
   1.6928009244801090      -0.65399602977523508     
   11.408405779872933       -3.5800876842657861     
  -1.1997833496702497        2.3294286608174417     
   9.8870554050382928        1.1983599960468083     
 -0.69496698355422204       -9.7215306997038713     
  -7.0594637649651988       -3.5961163794245894     
  -7.7313523684770100      -0.59931725944660674     
  -9.6979366763981858       -4.6683901952496889     
  -2.2235451737759089       -8.8957924654885012     
   5.8689870748779001       -10.024343363500508     
  -7.3713331174665928       -5.3910324549732556     
   6.9739171387580647       -3.1308670274546908     
  -3.2176367572086830       -9.0037022087248495     
  -10.522104614441325       -5.2346080906604220     
   6.4877049516121881       -8.4026183348921428     
   8.8949156731883505      -0.24862096140861495     
  -7.0158715946409309        6.3792556292206886     
   7.8018609671260339       -3.6980668087637971     
  -1.2231918317757893       -8.8686957982922650     
   5.2520309943366845        6.4898629082582744     
   5.0358265094894188        9.7372080339750777     
  -10.591973314500082       -4.2194091261811879     
  -2.1747316358123108        2.5542658672986369     
   9.7240852152155934      -0.80666254517556790     
   4.5894780738702989       -11.524300060599089     
   9.5613601879749517       -4.8077118514251191     
   4.0352924782819741       -6.7707943971225912     
  -4.6837811784636108        3.8674717305934050     
 -0.72796032402103428       -11.516695038918902     
   5.6138687688003861        5.5500701046946448     
   8.3554482310875358       -9.1256409721466571     
   7.3735099752003421        1.9496645321919588     
   12.388713233398125      -0.50822937900971155     
  -8.7858645238970734       -5.0835227002971237     
   8.0611311333393694       0.31644964545328447     
   8.8274501185144487       -1.2480788946139394     
  -8.7314207369245320       0.41415443471908675     
   9.9709383622952625        2.2022397233017754     
  -1.7560763221023574        11.722859205551153     
  0.10330271997760200       -5.7054846349983706     
  -4.3258004030171255       -1.2100849338288902     
   6.3144080909011100       0.63056509256062110     
   8.6966946036654402       -3.2506140168809350     
  -10.083812976927030        5.6130265024031214     
  -6.6428382845007636       -2.6861369906230501     
   9.7965601697970612       0.19375648193549863     
  -3.5594697673182236      -0.56751589909853994     
  -11.029698580273376       -3.3080931645803728     
 -0.22546149225042875        2.1057967779632265     
   2.4183074451597824        8.1097485357833534     
  -3.8971171839596472       -8.2689864726857074     
  -3.0607786064858860        6.5992151619535395     
   1.6596097116673827       -8.0550051986898712     
 -0.29474994248177788        5.5564794983946380     
   3.4679369887927899E-002   3.9000354184803259     
  -3.8229198759977994        10.605972430743972     
   12.399764486798425       0.50217463813503982     
  0.67568153478899651        5.8001474433019142     
  -3.7888499950616188        11.609517185537827     
  -3.0832254157031573       -3.9862991137808788     
  -1.6963203173007753       -9.7492593978078492     
   2.6721930796597357        12.111802400172859     
   7.4782490658900551       -5.6808851369966353     
   10.991392411585485        5.7600187714918150     
   2.6965892633208219        11.107941274587906     
 -0.51740609239710522        3.0623480871569497     
  -4.0857203143789649       0.28691160349655176     
  -10.014401975994691        2.1834734446539854     
   11.505353813439692      -0.99065089577150967     
  -8.7656402483165667        8.7835317067981524     
   2.3732995095166936       -10.712161238892369     
   7.3870377251220409        2.9519120547248585     
   1.8765179002845809       -4.0573150836142959     
  -5.1747144474682480       -9.4411416815087694     
   3.4302454080562779      -0.57245913368654533     
  -1.1682369543343127       -10.609387185040060     
  -9.4384034411739641        8.0425819204802238     
   7.9970208862451573      -0.69019808841395791     
   3.3717678792452563        8.4111519423188916     
  -2.8991353465101151        8.9651172911261963     
   9.4946146145855970        6.5390737713047624     
   9.9207743945613807        7.4506901014529747     
   2.5074010981002441        5.9060330851916767     
   10.491058297280118       -2.3661908293819516     
  -6.8026798553030412       -4.5684213040849313     
  -4.2563007783652198        4.7716113672108129     
  0.81653037073016399       -8.5924067531172188     
  -8.4296745408629548        3.7425720152674691     
  -1.9203551511931738        8.7557332277471396     
   2.4949315169150847       -7.5041604336806893     
   2.5881337740334827       -1.1274949529318619     
  -6.3238747917458058       -7.0398783886889875     
   5.1870874480503746        3.1253683377136663     
  -9.2900218419966905       -2.7002963786690697     
  -1.1091892596127519       -3.7621084938391252     
   9.5286049592227666       -3.8087622332710738     
   2.6079444289425480        1.5828202144513333     
  -7.6891881121306724        7.1348674655189761     
   8.2248846304965149        8.3017997640246826     
   9.5952219681457951       -2.8093669450272101     
   9.9217693951778134        3.2057988137473981     
  -3.9246158312056267       -3.4287660474917154     
   10.569911246099478       -1.3679781838024774     
   7.2660925972060424       0.93831591587745966     
   10.491069056362992        6.6287920106857241     
 -0.10953013399288722       -3.7869795717403267     
   3.9170369756767451       -5.7684985178669512     
   10.210762292875831       -6.6851310357189346     
  0.76243581670611560       -7.5942528533251323     
  -6.0268345846634581        6.1793150275210094     


