  1    ***    0.12929E-01    0.3227486122E-01    0.0000000000E+00
  1    ***    0.12929E-01    0.6454972244E-01    0.0000000000E+00
  1    ***    0.12929E-01    0.9682458366E-01    0.0000000000E+00
  1    ***    0.12929E-01    0.1290994449E+00    0.0000000000E+00
  1    ***    0.12929E-01    0.1613743061E+00    0.0000000000E+00
  1    ***    0.12929E-01    0.1936491673E+00    0.0000000000E+00
  1    ***    0.12929E-01    0.2259240285E+00    0.0000000000E+00
  1    ***    0.12929E-01    0.2581988897E+00    0.0000000000E+00
  1    ***    0.12929E-01    0.2904737510E+00    0.0000000000E+00
  1    ***    0.12929E-01    0.3227486122E+00    0.0000000000E+00
  1    ***    0.12929E-01    0.3550234734E+00    0.0000000000E+00
  1    ***    0.12929E-01    0.3872983346E+00    0.0000000000E+00
  1    ***    0.12929E-01    0.4195731958E+00    0.0000000000E+00
  1    ***    0.12929E-01    0.4518480571E+00    0.0000000000E+00
  1    ***    0.12929E-01    0.4841229183E+00    0.0000000000E+00
  1    ***    0.12929E-01    0.5163977795E+00    0.0000000000E+00
  1    ***    0.12929E-01    0.5486726407E+00    0.0000000000E+00
  1    ***    0.12929E-01    0.5809475019E+00    0.0000000000E+00
  1    ***    0.12929E-01    0.6132223631E+00    0.0000000000E+00
  1    ***    0.12929E-01    0.6454972244E+00    0.0000000000E+00
  1    ***    0.12929E-01    0.6777720856E+00    0.0000000000E+00
  1    ***    0.12929E-01    0.7100469468E+00    0.0000000000E+00
  1    ***    0.12929E-01    0.7423218080E+00    0.0000000000E+00
  1    ***    0.12929E-01    0.7745966692E+00    0.0000000000E+00
  1    ***    0.12929E-01    0.8068715305E+00    0.0000000000E+00
  1    ***    0.12929E-01    0.8391463917E+00    0.0000000000E+00
  1    ***    0.12929E-01    0.8714212529E+00    0.0000000000E+00
  1    ***    0.12929E-01    0.9036961141E+00    0.0000000000E+00
  1    ***    0.12929E-01    0.9359709753E+00    0.0000000000E+00
  1    ***    0.12929E-01    0.9682458366E+00    0.0000000000E+00
  1    ***    0.12929E-01    0.1000520698E+01    0.7553942364E+03
  1    ***    0.12929E-01    0.1032795559E+01    0.3266283845E+03
  1    ***    0.12929E-01    0.1065070420E+01    0.1006995362E+03
  1    ***    0.12929E-01    0.1097345281E+01    0.8808537221E+02
  1    ***    0.12929E-01    0.1129620143E+01    0.7623198851E+02
  1    ***    0.12929E-01    0.1161895004E+01    0.6584979730E+02
  1    ***    0.12929E-01    0.1194169865E+01    0.6172944379E+02
  1    ***    0.12929E-01    0.1226444726E+01    0.5747573070E+02
  1    ***    0.12929E-01    0.1258719588E+01    0.6029533345E+02
  1    ***    0.12929E-01    0.1290994449E+01    0.5384352748E+02
  1    ***    0.12929E-01    0.1323269310E+01    0.5263980972E+02
  1    ***    0.12929E-01    0.1355544171E+01    0.5043869425E+02
  1    ***    0.12929E-01    0.1387819032E+01    0.5085768120E+02
  1    ***    0.12929E-01    0.1420093894E+01    0.5151497928E+02
  1    ***    0.12929E-01    0.1452368755E+01    0.5273786806E+02
  1    ***    0.12929E-01    0.1484643616E+01    0.4343006095E+02
  1    ***    0.12929E-01    0.1516918477E+01    0.4188273565E+02
  1    ***    0.12929E-01    0.1549193338E+01    0.4093666174E+02
  1    ***    0.12929E-01    0.1581468200E+01    0.4366292806E+02
  1    ***    0.12929E-01    0.1613743061E+01    0.4716387938E+02
  1    ***    0.12929E-01    0.1646017922E+01    0.4788389195E+02
  1    ***    0.12929E-01    0.1678292783E+01    0.5272942332E+02
  1    ***    0.12929E-01    0.1710567645E+01    0.5005650324E+02
  1    ***    0.12929E-01    0.1742842506E+01    0.6825515915E+02
  1    ***    0.12929E-01    0.1775117367E+01    0.6384420235E+02
  1    ***    0.12929E-01    0.1807392228E+01    0.6548351273E+02
  1    ***    0.12929E-01    0.1839667089E+01    0.6922817489E+02
  1    ***    0.12929E-01    0.1871941951E+01    0.6901622631E+02
  1    ***    0.12929E-01    0.1904216812E+01    0.6973435045E+02
  1    ***    0.12929E-01    0.1936491673E+01    0.7830316205E+02
  1    ***    0.12929E-01    0.1968766534E+01    0.8254801306E+02
  1    ***    0.12929E-01    0.2001041396E+01    0.1488634410E+03
  1    ***    0.12929E-01    0.2033316257E+01    0.8751739335E+02
  1    ***    0.12929E-01    0.2065591118E+01    0.6907174148E+02
  1    ***    0.12929E-01    0.2097865979E+01    0.6158926170E+02
  1    ***    0.12929E-01    0.2130140840E+01    0.6195525308E+02
  1    ***    0.12929E-01    0.2162415702E+01    0.5939997539E+02
  1    ***    0.12929E-01    0.2194690563E+01    0.5892741241E+02
  1    ***    0.12929E-01    0.2226965424E+01    0.5243144683E+02
  1    ***    0.12929E-01    0.2259240285E+01    0.5569278009E+02
  1    ***    0.12929E-01    0.2291515147E+01    0.5682440998E+02
  1    ***    0.12929E-01    0.2323790008E+01    0.5498970230E+02
  1    ***    0.12929E-01    0.2356064869E+01    0.5730807286E+02
  1    ***    0.12929E-01    0.2388339730E+01    0.5568300942E+02
  1    ***    0.12929E-01    0.2420614591E+01    0.5757435407E+02
  1    ***    0.12929E-01    0.2452889453E+01    0.5633958505E+02
  1    ***    0.12929E-01    0.2485164314E+01    0.5541671096E+02
  1    ***    0.12929E-01    0.2517439175E+01    0.5614739959E+02
  1    ***    0.12929E-01    0.2549714036E+01    0.5693732609E+02
  1    ***    0.12929E-01    0.2581988897E+01    0.6089768610E+02
  1    ***    0.12929E-01    0.2614263759E+01    0.6358289404E+02
  1    ***    0.12929E-01    0.2646538620E+01    0.7476337626E+02
  1    ***    0.12929E-01    0.2678813481E+01    0.7859823459E+02
  1    ***    0.12929E-01    0.2711088342E+01    0.6964239100E+02
  1    ***    0.12929E-01    0.2743363204E+01    0.7436321658E+02
  1    ***    0.12929E-01    0.2775638065E+01    0.6964545851E+02
  1    ***    0.12929E-01    0.2807912926E+01    0.6969992939E+02
  1    ***    0.12929E-01    0.2840187787E+01    0.7230254457E+02
  1    ***    0.12929E-01    0.2872462648E+01    0.7275161277E+02
  1    ***    0.12929E-01    0.2904737510E+01    0.7247364845E+02
  1    ***    0.12929E-01    0.2937012371E+01    0.7475674746E+02
  1    ***    0.12929E-01    0.2969287232E+01    0.7369482655E+02
  1    ***    0.12929E-01    0.3001562093E+01    0.7964836002E+02
  1    ***    0.12929E-01    0.3033836955E+01    0.7461319908E+02
  1    ***    0.12929E-01    0.3066111816E+01    0.6884386008E+02
  1    ***    0.12929E-01    0.3098386677E+01    0.6453924595E+02
  1    ***    0.12929E-01    0.3130661538E+01    0.6846202435E+02
  1    ***    0.12929E-01    0.3162936399E+01    0.6475108676E+02
  1    ***    0.12929E-01    0.3195211261E+01    0.6225301165E+02
  1    ***    0.12929E-01    0.3227486122E+01    0.6124858047E+02
  1    ***    0.12929E-01    0.3259760983E+01    0.6107495719E+02
  1    ***    0.12929E-01    0.3292035844E+01    0.6663496021E+02
  1    ***    0.12929E-01    0.3324310705E+01    0.6562711378E+02
  1    ***    0.12929E-01    0.3356585567E+01    0.6661687713E+02
  1    ***    0.12929E-01    0.3388860428E+01    0.6585268030E+02
  1    ***    0.12929E-01    0.3421135289E+01    0.6470711984E+02
  1    ***    0.12929E-01    0.3453410150E+01    0.6409954125E+02
  1    ***    0.12929E-01    0.3485685012E+01    0.6984222277E+02
  1    ***    0.12929E-01    0.3517959873E+01    0.6751807414E+02
  1    ***    0.12929E-01    0.3550234734E+01    0.7111537037E+02
  1    ***    0.12929E-01    0.3582509595E+01    0.7307127509E+02
  1    ***    0.12929E-01    0.3614784456E+01    0.7934052338E+02
  1    ***    0.12929E-01    0.3647059318E+01    0.8682022396E+02
  1    ***    0.12929E-01    0.3679334179E+01    0.8132579210E+02
  1    ***    0.12929E-01    0.3711609040E+01    0.8070448314E+02
  1    ***    0.12929E-01    0.3743883901E+01    0.7940605272E+02
  1    ***    0.12929E-01    0.3776158763E+01    0.7699328708E+02
  1    ***    0.12929E-01    0.3808433624E+01    0.7683215037E+02
  1    ***    0.12929E-01    0.3840708485E+01    0.7541016389E+02
  1    ***    0.12929E-01    0.3872983346E+01    0.7765163014E+02
  1    ***    0.12929E-01    0.3905258207E+01    0.7413318378E+02
  1    ***    0.12929E-01    0.3937533069E+01    0.7370747047E+02
  1    ***    0.12929E-01    0.3969807930E+01    0.7389570504E+02
  1    ***    0.12929E-01    0.4002082791E+01    0.7617580849E+02
  1    ***    0.12929E-01    0.4034357652E+01    0.7449218348E+02
  1    ***    0.12929E-01    0.4066632514E+01    0.7313569108E+02
  1    ***    0.12929E-01    0.4098907375E+01    0.7112426813E+02
  1    ***    0.12929E-01    0.4131182236E+01    0.6845734688E+02
  1    ***    0.12929E-01    0.4163457097E+01    0.6749655859E+02
  1    ***    0.12929E-01    0.4195731958E+01    0.6795068063E+02
  1    ***    0.12929E-01    0.4228006820E+01    0.7200389150E+02
  1    ***    0.12929E-01    0.4260281681E+01    0.6770729649E+02
  1    ***    0.12929E-01    0.4292556542E+01    0.6856467019E+02
  1    ***    0.12929E-01    0.4324831403E+01    0.7344541638E+02
  1    ***    0.12929E-01    0.4357106264E+01    0.7346734170E+02
  1    ***    0.12929E-01    0.4389381126E+01    0.7291011273E+02
  1    ***    0.12929E-01    0.4421655987E+01    0.7105516158E+02
  1    ***    0.12929E-01    0.4453930848E+01    0.7313117548E+02
  1    ***    0.12929E-01    0.4486205709E+01    0.7097781861E+02
  1    ***    0.12929E-01    0.4518480571E+01    0.7281287306E+02
  1    ***    0.12929E-01    0.4550755432E+01    0.7570202036E+02
  1    ***    0.12929E-01    0.4583030293E+01    0.7920539766E+02
  1    ***    0.12929E-01    0.4615305154E+01    0.8133722262E+02
  1    ***    0.12929E-01    0.4647580015E+01    0.8099045689E+02
  1    ***    0.12929E-01    0.4679854877E+01    0.7882982881E+02
  1    ***    0.12929E-01    0.4712129738E+01    0.7432568658E+02
  1    ***    0.12929E-01    0.4744404599E+01    0.7025848792E+02
  1    ***    0.12929E-01    0.4776679460E+01    0.7092160067E+02
  1    ***    0.12929E-01    0.4808954322E+01    0.7427830858E+02
  1    ***    0.12929E-01    0.4841229183E+01    0.7297749171E+02
  1    ***    0.12929E-01    0.4873504044E+01    0.7445532615E+02
  1    ***    0.12929E-01    0.4905778905E+01    0.6965418711E+02
  1    ***    0.12929E-01    0.4938053766E+01    0.6594462439E+02
  1    ***    0.12929E-01    0.4970328628E+01    0.6840158034E+02
  1    ***    0.12929E-01    0.5002603489E+01    0.6809070818E+02
  1    ***    0.12929E-01    0.5034878350E+01    0.6741701039E+02
  1    ***    0.12929E-01    0.5067153211E+01    0.6629632206E+02
  1    ***    0.12929E-01    0.5099428073E+01    0.6850756316E+02
  1    ***    0.12929E-01    0.5131702934E+01    0.7094795999E+02
  1    ***    0.12929E-01    0.5163977795E+01    0.7224656536E+02
  1    ***    0.12929E-01    0.5196252656E+01    0.7219625202E+02
  1    ***    0.12929E-01    0.5228527517E+01    0.7116896606E+02
  1    ***    0.12929E-01    0.5260802379E+01    0.6772224020E+02
  1    ***    0.12929E-01    0.5293077240E+01    0.7219852273E+02
  1    ***    0.12929E-01    0.5325352101E+01    0.7042833596E+02
  1    ***    0.12929E-01    0.5357626962E+01    0.7584968773E+02
  1    ***    0.12929E-01    0.5389901823E+01    0.7415224755E+02
  1    ***    0.12929E-01    0.5422176685E+01    0.7243858845E+02
  1    ***    0.12929E-01    0.5454451546E+01    0.7617372821E+02
  1    ***    0.12929E-01    0.5486726407E+01    0.7437822228E+02
  1    ***    0.12929E-01    0.5519001268E+01    0.7487992706E+02
  1    ***    0.12929E-01    0.5551276130E+01    0.7279812058E+02
  1    ***    0.12929E-01    0.5583550991E+01    0.7280715866E+02
  1    ***    0.12929E-01    0.5615825852E+01    0.7198243254E+02
  1    ***    0.12929E-01    0.5648100713E+01    0.7083443840E+02
  1    ***    0.12929E-01    0.5680375574E+01    0.6787708935E+02
  1    ***    0.12929E-01    0.5712650436E+01    0.6982979486E+02
  1    ***    0.12929E-01    0.5744925297E+01    0.7161703445E+02
  1    ***    0.12929E-01    0.5777200158E+01    0.7019437374E+02
  1    ***    0.12929E-01    0.5809475019E+01    0.7018919188E+02
  1    ***    0.12929E-01    0.5841749881E+01    0.7024614228E+02
  1    ***    0.12929E-01    0.5874024742E+01    0.6786121245E+02
  1    ***    0.12929E-01    0.5906299603E+01    0.7155815541E+02
  1    ***    0.12929E-01    0.5938574464E+01    0.7062420372E+02
  1    ***    0.12929E-01    0.5970849325E+01    0.7115787314E+02
  1    ***    0.12929E-01    0.6003124187E+01    0.7403596240E+02
  1    ***    0.12929E-01    0.6035399048E+01    0.7154718729E+02
  1    ***    0.12929E-01    0.6067673909E+01    0.7000304970E+02
  1    ***    0.12929E-01    0.6099948770E+01    0.7150135026E+02
  1    ***    0.12929E-01    0.6132223631E+01    0.7261295202E+02
  1    ***    0.12929E-01    0.6164498493E+01    0.7365941404E+02
  1    ***    0.12929E-01    0.6196773354E+01    0.7224288040E+02
  1    ***    0.12929E-01    0.6229048215E+01    0.7340738578E+02
  1    ***    0.12929E-01    0.6261323076E+01    0.7345440664E+02
  1    ***    0.12929E-01    0.6293597938E+01    0.7527627852E+02
  1    ***    0.12929E-01    0.6325872799E+01    0.7630319440E+02
  1    ***    0.12929E-01    0.6358147660E+01    0.7893696402E+02
  1    ***    0.12929E-01    0.6390422521E+01    0.7928510996E+02
  1    ***    0.12929E-01    0.6422697382E+01    0.7504223719E+02
  1    ***    0.12929E-01    0.6454972244E+01    0.7529408949E+02
