   10.465417876031001        3.8235731547541305     
   2.3334746395316324        7.0703853871069233     
   9.5575950585922573       -7.5211879821996499     
   4.0858426196085418        4.6409841567571570     
  -7.0698160666518559        1.3747522836924346     
  -9.9430467396626234        5.9589231828605911     
   1.7068666433011876        9.7277259513892922     
  -1.3523523476312307       -9.0786883868854176     
   10.708808304065304        4.7996991142119887     
   9.6108069700340941      -0.13315397576577354     
  -3.0666199043255391        10.718538956548301     
  -9.0029490906741607        8.5408429768198726     
   5.7921704166108556       0.18460811706532038     
   7.1794220253292780       -8.7440975221600539     
   1.5383386055891877       -1.0088041689836964     
  -5.1497573946220898       -2.6400806136404023     
  -12.158027964505941       -2.2979006267311015     
   7.4697691670100772       0.67406601565588598     
   7.7725942621596253       -7.9376057044317685     
  -6.0086436148183848       -3.2016666749152312     
   5.5269919426904188        1.1482004074763006     
  -1.2897503771553129       -8.0800050144191413     
  -5.8745583738993661        4.8285080421758408     
  -2.8836962897489502        9.7247596260955849     
   7.7164342397978638        7.0428434834214810     
   5.2150310984194963        2.0968840801965771     
   1.8354674036979306        1.7864226853503646     
  -1.2115166482066653       -7.0821205055262020     
   6.0837665785232282        4.6612139930979772     
   8.8174116238876277        5.4534761297601584     
  -1.9625353241690200       -3.5419021178319765     
  -6.9525301786567404       -3.6060559904720613     
  0.28545057478022118        5.2333550521520316     
  -11.377832505064955       -3.8408535231273446     
   8.0086670446645680       -1.2691349213103653     
  -4.1949515712747996        5.2512212936444502     
  -11.255274667295675       0.40448021598539857     
   2.7465560700883662        1.3732927373047261     
   3.3312827414745989        7.2061697235275295     
   1.7877574113325552       -10.866609603127609     
  -4.6609041694863240       -7.7826900924113582     
  0.65579917244799513       -1.4838470377484716     
  -3.8268062193903916        10.065059857765217     
   3.4271736983570835       -10.717605873870658     
  -8.4054456757868738        7.2551505737835118     
 -0.22591281554866421        9.7929832854793268     
  -1.9296580693351506        9.3998095629150669     
  -10.115185011395253        6.9474977806412825     
  -9.0036084035616319        5.6177030675070423     
   5.8451264695946623        2.8723983923599885     
   5.9800122419850137        9.0304493449716610     
   6.8332768617911377        2.7236258171033532     
   2.0293935594923673        10.676121505784545     
  -10.422752527374989       -2.3894967477163482     
  0.98270809102242018        5.9562359639144162     
   8.8407079712926215       -5.6430344232812306     
   5.0845134618519960        4.6913331276549188     
   4.1984421554627831       -8.8648068311841275     
  0.73225267745931544        9.5054576577142775     
  -6.9803908556527192        2.3776318216802537     
  -10.661163805990382        1.2203841274249170     
  -7.9617273673475193       -5.0336557792459597     
   6.1855740239753976       -8.6361927987842897     
  -8.7382115391213286       -3.4755822946768582     
   5.7980474104121908       -9.5583719465827830     
  -3.0923902688358886       -9.0229423422713442     
  -4.9124651903122016        4.5549985598692775     
   6.9720372346213839        8.9038427549537271     
  -3.2031872610471082        5.0955077378787577     
 -0.96883044303765464        9.0933153196107419     
  -6.1124046713585507       -1.1969036314975017     
 -0.12033394609081689       -12.408923890783784     
   2.6472182948606022        2.3696216009644164     
   1.3113641489898140        11.371852063835792     
   7.7124209200579381       -4.1924829817115654     
   9.8274124067236794       -5.8025875234551227     
   7.8734247577675349        5.0970533048238069     
  -1.2016864227201032       -1.6773085059493194     
   1.5068073318761688       -2.0087185400911474     
  -4.0096111758273221        11.050507556986100     
   4.5936953853545912       -7.9421618407938324     
   10.525176940371580        5.7894942846959712     
  0.87892840898528324       -12.355249641764120     
   4.5496601549122078        5.5362053284448844     
  -6.1629676526214539        1.8009137497691774     
   2.5543081203421663        3.3650309226921107     
   10.189772038981310       -6.7363682045539504     
   7.3592371457678816        7.9790145388417875     
  -7.7964471002319833       -9.6548145547715620     
  -4.0296776367651246       -9.4078307313126093     
  0.57201471950755112        4.2601751743862879     
   4.4194693161789633       -10.589187721231122     
   1.6994447327500606        7.8449421604751981     
  -5.3050415368403838      -0.60719645369224584     
  0.96422882613952676        8.5317472521311650     
  -5.2025974608132532       -1.6193645095209359     
  -7.8864266581367968       -4.0257594123735148     
   3.8086344581346570       -9.7923923721245369     
   6.0699657074010362      -0.77575785923803353     
  -7.0418459023648152        8.1795305180834355     
  -10.842229874826204      -0.50656416949364624     
  -1.7090211190837703        2.4469003355819403     
   6.4998751499945024       0.91989346630547664     
   5.1923000337099845       -8.7449770002663421     
   2.4200747044891542      -0.53699393983269883     
  -11.655063968844322        1.3265085009322835     
  -11.263936375619039       -1.8442647710173659     
   10.454837414530058       -5.0236536048678158     
  -10.256660751976694       0.30378954113764978     
   11.367822621552389       -1.0366597928096781     
  -1.1867273414203052        10.069048338447836     
  -9.1720250142657473        6.6041304387302224     
 -0.36395858746319415       -4.1987150030045708     
   5.5660161736121019        5.5667128402568293     
   6.3637286264570321        8.1070495142861887     
  -6.8333989999442784       -9.3857573149138087     
  -1.5736488683935610       -2.6052865970681078     
  -4.8261594433134123       -8.7698412164496400     
 -0.46671617389006664        10.764193016846235     
   1.7376380932270077        2.7881237144013666     
   3.4628442323824289        2.9479202638320170     
  -3.8892306893779645       -8.4186533614500636     
  -10.372627270107113       -1.3907678180539822     
  -3.5932267968962575      -0.38105180553929940     
   2.9480649082820691        6.2825929780305954     
  -4.3847544510886411      -0.99805778446934001     
  -5.6045126545405317       -8.1142978541630715     
  -6.4063920331690181        7.4058536223866271     
  -4.7708906247642453        10.397930554930976     
  -8.2724350735994747       -7.9957509877255575     
  -5.4057089096130584       -7.1164792218913497     
   2.2759459885314284        11.644776959342810     
   7.0670900849315181        4.4777251073828204     
   2.9949635566769799        10.947932903689599     
  -9.5836755196245171       -2.9344727953624417     
 -0.97126800334683394       -3.4043422104555359     
  -2.1971509665894180       -1.8119033918656262     
  -2.2381272243029544       -9.5421459556699073     
 -0.58242158849116543       -2.4748866851423426     
  -2.6833751594920812        8.7430984997051393     
  -7.3122766762484357       -7.7145538791752264     
 -0.58568494941724170        5.7419643579278095     
   1.3257466755421228        6.9155092126584901     
  -1.7276438593280969        8.4206239034873693     
   9.2011109899159038       -6.5863390355661737     
   10.819240159514591       -5.9566295222063186     
  -9.6349730954367470       -3.9335097511171493     
  -11.315657511907999       -2.8430767822690477     
   8.6998358850735666      -0.54712616830746819     
  -2.5659781756136741       -2.7450542641071749     
  -5.1566885942164422        5.5276868942822253     
   1.7653830150908025       -11.871323254939623     
   2.3880720207348025       -1.5368190569829370     
   6.4337238625669357        3.6876830073178923     
  -7.3975750548321182        7.2451163580949371     
  -2.1153158487954720       -7.5155515510162836     
  -2.1967422060304398       -8.5286548822363795     
  -7.5487127495891846       -8.6860782342220357     
   10.531088292898346       0.27311511948567285     
  -9.8082393936567397E-002   3.5154742374710466     
   3.5509365860467836        5.4861066365429600     
   9.5754518901401457        6.1172251375836932     
   3.9703460442982088        6.3934575194096253     
  -8.0381644655553455       -7.0185872892276926     
  -9.3481374150680683        7.5960622842688617     
   7.9521279265106042       -5.1633036616400094     
  -3.5612159983636933        6.0288663349723031     
  0.91057614105356099       -11.351893140302247     
   6.7753475607575879       -7.8284255011889039     
   9.7666508456759775        5.1346539084816403     
   6.2015739497756890        1.9127589631599804     
   1.2558462431225026        4.9929738949180758     
   10.964502254490531        2.9537915627242066     
   4.8009614984163074       -9.6649299353125695     
   2.0346293664122082E-002  -3.2755310003870322     
  -8.9964427057535232       -7.3045615560359014     
   7.7334417688523809      -0.29179117718728254     
  0.20541988397472233        2.5543754434415429     
  -8.7917135502855164       -4.4750582968041579     
  -4.5151502786931488        6.4388880523518332E-003
   6.7644358706326857       -4.7420474576179213E-002
   10.418917967263178      -0.72127550617782166     
  -8.8597459726732737       -5.4732953405856932     
   9.5088779812980384       -1.1357297782069602     
   3.3767760481285404E-003   8.8204202437310926     
  -6.0441640590670254       -2.1941913969050266     
  -1.1477523074389164        1.6182737190125087     
   2.6955943557308832        8.0027851120553191     
   4.9954983151331440        6.4310618399438377     
 -0.14737010007325654        1.6120833089724627     
  -3.2004472466560530       -1.9725407846110596     
   8.7556262294883567       -8.1184332595459967     
  -7.0607394742188854       -4.6002413736290642     
  -10.477834065821458       -3.3882493305817514     
  -10.538442707659959       -4.3863143340335187     
  -6.1452710586987802       -4.1975566512712348     
  -6.5770062581845661       -8.4163305581002508     
  -6.3510457619034826       -7.4407229458395339     
   7.0421268163402235       -1.0141003137003386     
  0.87755939692459795        3.2982368245845834     
