  -8.8260705357566405       0.43765936550498241     
   5.3350219733959383       -6.6720090848427285     
   4.3572325414230599       -6.8814166071982426     
   1.7048169004212357      -0.55734361069213967     
   7.9864047471250226       -2.1594000141856733     
  -2.9198666616482671        3.4657447513917758     
   6.1853779733051661       -6.1404817610170577     
   7.2339317918398169        10.078797841158442     
  0.39442939211862882        11.734994356198753     
  -4.3951155984893759       -8.6774243668073865     
   7.3989480786462112       -8.7407973759855544     
  -5.2402326525431651       -8.1405990847682617     
  -3.2441422365773125        2.5163732486715191     
   7.8200079290725188        2.9494729298359483     
   11.090379304969026       -4.0782136843409154     
  0.55170707022791621        10.746399451022560     
  -6.8542784987557006       -3.9932102040088955     
  0.35666030211120309       -6.4386033153693436     
  -7.9264016793620540        5.7433997092468143     
   11.316829301148259      -0.50553830775376341     
   7.3723007176753015       -7.7404029003568136     
  -9.5176290839635627        7.4198120822016831     
   5.4358221331062397       -4.2708684344582544     
   8.5921835056127449        6.3749029308603147     
  -1.8056431966335642        5.9409656486065927     
  0.80780335837224371       -4.7641295648796653     
  -3.6875721898774279        4.1087701906322742     
   4.8084414235285662       -10.289982761963817     
  -9.9397683033440121      -0.90362029818448542     
  -9.4031858862314035       -4.0361877550567167     
   5.5824977493182883        4.4090821335057475     
   7.3075683152798323       -1.4237548867981391     
  -2.3596607805102652       -4.0094210964167258     
   5.0200005150517351       -7.6297701481920663     
   1.3429247662011201        11.366911481394624     
  -2.0486276730615613        6.9115318336232034     
  0.16518305931640506       -1.6186248143694344     
   7.5164420954539795        3.9018992861174766     
   5.6639137457209436       -8.7864166129881642     
 -0.82278796188575665       -1.8345871024532927     
   7.9916635155748539        9.4189147410765930     
   3.1703983914162337       -1.4861861294005934     
 -0.87106797124327628       -5.2088012630486658     
  0.54852106582803339       -3.7986815289486806     
  -3.4964803842852379        9.8309895084426948     
   7.0094746864653219       -2.3779341268236434     
  -3.3268234965245327        10.816531517885824     
  -9.6011147670888199        1.0765091363081651     
   6.4497896572724596       -4.2980907906338439     
   6.3278813586377947       -1.6425421022684756     
 -0.21614523326836566        10.106457492405342     
   5.3286441488829315        3.4403874147532041     
 -0.95011552743841776        3.8680453487011843     
  -7.8714308926910572       -7.3065767014076286     
  -4.3408003502300909       -7.6783985347401371     
   9.3401104546626375       -3.6365258902906628     
  -3.3431941458696546       -4.2034264067368436     
  -1.1163397579898631       -2.8084261721815729     
   4.7993902053268318       -9.2886697385667443     
   6.5435467282255839        4.1328998749344406     
  -3.5168191821382924       -9.1580353577014737     
  -1.0794431330398098        6.6405874548138080     
   5.3003236736543897        1.9145559373950056     
   9.0367332955752069        5.4715203085437709     
   7.6046790451018405       -5.7024709306385697     
  0.34364150254858050        2.3344159896959180     
  -3.6510816410757516        8.8336808875184989     
   1.7542693606790274        7.7051464782640942     
  0.80669963019848479        5.9231509864794596     
   3.0385220909113779       -8.0281857660789910     
   10.594738508237150        4.5584778614184547     
  -4.6218896819292885        7.2280013259285445     
  -2.2595554804461355        2.7138289100502444     
  -7.0587909409420000       -7.9320876290180360     
  -7.7252309467995444       -6.3139427925590113     
   8.5857651347544106       -5.4997102400263103     
  -4.9210255471696485        5.6946912809327497     
  -2.5556395593283665        10.179510502967251     
 -0.20085885085822094       -11.395497365107532     
   4.4375098177682455       -4.3954569138764796     
   7.4419276883057179       -9.7395554837287186     
  -3.7995072650060693        7.8323645525130674     
  -5.0707507670525747        3.0720164435272661     
   6.5441792955092373       -9.2757843689716424     
  -2.7801887436833197        6.2284137503542656     
 -0.16017850035797879       -4.5052017066792054     
   10.703588846535286        3.5624421999423261     
  -5.3959352113631196        6.5787463320730701     
   2.6301801964790132       -2.3285741139032061     
  -6.4094005811891925        6.6020017100529707     
   1.1557215322960104       -1.4018707684207026     
   10.318208307975967       -3.4302654193532138     
  -1.2804984524086913        2.9244756377063221     
   9.8008357401257946       0.96075142800961488     
  -1.0188271197779912       -10.819333065526402     
  -6.7913687858426419       -5.9556582238319873     
  -4.3038639860410406       0.88039213073143674     
  -8.5036917385490067       -5.6762182060362445     
  -1.7794133989642369       -9.2563935855686950     
   5.6734386020360095       -9.7864315560659243     
  -6.0887098058910301       -7.5939702724990408     
   6.0330732732104320       -2.5984566123818134     
  -2.6831235930941566       -9.7103778699107153     
  -8.6593571693894056       -6.6735974730868639     
   6.5186785794876307       -8.2664996579776329     
   8.5835103252475822      -0.24693676239082318     
  -6.9216913260014552        5.7385025212286740     
   6.7108316667090699       -3.3331763607497789     
 -0.94262946273491743       -9.8223221457236836     
   5.3416777103744417        5.3821184962090811     
   6.2398365318853717        10.212463647012729     
  -9.4392228512731720       -6.0332339746380992     
  -1.9421299358593900        3.6738183544296947     
   9.2664719297092155      -0.98772794113281914     
   3.9235850777510439       -10.756595699480885     
   9.0273080128315701       -4.5956211785143743     
   4.0378331208210128       -7.8400082435393577     
  -4.6842012998937852        4.0011283786793044     
  -1.1075962230420995       -11.816058592178234     
   6.3014409341375268        5.1040689966498105     
   8.2880921363202571       -9.2003737753584041     
   7.1482931393158244        2.2082841114466216     
   11.936242546746616       -1.2926604740809449     
  -7.5672975087189602       -5.3253246879591556     
   7.8898819554888027       0.48906357442106618     
   8.2855695315722020       -1.2051190359410691     
  -8.9968022718360068      -0.55407781485666663     
   10.401057602370388        1.7633042499258818     
 -0.38582998709849853        11.098719803818046     
   9.8439567558653254E-002  -5.4710647167782369     
  -2.8931763586329868       0.81370995441481497     
   6.9130959856469163       0.24846596909973237     
   7.6861984645733221       -3.1132378614053202     
  -11.131224353597618        4.6040019515540189     
  -6.6316358735740835       -4.9687099824008651     
   9.5580059246728180       -1.8215403560738804E-002
  -2.5833828390854254        1.7646491672347768     
  -9.2911315389440006       -5.0413453406634403     
 -0.64006327072376812        2.1564202470998728     
   2.0874238998273209        8.6481887453041608     
  -2.6187756516309788       -8.7119104187135488     
  -3.0022767551022307        7.2135308925204056     
   1.3633257219453310       -8.1220500085556413     
 -0.83792451241740429        5.6699798326429356     
   3.4440155266466606E-002   4.0560193216567253     
  -2.3823376406236658        11.164584354881372     
   12.315174311975271      -0.36668951103280767     
 -0.10360205536714864        6.3516968466707970     
  -1.3801679648764418        11.260496984392127     
  -3.0168273302248676       -3.2542005907343703     
  -1.8446972324614230       -10.254875611867881     
   1.1817742449492177        12.353436598772884     
   6.7009951520398809       -5.2745385419090818     
   11.156105578430227        5.3917575311547337     
   2.1209938805045780        12.010446403445403     
 -0.29691740400419225        3.1065945891180617     
  -3.5616259099421348        1.5591665073062024     
  -9.7644856507217881        8.7450580905001379E-002
   10.948942113196363       -1.4521345780804824     
  -8.7029840566695924        8.4057151827409413     
   2.0191677404809854       -11.982189228356747     
   6.8325647907010092        3.1650974067208950     
   1.5151625826509012       -4.0580990196507445     
  -3.5795401838449377       -10.156370178132313     
   2.7095598654673507      -0.59659756892110083     
  -1.9320842702097132       -11.250573153078042     
  -8.5164051171187634        7.4225266574660926     
   7.6073488922405463      -0.47060511607858663     
   2.7395628778128689        7.8849535179548296     
  -2.7175239066746615        9.1927999700804044     
   9.5898388513624759        6.3066967956423241     
   10.156025501510408        7.1317269783786967     
   1.7753320326442941        5.6573738609538378     
   9.6536186620915192       -2.6727524200458617     
  -6.0147574007502209       -6.5845552139441486     
  -4.2731314914342589        4.9199916320906318     
  0.38804798205127500       -8.3512049224644169     
  -8.6651926788141154        1.4275613999341614     
  -2.8686195223659179        8.2047854132901197     
   2.2310120912390707       -8.6189374227950086     
   2.1681341178126337       -1.4425909814897289     
  -5.1852269863494431       -7.1427121909419968     
   4.6669848790730200        2.6896953938314638     
  -10.210634431963513       -4.6312865502488973     
  -1.3874039266686817       -3.7711861634300452     
   8.3603262715126068       -3.8510824445507774     
  0.70517396514130448      -0.50330755838161878     
  -7.4162433420658012        6.6077833994783024     
   7.6582695236737734        8.4716336076026870     
   8.6691758938023344       -2.8952663994941981     
   10.143765721902410        2.7328783398593259     
  -3.9978396559195133       -3.4477788731538910     
   9.9731633403777078       -1.7123328290269173     
   7.1893952845230711        1.2090898420886005     
   10.586467013035383        6.2231533951712930     
 -0.41597863080588932       -3.5334019068614926     
   3.3788834858672563       -7.0883132746245057     
   9.5835341215023053       -5.4274221440649120     
  0.67765247708194620       -7.3928242062987852     
  -5.9209055809606621        5.7271879035631992     
