   3.1879556802130837       -10.981430980125285     
   4.8784040505412971       -6.9809212826052613     
  -2.7974030854541283        4.2692612872246185     
   4.6240013305524972        6.5603663007643132     
   8.6468620193995722        4.2964186155558126     
   4.5444278420709212        11.222198914440241     
 -0.79979873449323657      -0.93743232523183195     
   5.8879086554663171       -6.9932015455972731     
 -0.42769675832236048        1.5247869797025744     
   3.5625489439610147       -1.9509824715539583     
   6.0549078605271429        5.1628839892667537     
  -2.9845779980519067        2.2132549778195059     
   8.8393822068092476        5.2880992561776665     
   6.3676987222797825       -7.8732731364601145     
   3.6656969540689199        6.2742615277169591     
   5.3672216724265542       -7.8528153380442207     
  -3.3294286192975266        9.7329972261347351     
  -9.8442184532958787       -5.5511501011334898     
   11.043483119453759        2.8757958121774410     
   8.2294902115929442       -2.4345828867291925     
   3.9483820530998086       -3.6412391365298515     
   2.5407087974056677        1.4062991705420655     
  -2.9964563863208493       -2.3537346889375628     
   3.2683357258551142       -2.9078422753365301     
  -2.7159006243651511       -1.3933726210820172     
   3.7252619347919604        11.795569126980867     
   9.8605026532582585       -3.0286455453898693     
   5.5976107962147079       -4.1622613856101776     
   7.9504167603617848        7.1266400317054295     
  -6.1526502641261844        1.7656664020732760     
  -8.2332015071332183       -4.3620766251507286     
   6.2540667894649973      -0.82601862421627537     
  -8.6412202725240803        8.5497667098571331     
   3.6283072218511054        10.800452015230675     
 -0.92900041581119353       -9.1946364923436388     
   11.993092363700166        3.1885559322967794     
   2.4829003469505762        4.9904719281152001     
   1.3040275874517853       -3.0904207377028534     
   7.0196143008446006        5.4254606384444664     
  -9.0098707401606219        4.8595168355044214     
  -3.5817229449243784        4.8898021195754851     
  -7.6987237841407481        8.2133508853891080     
 -0.11544739961534031        12.243484905171698     
   3.2347569924989088        4.3214568619474241     
 -0.92694925409915396        4.9956868888707024     
   3.2383676519458522       -11.979734409608984     
  -4.9529400634575840        9.1589941108794157     
  -5.4271187452174079        3.6292499106500005     
  -1.0435261822052084       -1.9067753928555606     
   2.0698040204225840       0.52096340803999797     
  -7.1974390676370490       -5.7630227443254896     
  -1.5060796791900404        6.6309173138459379     
  -2.9561538926459763       -4.9686555933451739     
  -1.2523390662829954        2.0916025929521420     
  0.96808605999409780       -8.5524653797457209     
  -1.0341255209925202        8.6029455296331854     
  -5.0501444690433264        4.5563591119832658     
  -10.135232967783045       -1.6721555926040659     
  -1.9593459032754088       -4.7766302151118767     
  -4.3121112316912802        9.9265604419167079     
  -5.2982356104761248        10.104000844017683     
  -8.6937807300067966       -3.0700558750125961     
  -9.9612696624469752       -4.5578455377647833     
 -0.86785237602861376        9.6044103207033800     
   6.2370668378882295        2.5355177494636720     
  -5.7976829895425164        2.7007204366353337     
  -8.3007291757386277        5.5658538388071088     
   3.0376852749767220        3.3408377206870390     
   5.3934552933074587       -6.1223790897635588     
  -1.6831948124364819       -8.5365303048007650     
  -9.1727650672907597       -1.4019156293945934     
   4.5381162120320901       -1.7243350244217712     
  -9.4233549117417184       -2.3752046412451131     
  -8.2830338028476067        6.5722082663367347     
  -2.4200463593927970        10.151295561787439     
   4.8584736409468361        7.5322368119043883     
   2.0912791368638577        3.0172200116453500     
  -11.351620099582304        1.6961430107558986     
   2.2850809633146367        4.0024840515702094     
   10.858674541338969       -9.3990273476779379E-002
  -5.4826606558175994       -5.6329817720332436     
   7.9071592841180154       -7.0827847966639359     
  0.88659101326219980       -1.3818934354197676     
  -5.9376066600335129        9.3321587588253099     
 -0.77701910158397347        11.493301630657156     
   5.5856889817048616        6.8341654818733071     
  -5.3763628328799529       -6.6354552704158616     
  -9.4111636531279679        7.9079446803322480     
  -2.0129082293495215        3.6500530553671724     
  -6.7015495504330138       -9.0693451879999465     
   5.5142237679713917       -1.5005381478626203     
   4.0583348043078313       -10.489178497053338     
   2.8454356238784038        2.3587227764954446     
  -9.7255107816987287       -6.5477146007804823     
  -8.9240196528924685       -5.9482181324969021     
  0.87068731873919447        12.041899466861043     
  -5.5487230400178857       -4.6281340610138271     
   4.6220323659500062       -4.3821179613094392     
   6.8895468609497694        1.7763928491849206     
   7.6778318299080306       -1.0327780837409657     
   9.9246738281488565        7.4503403670010773     
  -9.8739954382143336E-002   8.9619556625131338     
  0.20400066748545004        11.293357572888530     
  -6.1894798034606131       -7.2228910728217848     
  -7.7263127108891352       -2.7844729511802049     
   7.0695300011322360      -0.23808941783683393     
  -1.2574533178492935        7.6057927318407295     
   4.4794506688103848       -8.3241692235862104     
 -0.74842499945221563        5.9794452587278890     
  -3.1589291908816408       -11.515723401041644     
   11.125802189424808       -3.3610971606458704     
   1.5169801314249947E-002   5.3300314874673571     
  -7.8637999292973909E-002  -1.6442630001045628     
   5.0943183390519744        4.8862040659418398     
  -11.934525498426943        2.5111180012239660     
  -9.1572259158717184       -3.9592301523885691     
  -8.4643693808909308        7.5616965600160961     
 -0.73633136928807574       -8.2100723754231204     
   1.7286764749894346       -9.2048040983658268     
  -1.6961348696049501        5.6348196479590760     
   4.4474417297379976        10.227420656084050     
   6.9001790197369948       -7.0274751629452785     
   5.2214650102818023       -2.4597781240185426     
   4.2453748302765257       -2.6837626267875474     
  -1.8611060617193109        4.6395819178857947     
   2.4746517942873916       -5.6947488063595717     
   3.4324418868165552        5.3021974175784292     
   1.3361951553697051        3.6748906270136326     
 -0.35312720033962364        2.5308546866080768     
   12.047400706828720       -2.9726888442360213     
  -3.6529942913265430        10.679077141190922     
   2.9377703177510366        6.9607911100144362     
  -5.1603365975034947        1.9279839648393837     
   9.2889180205773272        8.2285797850993845     
   1.9267739451288755E-002  -8.8765197117676351     
  -8.0082265124158365       -6.3497998477161319     
 -0.34379565566202114       -2.6209668145082734     
  -6.4210574228678787        3.4823279033063654     
   3.8987246872549024        7.2485526648578320     
   10.303109191612378        3.5480469904648766     
  -2.2953730327634161       -5.7187440963742322     
   7.3668168429687633       -7.9229640739683722     
   5.2990458595934467       -5.1188585645261782     
  -2.6449558771122046        5.2610723531031898     
  -11.101986119060136       -1.9269314490114513     
   8.4302380843638396       -6.2305336607963202     
  -1.3278071932851148       -2.8659179613491035     
 -0.97596314993591859       -4.5702039249583288     
  -8.4560425397988848       -2.0991731358823240     
  -2.0199430534478848       -2.1205555861001621     
   10.092894193490366        2.5654714892615895     
   8.3028673933291302        8.0631531396751157     
  0.47029491907751825        1.9641413860630426     
   2.2697982965975982       -2.8313273491775237     
  -2.7292498782417205       -10.612573413051264     
  -10.394545786205027       -2.6380087432695771     
   3.1811501085907401       -9.9801942735449138     
  -6.0501595297850139        4.4113256819418192     
  -7.3071508985634628       -4.7683952225595592     
   11.792943334647481        2.2091928123862461     
   7.2190446744718786        2.7240771269916473     
  -10.938930219551500        2.6100567455301942     
  -1.4569167491748569        10.418754582411452     
  -9.0423732484882837       -4.9532306920551976     
   3.7937132025606903        2.6801782941392611     
   8.8766156783995207       -3.2034984544934724     
  0.21421461931106800       -7.8958313765135779     
  -2.1544683767871651        1.6555729187694455     
  -2.3066329177434199       -3.0778492557785184     
   2.7026043793292658        5.9867354137900755     
   5.3411150813598054        5.8638334715114722     
   10.704276016093138       0.89638575718177016     
  0.78442247376475382       -9.5353642099920393     
  -7.5206873156855893        7.2264730173202443     
  -5.4950605574403246       -3.6250960950161288     
  -2.6208183667871299       -4.0267738481764193     
   8.9370122528957339        7.2887415281243815     
  -2.0851134486070850        2.6529439680672002     
  -1.1850484419204417        3.0896866432804879     
  -2.2263401041892066        7.3244973721447018     
  -6.7865038259665225        2.5485534688526892     
   7.2708184836907561        6.3927622797409551     
   9.2149008318225629       -2.2592118753013843     
  -10.523858946779013        3.5248343073592694     
  -1.6379208543969617       -3.8209521766040990     
 -0.46393111411694943        10.536164100211847     
  -6.3824843838600271       -5.1828715312251612     
   8.3659776563940831       -7.9809987440423757     
  0.62657950615820235       -2.3532370079558422     
  -8.1178289407815427       -5.3560386551130721     
  -3.7289108204483781       -10.689186056655783     
  -7.1330299920141922       -9.9732619212880831     
   7.0275313631174017       0.77522738617266351     
   6.3036547661624551        6.1348169022331822     
   8.5668208975203992       -1.4913657647900040     
   9.5206245304919790       -3.9692914639741708     
   10.843592353765114        1.8946162523531627     
  -9.7663513401816022        4.1929811487727573     
   4.9240765040483057       -3.4207675313309380     
  -4.6440325926515911        10.870312831831820     
