   8.6705611884159470       -8.8785185057668077     
  -8.9205833744334520        8.6272773479870288     
  -9.2286414562800481       -8.2969210584853634     
  -10.908311313241596       -5.9173867942457541     
  -8.6942610583253028        8.8553117860974737     
  -8.0654651723160118       -9.4315955030665997     
   3.0372301712295195        12.032537349465478     
  -10.867541315390381       -5.9919335725282998     
  -2.6476415024946016       -12.124220249301676     
  -8.7138390062963360        8.8360473036113341     
   2.8298765732917524       -12.082984762021475     
  -9.0070979603659183        8.5369144608389256     
  -4.5759375422467867        11.535489490644299     
  -12.293524452470542       -1.6958710787726425     
  -11.452494973615840       -4.7798620334286399     
  -11.851979285322516       -3.6793082501463004     
  0.75420278744264824       -12.387005301311628     
  -9.2671531628979320        8.2538835971135107     
   11.446331537730824       -4.7946028519218702     
   9.3035294104427102       -8.2128595926349632     
   8.5755614932560569       -8.9703103209806834     
  -12.361511089461198        1.0953381963742748     
   9.2964275669739909       -8.2208975587410578     
   2.7181459557474628        12.108608703833912     
  -9.1915009378208534       -8.3380472947415569     
  -5.8846262485587841        10.926019224497164     
  -6.1702033106888816       -10.767326190102750     
  -9.8179319443035507       -7.5904502182895923     
  -8.4432188271138671        9.0949864220227727     
  -9.0391229749440232        8.5029981784749165     
   5.2610486070413014        11.239576937485566     
  -12.354849918651249       -1.1680777657809722     
  -8.6391711432565828        8.9090652785144311     
 -0.10100205973576552       -12.409533462755066     
   9.5057035724032488       -7.9779898328406498     
  -6.6175196177561117       -10.498340644498141     
  -9.0849057883204161        8.4540646435102946     
   7.0458501451978837        10.215807256929018     
   5.1318679900994182        11.299143910558074     
   7.9849224772151839       -9.4998807998928267     
  -1.0047499115630698        12.369203684737455     
  -4.7718108537667812        11.455851926207067     
  -8.5239252444667777        9.0193913656105771     
  -11.405846535084967       -4.8901315930554370     
  -9.0818526776766699        8.4573443893627598     
   11.634745696377298        4.3173388516467606     
  -11.355589237399604       -5.0057282437985888     
  -8.9014000620734084        8.6470688163231451     
  -3.5361337274857521       -7.8870344873761233     
  -8.6635821731919638        8.8853287000346288     
   11.945117092851181       -3.3646544870734005     
  -8.8399580899535550        8.7098715918877545     
   8.8481153686286280       -8.7015847178974539     
  -4.6030706968430550       -11.524689251306233     
   8.4649109284969235       -9.0748005571429502     
   5.0661926547526379        11.328742832469940     
   11.266232347826737        5.2037227889359254     
   11.553596688390449       -4.5300249161921711     
  -12.136662757420238        2.5900075853088151     
   1.2439389638614882        12.347442570568848     
  -2.9472776924562916       -12.054885996261357     
   11.815859907699258       -3.7937022578127988     
   10.577682105125685       -6.4899432557005063     
   9.8340735438074258        7.5695257258493731     
   9.0057973058513490       -8.5382865415274747     
  -2.3508940507252194       -12.185237763030042     
   9.4087573133209652        8.0920954022019469     
  -10.371322756505659       -6.8148651094278065     
   8.3720962754862054       -9.1604981378361003     
  -2.6870815498085951        12.115540224190866     
   8.9110096252656792       -8.6371656020786727     
  -8.3763668392296307        9.1565932941221551     
   1.4056893552939862       -12.330075409977095     
   7.9394173827570853        3.6840780007228062     
  -8.5813502018587950        8.9647727741625811     
   8.2181093135478154       -9.2988924872743457     
   3.0063713946572128       -12.040284598658600     
   11.664910905808505       -4.2351594702984263     
  0.35906223788439123        12.404748949036980     
   11.291985823366595       -5.1475992796833436     
  -9.6667402256142765        7.7820855552865460     
  -1.0705387748058066       -12.363683468568173     
   1.2937755080931999       -12.342320167373995     
  -8.6399783897801683       -8.9082824160126588     
  -8.9471459866548244        8.5997267905902159     
   8.8404099560585543       -8.7094129531288988     
   8.8668188169150337       -8.6825253381323417     
   6.0425882314456878       -10.839457995882576     
  -8.7719441681284547        8.7783664591167412     
  -9.1050157838448058        8.4324023715217482     
  -10.764183411126220        6.1756843888708985     
   6.7442334659804866       -7.4400059765819178     
  -3.9827841611128711       -11.753474061114742     
  -9.3742091689396840        8.1320922668324300     
   9.0932170931197209       -8.4451243375514586     
   8.9739443647569708       -8.5717585545531598     
  -5.5611347787520717        11.094165230059573     
  -3.6597281159435613       -11.858039985456317     
  -8.8728084497019903        8.6764043470901946     
  -4.8175376534217902       -11.436697649984978     
  -2.0866126178571527       -12.233264893817511     
  -11.882942004520180       -3.5780457650117530     
   8.6735886361726191       -8.8755609597233818     
   8.3085470252006459       -9.2181759860255497     
   9.6666894329843220       -7.7821486483835498     
   10.991725920664093       -5.7609620259388716     
  -3.2837956052666901       -11.967598280446241     
  -6.0143910006153636        10.855128883206572     
   8.5130766595148799       -9.0296316629490256     
   12.216915987618568        2.1802949183031379     
   10.968875889895108        5.8043504280312401     
  -9.1728670908542167        8.3585424275307911     
  -4.4214784304908914        11.595570303698411     
   10.549719001223812        6.5353003890047683     
   3.4081950877176381        11.932767006162736     
   4.5790226071508187       -11.534265219012019     
  -9.2605052884375727        8.2613415364653910     
   12.310960894205177       -1.5642774819895224     
  -9.7898917507186152       -7.6265812582388604     
   8.5995486170705444       -8.9473172382535289     
   5.6080631592617483        11.070517141535881     
   11.728676005041587        4.0552288897262461     
  -11.792858186095982        3.8646109742039543     
   9.6770806512040206       -7.7692234006624732     
  -6.7866845252767636       -10.389785143768737     
   9.3966286543344086       -8.1061761707879345     
   8.8062155606870824       -8.7439859147885937     
   12.178130683157816        2.3874369611025927     
   6.1424743673813271       -10.783168867516265     
  -8.7904588868567952        8.7598261819392871     
   11.579699081064122       -4.4628792691838912     
  -7.5641841430164014        9.8381827808720779     
  -11.642405564830254        4.2966399480661854     
  -9.4806248821109165        8.0077758475127148     
  -5.3137353763710484        11.214764310016125     
   7.1422646546377981        10.148634281637122     
  -8.6704613312841303        8.8786160228954181     
  -1.9043118176185463       -6.7522595637012506     
   3.7195427753023820        11.839413994028780     
   9.6247395164334577        7.8339716249239055     
   9.0851062925600132       -8.4538491725482707     
  -3.1531034638770103        12.002693894513659     
  -7.5974428756523551        9.8125217926131469     
  -8.4217980331223963        9.1148252900757445     
   4.8110170339346121       -6.5343319143462884     
  -11.154294531982497        5.4395253168906201     
   9.1457967223668177       -8.3881538190744322     
  -5.7715054119079952        10.986193492726466     
   8.7383569467010282       -8.8118011808795647     
  -9.0735179170230520        8.4662857729213421     
  -8.7682636064589730        8.7820427866730260     
   8.4516327394607025       -9.0871682176894151     
  -8.9041057537769746        8.6442826715040049     
   12.402102104441278       0.44111854452275662     
  -8.6289089796139251        8.9190051015147880     
  -4.4104398429614244       -11.599773384464330     
  0.37701997487217204       -12.404216142822408     
  -11.964353620137283       -3.2955977654465896     
   12.217374614807076        2.1777235133910584     
   9.5105977443772005        7.9721548356737246     
   7.4037214180100701        9.9594995528795334     
  -6.0956227337305124        10.809722737764201     
  -9.4929126610273187       -7.9932053263641292     
   5.6130472531797198        11.067990906794252     
   12.242585608590316       -2.0312114108693611     
   12.364144909797917        1.0651961457059862     
   3.5954454569493062       -11.877688922741294     
  -9.0443629379009263        8.4974243878267472     
   8.8190969047252388       -8.7309937558318271     
   8.7133759194895823        8.8365039616902621     
  -9.6018751351832829       -7.8619791444430609     
  -8.5625950359473411        8.9826882629688640     
  -5.3433296133692894      -0.15500990794579642     
  -8.6047273095177630        8.9423369489271565     
   6.3759176983221035       -10.646802134140167     
  -8.7421586295330656        8.8080295569093767     
  -8.3153238468908519        9.2120633682491011     
   9.0564831210903485        8.4845056224104329     
  0.92966754484255898        12.375073350706858     
   8.7100751395681577       -8.8397575330087754     
 -0.26323694052279295        12.407152311971222     
  -4.3955695524434075       -11.605416428932703     
   3.6739139709792568       -11.853652530471443     
  -9.0660785380641613        8.4742517145150380     
   3.2543167593133022        10.333393427573577     
   8.8944912269815770       -8.6541751768990913     
   7.6609167092251784       -9.7630465200993033     
  0.35634782619179711        12.404827221935703     
   3.4016249048029938       -11.934641602760120     
   8.6178007159545693       -8.9297386859527723     
  -5.1876782932291867        11.273629233980836     
   7.6461746371022894        9.7745964417075708     
   9.0139549046918468       -8.5296740357114729     
  -12.085182556755141        2.8204759791939207     
   3.5957777149629959       -11.877588341236791     
  -11.240083271709244       -5.2599667512590491     
   4.6091749714551726       -11.522249270946183     
   3.5833849196565715        11.881333035349464     
  -8.8214681752948554        8.7285979063976065     
   10.235054664376767        7.0178613691443079     


