   10.864133711193375       -5.9981097759727842     
   2.7556006973352156       -12.100139956882909     
  -8.4391270890798573        9.0987832237979571     
  -1.3702943505715623       -12.334059168501678     
  -5.3291462320634775        11.207449425118647     
  -12.368844111016287        1.0091667536568716     
   11.983030219161257       -3.2270278811898652     
  -5.9088748795354284       -10.912924440190348     
  -10.512406369093858       -6.5951523492898581     
  -8.5602980044360457       -8.9848773088204652     
   7.6896981403406244       -9.7403934566192234     
  -10.732021979659981        6.2314064549990382     
  -11.380336118104593        4.9492092316119249     
  -5.5322096930256315        11.108617289820632     
  0.19216199081920099       -12.408456630403034     
  -8.0214595767172803        9.4690500282974153     
   9.5570192110332233        7.9164452868222703     
  -10.347191551451818        6.8514486918368407     
  -9.0800554026502862       -8.4592739679070554     
   11.543019038619363       -4.5569105382242876     
   1.5967657707508280        12.306789234104366     
  -7.1449181684636374       -10.146766309779036     
  -11.349245689012305        5.0200940698102690     
   10.312201794822750        6.9040000233316272     
  -2.7725399005831064       -12.096269866325869     
   3.7982420682479763       -11.814401354715352     
  -9.8305334323300642       -7.5741226960717709     
  -1.6767988173273547        4.8253667393623241     
  -9.8586582900762956        7.5374782851308142     
  -4.4635407180209068        11.579444133371776     
  -4.0265258660390666        11.738560884087409     
   3.1575390614797105        12.001527788350051     
   12.363173998194501       -1.0764064611827777     
   2.3612454944051637        12.183236101071831     
  -4.7291204279108756       -11.473540959861724     
   10.029018068091490       -7.3092762137713114     
   5.8498214648168014       -10.944693280721816     
   7.5889425691966954       -9.8190973546830111     
  -4.8967580977731240        11.403003214557206     
   4.6060040139757099        10.016312450306364     
  -7.1167371668722774        10.166551739747719     
   10.474921159614285       0.36255248887600905     
  -12.028176009773402       -3.0544564258178983     
  -7.1798085459459102       -10.122108052321449     
   10.716811985261931       -6.2575285098715190     
  -5.5700178223933436        11.089708005061683     
  0.36340293886992636       -12.404622544976100     
   11.343650383111795       -5.0327247257361734     
  -11.478895751114873        4.7161079837452373     
  -8.1102344705127951        9.3931261576013476     
   3.8055363956230974        11.812053797748154     
  -8.1929019104400282       -9.3211094009896041     
  -5.8201616626224313        10.960494532649918     
  -12.388720981730117       0.72547544145103116     
   9.6837527769733054        7.7609055099112245     
   5.9645808347823053        10.882577711399826     
  -12.012969455821933        3.1137255872664689     
  -10.676646707506034       -6.3258151460826939     
  -7.7734891775464448       -9.6736543346285071     
   1.3880452021725505        12.332074144118433     
 -0.79683039673630773       -7.8783245714964770E-002
  -11.421644079785613       -4.8531194807058800     
   5.2050775439741265E-002   12.409835329128455     
  -8.1846425606725663        9.3283625751433927     
   5.5622097117711098        6.3218996324801067     
  -12.264754041942666        1.8927573721847348     
  -12.365356825358045       -1.0510341387794420     
  -10.201098157258755        7.0671294430822948     
   2.9572348394987817        12.052447232133533     
   10.868979831741273        5.9893238012742396     
   9.2581586383806886       -8.2639712490960218     
  -6.5259785423111696        10.555487968095212     
   5.7008777714850876       -11.023008428459804     
   12.357728744757667       -1.1372169759103787     
   9.6444781670272430        7.8096583193532529     
   6.9261454369176727       -10.297340994935203     
   12.202596676699169       -2.2590609830456150     
  -3.5273313150898811        11.898094636238818     
   1.9224815029968594       -12.260129976878043     
  -6.7193038562360874       -8.9786075828657559     
   2.9518937337884199       -12.053756491804922     
  -7.6868012583058229       -9.7426797440240556     
  -2.4152959216522532       -3.8616203066408445     
  -5.4223233886720150        11.162666851965488     
   3.2058054801873861       -11.988725261782804     
   4.3920550687260596        11.606746936699635     
  -11.429538731086296       -4.8344975513394264     
  0.20098859363611751        12.408316798201794     
  -12.403048226186430      -0.41366275902273397     
   4.9476363504473166        11.381020021203767     
  -12.389357185568407       0.71452831134472017     
   3.0219811328445831       -12.036376207648214     
   10.953929884030430        5.8325073746248899     
  -11.646640432764428        4.2851474664479685     
  0.31247002548777447        12.406010021859579     
  -6.7766244706255980        10.396349501792781     
   12.379531201083481       0.86829109215126143     
  -11.936085838710325        3.3965536990083725     
   5.9227966677931319       -10.905374904664544     
  -11.498929882002777       -4.6670476479346386     
  -11.113767409076972       -5.5218562237935132     
  -5.7276849862311181       -11.009102909765685     
  -9.6336073043521679       -7.8230641365670257     
   11.684871903384201        4.1797716182599176     
   10.138389373886740       -7.1567997794243929     
  -7.5855510044055636        9.8217176776198567     
  -2.4834195086403743       -12.158920582165715     
  -9.2866736025949663        8.2319144540121680     
   11.777702150741824       -3.9105567669732202     
  -5.2849064389054901       -11.228378605627970     
   6.4005919071725570        10.631986898841900     
  -3.9564748474466334       -11.762356437416390     
   10.002862801368748       -7.3450294728000936     
   12.372079694137190       0.96869304799141143     
   5.6990192947152289        11.023969396627159     
   11.923621624344946       -3.4400537116100685     
   1.6946660715808390       -6.9891267511810753     
   8.0386628460673961        9.4544498426171923     
  -12.162175736706724       -2.4674285255648072     
   11.562838163748946        4.5063838915764309     
  -11.498513776274617       -4.6680727410925691     
  -12.076941642879246       -2.8555564665749062     
   12.006523632104185        3.1384888801830044     
  -11.004776836421080       -5.7359924128156470     
   10.188596480498585       -7.0851410668299648     
  -10.873135173902812       -5.9817767986900101     
   4.1756902480807021        11.686331038071460     
  -2.1062780434791222        12.229894316095557     
  -1.2837059772706376        12.343371546835503     
  -11.632818811418650        4.3225280427098491     
  -6.1057829256226599        10.803987090166455     
   9.4486109109947645       -8.0455250936119338     
  -9.2573408042357315       -8.2648873805721497     
   7.4381870751674724        9.9337855429901545     
   12.346130276296675        1.2568967260754684     
   6.1237692983056862       -10.793802469956420     
  -8.5495244982065337        8.9951294061772646     
  -4.4980382239884733       -11.566087251739340     
  -4.3974925688328454        11.604687901290950     
   3.4178415148039600       -11.930007609343392     
   7.8202700929539546       -9.6358755623222212     
   6.2888516867883206        10.698460947299305     
   12.006210224659490        3.1396875992032345     
  -5.6175292149835725        11.065716772903357     
   11.357500999780051       -5.0013891289624519     
   5.1208349333770302       -11.304148431634031     
 -0.48496455597758414       -12.400464973490070     
  -5.0588009292158924       -11.332045505462510     
   5.8104290224934667       -10.965657151027214     
   2.6627410423810614       -12.120913015137434     
   9.8995808327763530       -7.4836502800862945     
  -10.590801358869431       -6.4685120975598434     
   2.4956242126288299        1.9453842893723676     
  -6.6160716914592514       -10.499253190240729     
  -6.1574102088098126       -10.774647172866189     
  -11.723076742461856       -4.0713872168658378     
  -12.025588700561173        3.0646269894138936     
  -12.247057222275641        2.0040737445550016     
   11.770763340487772        3.9313932087159333     
  -8.6909668887121487        8.8585448420503976     
  -9.2638552068486089        8.2575849305866988     
   6.7187514125999073        10.433844048815153     
  0.12765331429235785       -12.409287925205815     
 -0.68817612751567381        12.390848873133194     
   3.8686829874835378       -4.7084483527262417     
   8.0629933853505271       -9.4337087005642850     
   8.1615500296815870        9.3485733292472553     
  -8.7140118183118833        8.8358768783652408     
   7.1930304321333685        10.112716518409476     
  -9.7686456598467863        7.6537758101256905     
  -11.344352663194609        5.0311415039112184     
   3.3117283505002404        11.959898724980977     
  -7.9982239300035598       -9.4886846372311826     
  -12.169467469009243        2.4312103364444639     
  -12.332696763805517       -1.3825023368260767     
   3.7809701867722119        11.819940212456590     
  -10.553015508371098        6.5299759463100422     
   7.4740959575858703       -9.9067962427874310     
   10.122235164566863        7.1796293394934176     
  0.82767934564976842        12.382312751666928     
   6.4600607483924568        2.5962705881659089     
   12.408627729608924      -0.18077623541030438     
   3.6739269430955210       -11.853648509893713     
  -3.9874102662308832       -11.751905443291534     
   6.6847502233962928        10.455660506640021     
 -0.88616377511459898        12.378264657979457     
   8.6572636246274168       -8.8914851803853114     
   3.5465717377612500       -11.892373652396808     
   9.8538177872273227       -7.5438052198761776     
  -2.6093528401932882        12.132518284951557     
 -0.64666569979491739        12.393084589883884     
  -11.316979967325786       -5.0924146137618740     
  -9.0862162804088893       -8.4526561437775918     
  -1.2008192276021350       -12.351710624926801     
   5.3511798920229978       -11.196945831007552     
  -5.6389929108435632        11.054794486138794     
   11.829770284504692        3.7501009579954552     
  -12.308508196840668        1.5834608134130539     
   5.9247171129873264        10.904331676466180     
   10.548208475484419       -6.5377381514578374     


