  6    ***    0.12929E+02    0.3227486122E-01    0.0000000000E+00
  6    ***    0.12929E+02    0.6454972244E-01    0.0000000000E+00
  6    ***    0.12929E+02    0.9682458366E-01    0.0000000000E+00
  6    ***    0.12929E+02    0.1290994449E+00    0.0000000000E+00
  6    ***    0.12929E+02    0.1613743061E+00    0.0000000000E+00
  6    ***    0.12929E+02    0.1936491673E+00    0.0000000000E+00
  6    ***    0.12929E+02    0.2259240285E+00    0.0000000000E+00
  6    ***    0.12929E+02    0.2581988897E+00    0.0000000000E+00
  6    ***    0.12929E+02    0.2904737510E+00    0.0000000000E+00
  6    ***    0.12929E+02    0.3227486122E+00    0.0000000000E+00
  6    ***    0.12929E+02    0.3550234734E+00    0.0000000000E+00
  6    ***    0.12929E+02    0.3872983346E+00    0.0000000000E+00
  6    ***    0.12929E+02    0.4195731958E+00    0.0000000000E+00
  6    ***    0.12929E+02    0.4518480571E+00    0.0000000000E+00
  6    ***    0.12929E+02    0.4841229183E+00    0.0000000000E+00
  6    ***    0.12929E+02    0.5163977795E+00    0.0000000000E+00
  6    ***    0.12929E+02    0.5486726407E+00    0.0000000000E+00
  6    ***    0.12929E+02    0.5809475019E+00    0.0000000000E+00
  6    ***    0.12929E+02    0.6132223631E+00    0.0000000000E+00
  6    ***    0.12929E+02    0.6454972244E+00    0.0000000000E+00
  6    ***    0.12929E+02    0.6777720856E+00    0.0000000000E+00
  6    ***    0.12929E+02    0.7100469468E+00    0.0000000000E+00
  6    ***    0.12929E+02    0.7423218080E+00    0.0000000000E+00
  6    ***    0.12929E+02    0.7745966692E+00    0.0000000000E+00
  6    ***    0.12929E+02    0.8068715305E+00    0.0000000000E+00
  6    ***    0.12929E+02    0.8391463917E+00    0.0000000000E+00
  6    ***    0.12929E+02    0.8714212529E+00    0.0000000000E+00
  6    ***    0.12929E+02    0.9036961141E+00    0.0000000000E+00
  6    ***    0.12929E+02    0.9359709753E+00    0.0000000000E+00
  6    ***    0.12929E+02    0.9682458366E+00    0.0000000000E+00
  6    ***    0.12929E+02    0.1000520698E+01    0.0000000000E+00
  6    ***    0.12929E+02    0.1032795559E+01    0.6467248481E-01
  6    ***    0.12929E+02    0.1065070420E+01    0.6268256220E-01
  6    ***    0.12929E+02    0.1097345281E+01    0.1216228819E+00
  6    ***    0.12929E+02    0.1129620143E+01    0.2066707667E+00
  6    ***    0.12929E+02    0.1161895004E+01    0.8607816640E-01
  6    ***    0.12929E+02    0.1194169865E+01    0.5581324032E-01
  6    ***    0.12929E+02    0.1226444726E+01    0.2172995490E+00
  6    ***    0.12929E+02    0.1258719588E+01    0.1058277024E+00
  6    ***    0.12929E+02    0.1290994449E+01    0.5157426004E-01
  6    ***    0.12929E+02    0.1323269310E+01    0.5030082152E-01
  6    ***    0.12929E+02    0.1355544171E+01    0.9817750706E-01
  6    ***    0.12929E+02    0.1387819032E+01    0.9586744807E-01
  6    ***    0.12929E+02    0.1420093894E+01    0.1873271974E+00
  6    ***    0.12929E+02    0.1452368755E+01    0.1373381981E+00
  6    ***    0.12929E+02    0.1484643616E+01    0.4477325872E-01
  6    ***    0.12929E+02    0.1516918477E+01    0.8762078587E-01
  6    ***    0.12929E+02    0.1549193338E+01    0.1072201722E+00
  6    ***    0.12929E+02    0.1581468200E+01    0.8400755759E-01
  6    ***    0.12929E+02    0.1613743061E+01    0.1851984792E+00
  6    ***    0.12929E+02    0.1646017922E+01    0.1008506570E+00
  6    ***    0.12929E+02    0.1678292783E+01    0.3955695673E-01
  6    ***    0.12929E+02    0.1710567645E+01    0.2328209453E+00
  6    ***    0.12929E+02    0.1742842506E+01    0.1142345760E+00
  6    ***    0.12929E+02    0.1775117367E+01    0.1308282835E+00
  6    ***    0.12929E+02    0.1807392228E+01    0.5505900734E-01
  6    ***    0.12929E+02    0.1839667089E+01    0.7211268218E-01
  6    ***    0.12929E+02    0.1871941951E+01    0.1417170972E+00
  6    ***    0.12929E+02    0.1904216812E+01    0.8705911417E-01
  6    ***    0.12929E+02    0.1936491673E+01    0.8559593578E-01
  6    ***    0.12929E+02    0.1968766534E+01    0.6734490154E-01
  6    ***    0.12929E+02    0.2001041396E+01    0.6624986249E-01
  6    ***    0.12929E+02    0.2033316257E+01    0.1303797294E+00
  6    ***    0.12929E+02    0.2065591118E+01    0.9624487897E-01
  6    ***    0.12929E+02    0.2097865979E+01    0.1421290655E+00
  6    ***    0.12929E+02    0.2130140840E+01    0.7775508670E-01
  6    ***    0.12929E+02    0.2162415702E+01    0.9190300473E-01
  6    ***    0.12929E+02    0.2194690563E+01    0.3018049291E-01
  6    ***    0.12929E+02    0.2226965424E+01    0.2973990177E-01
  6    ***    0.12929E+02    0.2259240285E+01    0.7327997380E-01
  6    ***    0.12929E+02    0.2291515147E+01    0.1300329748E+00
  6    ***    0.12929E+02    0.2323790008E+01    0.5698414746E-01
  6    ***    0.12929E+02    0.2356064869E+01    0.8429723882E-01
  6    ***    0.12929E+02    0.2388339730E+01    0.9700872722E-01
  6    ***    0.12929E+02    0.2420614591E+01    0.6836185475E-01
  6    ***    0.12929E+02    0.2452889453E+01    0.6745639972E-01
  6    ***    0.12929E+02    0.2485164314E+01    0.5325969337E-01
  6    ***    0.12929E+02    0.2517439175E+01    0.5257247152E-01
  6    ***    0.12929E+02    0.2549714036E+01    0.9082982740E-01
  6    ***    0.12929E+02    0.2581988897E+01    0.6406236703E-01
  6    ***    0.12929E+02    0.2614263759E+01    0.1012264980E+00
  6    ***    0.12929E+02    0.2646538620E+01    0.6249028440E-01
  6    ***    0.12929E+02    0.2678813481E+01    0.8642595698E-01
  6    ***    0.12929E+02    0.2711088342E+01    0.9758961780E-01
  6    ***    0.12929E+02    0.2743363204E+01    0.7232603331E-01
  6    ***    0.12929E+02    0.2775638065E+01    0.1072201722E+00
  6    ***    0.12929E+02    0.2807912926E+01    0.8242938093E-01
  6    ***    0.12929E+02    0.2840187787E+01    0.1047694254E+00
  6    ***    0.12929E+02    0.2872462648E+01    0.1266046101E+00
  6    ***    0.12929E+02    0.2904737510E+01    0.9104729705E-01
  6    ***    0.12929E+02    0.2937012371E+01    0.5627578098E-01
  6    ***    0.12929E+02    0.2969287232E+01    0.3339644708E-01
  6    ***    0.12929E+02    0.3001562093E+01    0.8809441174E-01
  6    ***    0.12929E+02    0.3033836955E+01    0.1634104229E+00
  6    ***    0.12929E+02    0.3066111816E+01    0.1185662222E+00
  6    ***    0.12929E+02    0.3098386677E+01    0.8532704802E-01
  6    ***    0.12929E+02    0.3130661538E+01    0.1055535374E+00
  6    ***    0.12929E+02    0.3162936399E+01    0.9402384330E-01
  6    ***    0.12929E+02    0.3195211261E+01    0.9306928652E-01
  6    ***    0.12929E+02    0.3227486122E+01    0.6142261120E-01
  6    ***    0.12929E+02    0.3259760983E+01    0.8108192126E-01
  6    ***    0.12929E+02    0.3292035844E+01    0.1204246269E+00
  6    ***    0.12929E+02    0.3324310705E+01    0.9937479374E-01
  6    ***    0.12929E+02    0.3356585567E+01    0.1180975810E+00
  6    ***    0.12929E+02    0.3388860428E+01    0.1267147489E+00
  6    ***    0.12929E+02    0.3421135289E+01    0.5792938213E-01
  6    ***    0.12929E+02    0.3453410150E+01    0.6694968498E-01
  6    ***    0.12929E+02    0.3485685012E+01    0.1042279813E+00
  6    ***    0.12929E+02    0.3517959873E+01    0.8449147209E-01
  6    ***    0.12929E+02    0.3550234734E+01    0.9302206720E-01
  6    ***    0.12929E+02    0.3582509595E+01    0.1106162862E+00
  6    ***    0.12929E+02    0.3614784456E+01    0.5481210596E-01
  6    ***    0.12929E+02    0.3647059318E+01    0.9054147874E-01
  6    ***    0.12929E+02    0.3679334179E+01    0.4487187823E-01
  6    ***    0.12929E+02    0.3711609040E+01    0.1334399523E+00
  6    ***    0.12929E+02    0.3743883901E+01    0.1322846280E+00
  6    ***    0.12929E+02    0.3776158763E+01    0.6994620675E-01
  6    ***    0.12929E+02    0.3808433624E+01    0.1907150297E+00
  6    ***    0.12929E+02    0.3840708485E+01    0.1289356501E+00
  6    ***    0.12929E+02    0.3872983346E+01    0.1193329113E+00
  6    ***    0.12929E+02    0.3905258207E+01    0.1267956393E+00
  6    ***    0.12929E+02    0.3937533069E+01    0.7545123228E-01
  6    ***    0.12929E+02    0.3969807930E+01    0.7483530385E-01
  6    ***    0.12929E+02    0.4002082791E+01    0.9897246664E-01
  6    ***    0.12929E+02    0.4034357652E+01    0.7363313030E-01
  6    ***    0.12929E+02    0.4066632514E+01    0.1298602882E+00
  6    ***    0.12929E+02    0.4098907375E+01    0.1690942636E+00
  6    ***    0.12929E+02    0.4131182236E+01    0.5592267804E-01
  6    ***    0.12929E+02    0.4163457097E+01    0.1189017474E+00
  6    ***    0.12929E+02    0.4195731958E+01    0.1022524422E+00
  6    ***    0.12929E+02    0.4228006820E+01    0.7805299891E-01
  6    ***    0.12929E+02    0.4260281681E+01    0.1161891600E+00
  6    ***    0.12929E+02    0.4292556542E+01    0.1153122607E+00
  6    ***    0.12929E+02    0.4324831403E+01    0.1220783983E+00
  6    ***    0.12929E+02    0.4357106264E+01    0.8330489215E-01
  6    ***    0.12929E+02    0.4389381126E+01    0.9772465878E-01
  6    ***    0.12929E+02    0.4421655987E+01    0.9700872722E-01
  6    ***    0.12929E+02    0.4453930848E+01    0.9630320920E-01
  6    ***    0.12929E+02    0.4486205709E+01    0.1397345926E+00
  6    ***    0.12929E+02    0.4518480571E+01    0.6571558941E-01
  6    ***    0.12929E+02    0.4550755432E+01    0.1087464380E+00
  6    ***    0.12929E+02    0.4583030293E+01    0.9358085700E-01
  6    ***    0.12929E+02    0.4615305154E+01    0.7148011479E-01
  6    ***    0.12929E+02    0.4647580015E+01    0.9227659418E-01
  6    ***    0.12929E+02    0.4679854877E+01    0.1127852330E+00
  6    ***    0.12929E+02    0.4712129738E+01    0.9100818739E-01
  6    ***    0.12929E+02    0.4744404599E+01    0.9038697109E-01
  6    ***    0.12929E+02    0.4776679460E+01    0.7596276606E-01
  6    ***    0.12929E+02    0.4808954322E+01    0.1440432616E+00
  6    ***    0.12929E+02    0.4841229183E+01    0.1158264736E+00
  6    ***    0.12929E+02    0.4873504044E+01    0.1488971162E+00
  6    ***    0.12929E+02    0.4905778905E+01    0.1210207884E+00
  6    ***    0.12929E+02    0.4938053766E+01    0.6679289415E-01
  6    ***    0.12929E+02    0.4970328628E+01    0.9953664193E-01
  6    ***    0.12929E+02    0.5002603489E+01    0.7252108734E-01
  6    ***    0.12929E+02    0.5034878350E+01    0.8515557084E-01
  6    ***    0.12929E+02    0.5067153211E+01    0.1171543095E+00
  6    ***    0.12929E+02    0.5099428073E+01    0.1034759757E+00
  6    ***    0.12929E+02    0.5131702934E+01    0.7069090217E-01
  6    ***    0.12929E+02    0.5163977795E+01    0.9579231685E-01
  6    ***    0.12929E+02    0.5196252656E+01    0.1205809413E+00
  6    ***    0.12929E+02    0.5228527517E+01    0.1198343101E+00
  6    ***    0.12929E+02    0.5260802379E+01    0.8148733086E-01
  6    ***    0.12929E+02    0.5293077240E+01    0.1557479565E+00
  6    ***    0.12929E+02    0.5325352101E+01    0.1176488819E+00
  6    ***    0.12929E+02    0.5357626962E+01    0.1107833803E+00
  6    ***    0.12929E+02    0.5389901823E+01    0.1284710171E+00
  6    ***    0.12929E+02    0.5422176685E+01    0.7297372913E-01
  6    ***    0.12929E+02    0.5454451546E+01    0.1027659217E+00
  6    ***    0.12929E+02    0.5486726407E+01    0.9014085272E-01
  6    ***    0.12929E+02    0.5519001268E+01    0.1015604564E+00
  6    ***    0.12929E+02    0.5551276130E+01    0.1009682671E+00
  6    ***    0.12929E+02    0.5583550991E+01    0.8857318572E-01
  6    ***    0.12929E+02    0.5615825852E+01    0.9980436777E-01
  6    ***    0.12929E+02    0.5648100713E+01    0.5837201351E-01
  6    ***    0.12929E+02    0.5680375574E+01    0.9286305511E-01
  6    ***    0.12929E+02    0.5712650436E+01    0.1154211485E+00
  6    ***    0.12929E+02    0.5744925297E+01    0.1147708885E+00
  6    ***    0.12929E+02    0.5777200158E+01    0.1027151229E+00
  6    ***    0.12929E+02    0.5809475019E+01    0.6242065735E-01
  6    ***    0.12929E+02    0.5841749881E+01    0.1015770052E+00
  6    ***    0.12929E+02    0.5874024742E+01    0.8979320205E-01
  6    ***    0.12929E+02    0.5906299603E+01    0.1060451566E+00
  6    ***    0.12929E+02    0.5938574464E+01    0.1110181619E+00
  6    ***    0.12929E+02    0.5970849325E+01    0.1380205469E+00
  6    ***    0.12929E+02    0.6003124187E+01    0.3624099621E+00
  6    ***    0.12929E+02    0.6035399048E+01    0.7154718729E+00
  6    ***    0.12929E+02    0.6067673909E+01    0.6138712258E+00
  6    ***    0.12929E+02    0.6099948770E+01    0.5835962688E+00
  6    ***    0.12929E+02    0.6132223631E+01    0.5858917588E+00
  6    ***    0.12929E+02    0.6164498493E+01    0.7539182186E+00
  6    ***    0.12929E+02    0.6196773354E+01    0.7765763907E+00
  6    ***    0.12929E+02    0.6229048215E+01    0.8413302342E+00
  6    ***    0.12929E+02    0.6261323076E+01    0.7896059192E+00
  6    ***    0.12929E+02    0.6293597938E+01    0.7384134738E+00
  6    ***    0.12929E+02    0.6325872799E+01    0.8544707328E+00
  6    ***    0.12929E+02    0.6358147660E+01    0.9900814373E+00
  6    ***    0.12929E+02    0.6390422521E+01    0.1026327775E+01
  6    ***    0.12929E+02    0.6422697382E+01    0.1072471798E+01
  6    ***    0.12929E+02    0.6454972244E+01    0.9956158846E+00
