   4.0893588376574845      -0.87652965322843357     
  -2.4596726204525226E-002   12.409920111764162     
   9.2337693114775714        8.2912138123270971     
   3.4682443142819759        11.915452301770143     
  -4.3764403092720663        11.612643643834389     
   6.9262104647740887        10.297297255928981     
  -9.9871311831611589       -7.3664056981433372     
   9.8049720374529059        7.6071838103252913     
   5.4124272235777164        11.167468546129129     
   12.304809850273939       -1.6119481157624427     
  -9.3647818365502165        8.1429468457756613     
  -2.6678239666573971        12.119795273115674     
  0.90533532416091866       -12.376877236610820     
   10.156046650747507       -7.1317205923359737     
  -12.001088393875229       -3.1592086891659896     
   1.9047916347708804        12.262890809569150     
  -11.925380727036051       -3.4339505958219227     
  -1.4572772354592549       -12.324084762704322     
   12.328166934628610        1.4223298531769828     
   11.988485042779880       -3.2067036904509489     
   8.6716669687806753       -8.8774384910213158     
   4.9552445515496846       -11.377709506471229     
  -12.404006322343058      -0.38386108761122689     
   2.4763369854003088       -12.160365015658336     
  -12.305809098818962       -1.6043019051079739     
   3.0442815468991431        12.030755256529742     
  -4.3931779933765256       -11.606321953910328     
   3.1868186740566506       -11.993786262810941     
   11.223609936637944        5.2950261726936398     
  0.22341352905456516       -12.407933291823584     
   11.889814395843805       -3.5551421647655745     
  -9.3086451979009635       -8.2070607868410459     
  -2.9507349581026499       -12.054040210084732     
  -5.3439330471192550        11.200406321523133     
   12.409080880543998       0.14640314008255639     
   12.157518716897272        2.4902732435620649     
  -7.9897251766675437       -9.4958419205794193     
  -9.6651916363995820       -7.7840087879562549     
   8.0976943155459615       0.99024269649558583     
   4.9548700466416484       -11.377872604322919     
   6.0770923382652606        10.820151149198717     
   3.0540721159648059       -12.028273595566194     
   9.9547075264182734       -7.4101633074298716     
   5.0530648004232415       -11.334604461648949     
   6.3500235504931206       -10.662266320416657     
  -12.136208503335382        2.5921352863765774     
   9.0908589061532155       -8.4476627849200625     
  -3.6251176412389476        11.868666490658789     
   9.9627342539135686        7.3993681058051095     
  -6.1095643283223975        10.801849188791664     
  -9.2434597265674086        8.2804090758026572     
  -7.2358858189127542       -10.082096934416271     
  -12.296772351483705        1.6721578618941904     
  -10.256144010960137        6.9870045230953703     
  -11.281069703382752        5.1714783695504707     
  -11.335269251419021        5.0515733368073645     
  0.88553794425586607       -12.378309445501504     
  -7.4458425869875864       -9.9280486677448678     
  -6.4204465153138122        10.620008885274219     
   8.1867063305229735        9.3265514332513977     
   12.406311209471497       0.30027379680970939     
   12.005951976843448        3.1406749766630653     
   5.3084348190812554       -11.217274265652703     
  -9.0887633239439385       -8.4499173617639691     
   11.905843667717980       -3.5010867940067305     
   3.3600876623460549       -5.5450613408461740     
  -7.3658841755948545       -9.9875158318287500     
  -5.5448279983406552        11.102324290351378     
  -12.269289987602635       -1.8631278483835636     
  -5.1113237091777970       -11.308452242429357     
  -6.9107676877942321       -10.307667638445071     
   7.2369509432129497       -10.081332413170287     
   5.1638762816056385        11.284551560765690     
  -9.5003426525311525       -7.9843729662263385     
   11.078131167034881       -5.5930074222442254     
   9.8894214837084782       -7.4970704209626984     
   11.120716651351968        5.5078474324959013     
  -4.3063977560589795        11.638799789751468     
   10.729290758879419       -6.2361079200678819     
   7.5543318531247277        9.8457499679899332     
   5.2816451068948389        11.229913051494320     
   2.2531942417310153       -12.203681325253410     
  -9.9019869917980294       -7.4804662818283756     
   3.4605102756437509E-002  -12.409896239138014     
  -8.5762444326554714       -8.9696573853550650     
  -11.685204897629619       -4.1788405903697026     
  -5.5601185686754677       -11.094674564022998     
   12.019488939325788        3.0884636660860521     
   9.8048821735319986       -7.6072996353806825     
  -11.443398764753496        4.8015983682672605     
  -12.068387500052390       -2.8914953446076743     
   11.950081132775340        3.3469811919691881     
  -6.6154705665136779       -10.499631963211845     
   11.895240993583204        3.5369427312138195     
   2.8488795922848547        12.078518421063549     
  -5.9599172068138451       -10.885132478166396     
   3.6984160827926273        11.846030586565675     
   10.134422640252570       -7.1624157885482180     
   9.4289561591812614        8.0685505468793099     
   8.0459780089290724       -9.4482252332984942     
  -10.319419410333740       -6.8932071790231193     
  -1.6685337318042657        12.297264629385674     
   11.427222880267664        4.8399689486602950     
   11.587289908367614       -4.4431334392240212     
   6.7154418568210170       -10.435974456032600     
   11.433184296657428        4.8258697680288307     
  -4.3228466770616061        11.632700408156571     
   10.326779381753836        6.8821762386539129     
  -5.0748085318635079       -11.324885895417841     
  -12.376169678847058      -0.91495697149941335     
  -11.627894451593841       -4.3357574657609463     
   5.8310495249657297        10.954706003207278     
   8.1334943578937260        5.4906954754001749     
   9.8500562633087796        7.5487160357878160     
  -12.345959768965116       -1.2585704439575214     
  -9.5662668462045861       -7.9052679149106408     
  -10.972383704388163        5.7977166214800224     
   12.379809147858555       0.86431917825897242     
   12.108574784172260       -2.7182970543000540     
  -11.467382121690815       -4.7440351447301188     
   5.9652110908247824       -10.882232253596209     
   4.9903180717432907        11.362369811009540     
  -8.0440530528645340        9.4498641610347711     
  -10.756279685451780        6.1894401610845247     
  -10.762629324500271        6.1783923639338001     
   7.5388469077793481        9.8576117533799437     
  -6.7982872587378615       -10.382196902726854     
  -12.317015726735638        1.5158646927267674     
  -7.5272005424933282        9.8665076988971521     
  -7.0208970117470297        8.9319268430278154     
  -10.291856398246420       -6.9342926140438346     
  -12.357559449488626       -1.1390551486486518     
  -3.6884699369844181       -11.849131263652657     
   9.1256883165144345       -8.4100258578164073     
  -3.2983615962605910       -11.963591975641007     
  -11.892870634655878        3.5449048289973213     
   9.5666977271114053        7.9047464714176687     
  -10.268339284236035       -6.9690695593546526     
   10.218331952555394       -7.0421881746154806     
  -10.752470983189548       -6.1960543844430065     
  -3.3857152505104868        11.939164728814548     
   11.579361378281050        4.4637553976984270     
   10.944913911574060       -5.8494086579363946     
  -12.299178096255064        1.6543700722354489     
  -7.1072205777182802        10.173206861111519     
 -0.63957960138688374        12.393452308085848     
  -9.6282108809514853       -7.8297048099680024     
   11.897270461912649       -3.5301101591040185     
   9.5052627556079727       -7.9785150326461496     
   4.2827642503176273        11.647517012458488     
  -12.409907320202075        3.0372410236420580E-002
   5.1727624982140386       -11.280480943487255     
   9.3757749993862785        8.1302869162282256     
   10.367312880639332        6.8209637012843292     
 -0.20660288054696438       -12.408224588113255     
  -12.379144699904087       0.87378411415245283     
   8.1478159454135497       -9.3605457906562979     
  -10.451060072146138       -6.6919403425091453     
   12.151653581139120       -2.5187372676199096     
  -5.0329067618551289       -11.343569619206361     
  -12.407911350261323       0.22462881241036428     
   6.0656740309033461       -10.826556272893676     
  -8.9519899488956831        8.5946842952012652     
  -11.787976435208066       -3.8794759623289292     
   3.4098687450565244        11.932288855068640     
  -8.9713473466873257       -8.5744766000260864     
  -5.3820577373024960        11.182136499419553     
  -11.608455341726120        4.3875376646199777     
   10.886546065748046        5.9573347176110882     
  -9.4634526142519171        8.0280624559800984     
  -7.2398653436680007       -10.079239653111918     
  -9.0879916534709331        8.4507472974732405     
  -12.401336217797521       0.46214953473102405     
  -7.5061478249361722       -9.8825334307309376     
   1.0072858103728310       -12.368997432109451     
 -0.25969620737636223        12.407226928656661     
  -9.7176883048566687        7.7183713430334890     
   11.315130792065297        5.0965220825347552     
  -12.376720389652377       0.90747703864713569     
  -12.360992540605832       -1.1011746411880534     
  -10.601067239387092       -6.4516738576358907     
  -8.7765438480844811        8.7737677346712974     
   12.167992457890112        2.4385819084127589     
  -9.8899984820094158        7.4963092388961705     
  -8.3477114926830644       -9.1827248142496209     
  -11.771553126951446       -3.9290277625219563     
  0.52023589022004957       -12.399035317226723     
  -9.1141472924610198        8.4225317637058570     
   11.556242744185166       -4.5232704779590964     
   8.8683290824288417       -8.6809827476533705     
   1.5109234446839597        12.317622843861269     
   9.5280807513559278       -7.9512514345195555     
   5.9303872425163187       -10.901248980420011     
   12.328240003033356       -1.4216963835210283     
  -4.8266024139710266       -11.432875024102978     
  -12.401957777332580      -0.44515780187318071     
   12.242134990111342       -2.0339255303968677     
   4.1358361030060662        11.700494942880844     
   8.0854616243082802        9.4144586940060844     
  -12.131408394791045        2.6145080872129713     
