  -8.9120970044299472        2.5439858950630061     
   5.3692042442464372       -6.1048878690921029     
   4.0546995539345607       -6.3492763542945063     
   2.2592853436076852      -0.53041847466869119     
   8.7479453570680743       -1.9199188125856308     
  -2.9721384521494141        1.8991846703259621     
   6.3308408922164370       -6.4140120806650378     
   7.0766697730798045        10.168996049789175     
  0.79205307216267751        11.475367048063676     
  -7.0028725255099387       -9.2099439935685758     
   7.3449121233235779       -8.7528265487010941     
  -6.8154446708496934       -8.2279930084031569     
  -1.6199338508436196       -7.8391069312423595E-002
   8.7188295410580778        2.6752296654947281     
   11.691326024551673       -4.1616120027115162     
  -1.0892000113090570        10.796097466059955     
  -5.6529309831183774       -2.5455881486141734     
  0.94393307259120995       -6.8367549751485042     
  -8.0120913740423330        6.1005354691201328     
   11.507334281714540       0.12073737969305387     
   7.1473086894202096       -7.7714621541507993     
  -9.2846572144297834        6.9807818516018507     
   5.7208615409732424       -3.4742849605663695     
   8.4581177686167557        6.3627810631531885     
  -1.2207222184440483        5.7068859593344241     
   1.2570629330451564       -4.7812342935945145     
  -3.7387889102215786        3.9234482296768531     
   5.0864864954912123       -10.758845206885935     
  -9.8258169074927899        1.1947483903022380     
  -10.135261879461170       -2.5236585157721749     
   4.3194601511222608        6.7794566461482333     
   7.7743987320243439       -1.6831494615726410     
  -2.1337203529858311       -3.7583369785740941     
   4.8477834275207909       -6.9983497104840042     
   1.6285701575745493        12.108081685008795     
  -2.1705698106783107        6.0210118411886500     
   1.3323740348138797      -0.91073123949958079     
   7.1034571824385582        4.6388203441896039     
   5.6019484306802232       -9.0856608399786296     
  0.55437416153673580       -1.6207397672791781     
   6.2421213874831443        10.719957271115161     
   3.5819450281094118       -1.8265013785603914     
 -0.92073140691051303       -5.6946597196583735     
  0.95087275463301735       -3.7992367028618381     
  -3.6704571796763079        9.5789513942592830     
   7.9602728207285729       -2.6735575178071436     
  -4.6358325082963825        9.8513959907696353     
  -10.997829743671938        2.3287889509993267     
   6.9896404613863670       -4.5873155573513165     
   6.5603955084710526       -1.3992128748761170     
  -2.0854983816661790        10.714773985794693     
   4.1323117469904318        3.6926164955412051     
  -1.5583664381371851        3.2892158560279805     
  -9.0772003894672650       -6.4462828327408470     
  -5.2496874802419518       -7.4663069982809294     
   10.455358353419070       -3.7367613347385755     
  -4.5314751396285367       -6.4785310862404710     
 -0.69492705419856482       -2.7371810944836503     
   4.8599112770911264       -9.7618435339217271     
   6.5915050248698126        5.4982736759976065     
  -4.2303128395221687       -9.2084400701189075     
 -0.59602539145080879        6.4874299061466285     
   4.6106050206618088        2.7913643418863940     
   8.7773184178733228        5.3998895379720961     
   8.3622907287980084       -5.7553237359284166     
  0.82950751610835227        1.7884993193089538     
  -3.7940568989642274        8.0823804264223824     
   1.3538518036369112        8.4828642239294858     
   1.6015653083409274        6.2795115643783292     
   3.1065587159420640       -6.6665515132942206     
   11.009746357332508        4.1610246144732228     
  -4.8351041133071728        7.3440045476576588     
  -2.5377075022871050       0.32640957728502795     
  -8.0730633247234422       -6.5233152450998322     
  -8.5041624266080298       -5.6220318575262125     
   9.2753162530432274       -6.3584728186329951     
  -4.7806179787298575        5.6344746419318543     
  -3.0064040950587811        10.326384934399565     
  0.58235572507722588       -11.227295671050610     
   4.7019738459813309       -3.4615839555204988     
   7.5942003163957761       -9.7266169889796643     
  -3.8670314786129110        7.0827191623261383     
  -5.5132005644440394        2.0085230284330384     
   6.5619680369903657       -9.3762913032426862     
  -1.9202977925013565        4.9872121724341314     
  0.27104281343286435       -4.5672891413931245     
   10.963092277720090        3.1615020452933464     
  -5.8473491475047474        7.1286791516872929     
   2.7973914552080816       -2.4505547298011718     
  -6.8404796028759156        7.2474396267400225     
   1.5402526939794432       0.16446901558385058     
   11.401889528330885       -3.2016027103188138     
  -1.1566142560755222        2.3666267025216507     
   10.337722197306160        1.4811726642893039     
 -0.87715923792282358       -10.109740367657125     
  -7.0640013997006843       -3.6488206784950985     
  -7.7240689254449055      -0.53211530872619661     
  -9.5030106404334767       -5.5363289399706588     
  -2.3579600098681555       -8.5951721719585841     
   5.8152671589107108       -10.061826767589309     
  -7.4527602456985544       -5.6435290788022625     
   6.9988341403446341       -2.3144385107894383     
  -3.2390774987325082       -9.0681823317251720     
  -10.863134936943677       -5.2282096168335386     
   6.3564033589201845       -8.3827841081088454     
   9.1597377800778137      -0.19609555689457250     
  -6.9802131768643214        6.2407379592155632     
   7.7557296792439683       -3.8623091503078077     
  -1.3573754586953779       -8.5793073310292627     
   5.1956712750078573        6.2908796011386690     
   5.0813512190381429        9.7367182924319202     
  -9.9437454564144563       -4.6386977024731024     
  -2.1537289637076609        2.4836739135060637     
   9.4279618522008715       -1.1588835131719490     
   4.4910908397289155       -11.562043405031053     
   7.9563299407648334       -4.8415259689527286     
   3.8531988491527596       -7.3312178606923180     
  -4.7758264798009700        3.8589422508052023     
 -0.86382643180537211       -12.122510851912452     
   5.5765384988853315        5.2813233733350708     
   8.3172092565231388       -9.0007231055375936     
   7.8237708117750753        2.2273163852330389     
   12.401479718158678      -0.42491263466570406     
  -8.9292775707539302       -4.7175512205449772     
   7.2034270154002042       0.35048340987359400     
   8.4449236324354509      -0.94120511338275670     
  -8.7403320709485719       0.41455174290094132     
   9.5766217579648387        2.1614404705283152     
  -1.6137374834063054        11.648312631155955     
  0.11303588270707525       -5.5550336456243263     
  -4.2619937437958031       -1.1906886777600891     
   6.0229416410171677        1.2489999180147062     
   8.6454598806559613       -3.4048181279353753     
  -10.032869111087139        5.6150253636069500     
  -6.6475156138437166       -2.6590808336143552     
   10.144649996791058      -0.45494202718614030     
  -3.5198834578679090      -0.51913142862007189     
  -10.924554153954793       -1.9041036578839989     
  -8.7341154613815281E-002   2.2962882344443756     
   2.6814554065231353        7.8901967092386256     
  -3.8556269903056930       -8.2746153099627087     
  -3.0105687259701854        6.5642958546326629     
   1.8738147955014481       -7.3128282755779370     
 -0.23755712144277835        5.5238776341679676     
   5.5724852944188046E-002   3.9608247390811324     
  -3.9500132893827065        10.657275932280847     
   12.396469671772374       0.57761285024320042     
  0.72402862185477246        5.7994072186344248     
  -3.7925408717622666        11.717629671341490     
  -3.0934510737058689       -4.0939228204441394     
  -1.7402351388907036       -9.5026036074807969     
   2.6562104078213054        12.121904676398355     
   7.3021102045281054       -5.7791594791630985     
   10.982032224349618        5.7778453497208178     
   2.6878596551629506        11.121321686257748     
 -0.56421623626332695        3.1749063224724243     
  -4.0911090234103238       0.32729212907694932     
  -9.9979339826235094        2.1992659549143849     
   12.129330734905228       -1.3871033557764891     
  -8.7333188750151240        8.8159384116786601     
   2.4101712378028397       -10.745411363783431     
   7.3001387191582623        3.1385859030499379     
   1.9258155338024161       -4.0336897313472564     
  -5.3016042200762001       -9.3090857055767291     
   3.2530331092983813      -0.64969843261461691     
 -0.61973510387412467       -11.124212810544226     
  -9.4459580093743902        8.0461302709556808     
   8.1826386353333742        2.4013979396846963E-002
   3.3321571436142747        8.6491963499500351     
  -3.0322299615227535        8.7745938902986964     
   9.4739210809009684        6.5432521801156946     
   9.8943134482350743        7.4899874653415832     
   2.5458603132513171        5.9463776558291057     
   10.530303798398121       -2.7098558616185473     
  -6.9110592888429379       -4.7107130271933952     
  -4.3127103855991331        4.7460956961489913     
   1.0060930345491754       -7.8351969458154578     
  -8.3697087859933639        3.9791881040970782     
  -1.9545351979767587        8.7107481282105415     
   2.8274396235118164       -7.6263335138667117     
   2.6551551209170774       -1.4517437683289296     
  -6.2612403817201914       -7.3697082999834578     
   5.5858598912554607        2.5697825491615216     
  -9.1420802713143523       -2.6467491933065661     
  -1.0858823637281085       -3.6628572147608169     
   9.5197478996299711       -4.1026479396152817     
   2.6254865970391452        1.4065610031275808     
  -7.8268410241654083        7.0825840125840935     
   8.2278756209618749        8.2478100243049557     
   9.6044777718051986       -3.1038441761198050     
   9.5562402824342492        3.2280145415957535     
  -4.0123680749626462       -3.5516749517340278     
   10.443008093256564       -1.4110257537541029     
   7.0198199320737817        1.3333913556523520     
   10.466388984232633        6.6676963072461586     
  -6.3584826449602838E-002  -3.5741021734536602     
   4.0259476588073495       -5.3431174606898511     
   10.340858636111662       -6.3614153633483363     
  0.10890018262770089       -7.3894777472207158     
  -5.8478557768942849        6.1281920248259123     


