  2    ***    0.10685E+01    0.2802063971E-01    0.2043264416E+04
  2    ***    0.10685E+01    0.5604127943E-01    0.2311735666E+04
  2    ***    0.10685E+01    0.8406191914E-01    0.2223266281E+04
  2    ***    0.10685E+01    0.1120825589E+00    0.2115079832E+04
  2    ***    0.10685E+01    0.1401031986E+00    0.2162184567E+04
  2    ***    0.10685E+01    0.1681238383E+00    0.2151127941E+04
  2    ***    0.10685E+01    0.1961444780E+00    0.2085676498E+04
  2    ***    0.10685E+01    0.2241651177E+00    0.2152094372E+04
  2    ***    0.10685E+01    0.2521857574E+00    0.2163615424E+04
  2    ***    0.10685E+01    0.2802063971E+00    0.2237007533E+04
  2    ***    0.10685E+01    0.3082270369E+00    0.2170550162E+04
  2    ***    0.10685E+01    0.3362476766E+00    0.2143147942E+04
  2    ***    0.10685E+01    0.3642683163E+00    0.2138832974E+04
  2    ***    0.10685E+01    0.3922889560E+00    0.2144366564E+04
  2    ***    0.10685E+01    0.4203095957E+00    0.2114467390E+04
  2    ***    0.10685E+01    0.4483302354E+00    0.2101765458E+04
  2    ***    0.10685E+01    0.4763508751E+00    0.2129506096E+04
  2    ***    0.10685E+01    0.5043715149E+00    0.2124655220E+04
  2    ***    0.10685E+01    0.5323921546E+00    0.2095785048E+04
  2    ***    0.10685E+01    0.5604127943E+00    0.2103209597E+04
  2    ***    0.10685E+01    0.5884334340E+00    0.2090990685E+04
  2    ***    0.10685E+01    0.6164540737E+00    0.2092102131E+04
  2    ***    0.10685E+01    0.6444747134E+00    0.2116418327E+04
  2    ***    0.10685E+01    0.6724953531E+00    0.2122506180E+04
  2    ***    0.10685E+01    0.7005159929E+00    0.2143320610E+04
  2    ***    0.10685E+01    0.7285366326E+00    0.2137436033E+04
  2    ***    0.10685E+01    0.7565572723E+00    0.2144693310E+04
  2    ***    0.10685E+01    0.7845779120E+00    0.2169604791E+04
  2    ***    0.10685E+01    0.8125985517E+00    0.2161093991E+04
  2    ***    0.10685E+01    0.8406191914E+00    0.2163833691E+04
  2    ***    0.10685E+01    0.8686398311E+00    0.2180261848E+04
  2    ***    0.10685E+01    0.8966604709E+00    0.2174325405E+04
  2    ***    0.10685E+01    0.9246811106E+00    0.2194243111E+04
  2    ***    0.10685E+01    0.9527017503E+00    0.2221160571E+04
  2    ***    0.10685E+01    0.9807223900E+00    0.2228460224E+04
  2    ***    0.10685E+01    0.1008743030E+01    0.2283122249E+04
  2    ***    0.10685E+01    0.1036763669E+01    0.2343526690E+04
  2    ***    0.10685E+01    0.1064784309E+01    0.2354943321E+04
  2    ***    0.10685E+01    0.1092804949E+01    0.2376051297E+04
  2    ***    0.10685E+01    0.1120825589E+01    0.2379634648E+04
  2    ***    0.10685E+01    0.1148846228E+01    0.2391082501E+04
  2    ***    0.10685E+01    0.1176866868E+01    0.2392339996E+04
  2    ***    0.10685E+01    0.1204887508E+01    0.2384539812E+04
  2    ***    0.10685E+01    0.1232908147E+01    0.2370916149E+04
  2    ***    0.10685E+01    0.1260928787E+01    0.2395985957E+04
  2    ***    0.10685E+01    0.1288949427E+01    0.2405311529E+04
  2    ***    0.10685E+01    0.1316970067E+01    0.2438851194E+04
  2    ***    0.10685E+01    0.1344990706E+01    0.2447763628E+04
  2    ***    0.10685E+01    0.1373011346E+01    0.2441346000E+04
  2    ***    0.10685E+01    0.1401031986E+01    0.2463771093E+04
  2    ***    0.10685E+01    0.1429052625E+01    0.2427721169E+04
  2    ***    0.10685E+01    0.1457073265E+01    0.2393937165E+04
  2    ***    0.10685E+01    0.1485093905E+01    0.2379381155E+04
  2    ***    0.10685E+01    0.1513114545E+01    0.2354027929E+04
  2    ***    0.10685E+01    0.1541135184E+01    0.2397247751E+04
  2    ***    0.10685E+01    0.1569155824E+01    0.2395252480E+04
  2    ***    0.10685E+01    0.1597176464E+01    0.2392562462E+04
  2    ***    0.10685E+01    0.1625197103E+01    0.2397322138E+04
  2    ***    0.10685E+01    0.1653217743E+01    0.2389883854E+04
  2    ***    0.10685E+01    0.1681238383E+01    0.2376290805E+04
  2    ***    0.10685E+01    0.1709259023E+01    0.2390777510E+04
  2    ***    0.10685E+01    0.1737279662E+01    0.2403057201E+04
  2    ***    0.10685E+01    0.1765300302E+01    0.2393646425E+04
  2    ***    0.10685E+01    0.1793320942E+01    0.2389469322E+04
  2    ***    0.10685E+01    0.1821341581E+01    0.2411003403E+04
  2    ***    0.10685E+01    0.1849362221E+01    0.2433736793E+04
  2    ***    0.10685E+01    0.1877382861E+01    0.2447678279E+04
  2    ***    0.10685E+01    0.1905403501E+01    0.2478504161E+04
  2    ***    0.10685E+01    0.1933424140E+01    0.2494186429E+04
  2    ***    0.10685E+01    0.1961444780E+01    0.2497323175E+04
  2    ***    0.10685E+01    0.1989465420E+01    0.2497974897E+04
  2    ***    0.10685E+01    0.2017486059E+01    0.2529888245E+04
  2    ***    0.10685E+01    0.2045506699E+01    0.2532477313E+04
  2    ***    0.10685E+01    0.2073527339E+01    0.2564045690E+04
  2    ***    0.10685E+01    0.2101547979E+01    0.2591828054E+04
  2    ***    0.10685E+01    0.2129568618E+01    0.2617836326E+04
  2    ***    0.10685E+01    0.2157589258E+01    0.2638872071E+04
  2    ***    0.10685E+01    0.2185609898E+01    0.2653593321E+04
  2    ***    0.10685E+01    0.2213630537E+01    0.2692212438E+04
  2    ***    0.10685E+01    0.2241651177E+01    0.2710515933E+04
  2    ***    0.10685E+01    0.2269671817E+01    0.2723681068E+04
  2    ***    0.10685E+01    0.2297692457E+01    0.2749091660E+04
  2    ***    0.10685E+01    0.2325713096E+01    0.2753214442E+04
  2    ***    0.10685E+01    0.2353733736E+01    0.2754632849E+04
  2    ***    0.10685E+01    0.2381754376E+01    0.2727599030E+04
  2    ***    0.10685E+01    0.2409775015E+01    0.2721839489E+04
  2    ***    0.10685E+01    0.2437795655E+01    0.2741506302E+04
  2    ***    0.10685E+01    0.2465816295E+01    0.2729727127E+04
  2    ***    0.10685E+01    0.2493836935E+01    0.2747272321E+04
  2    ***    0.10685E+01    0.2521857574E+01    0.2736084519E+04
  2    ***    0.10685E+01    0.2549878214E+01    0.2751424658E+04
  2    ***    0.10685E+01    0.2577898854E+01    0.2754008747E+04
  2    ***    0.10685E+01    0.2605919493E+01    0.2733410354E+04
  2    ***    0.10685E+01    0.2633940133E+01    0.2766078669E+04
  2    ***    0.10685E+01    0.2661960773E+01    0.2747504517E+04
  2    ***    0.10685E+01    0.2689981413E+01    0.2737229439E+04
  2    ***    0.10685E+01    0.2718002052E+01    0.2739882753E+04
  2    ***    0.10685E+01    0.2746022692E+01    0.2745031909E+04
  2    ***    0.10685E+01    0.2774043332E+01    0.2744972880E+04
  2    ***    0.10685E+01    0.2802063971E+01    0.2749329046E+04
  2    ***    0.10685E+01    0.2830084611E+01    0.2734639067E+04
  2    ***    0.10685E+01    0.2858105251E+01    0.2739663590E+04
  2    ***    0.10685E+01    0.2886125891E+01    0.2722427683E+04
  2    ***    0.10685E+01    0.2914146530E+01    0.2713985558E+04
  2    ***    0.10685E+01    0.2942167170E+01    0.2733262513E+04
  2    ***    0.10685E+01    0.2970187810E+01    0.2731013312E+04
  2    ***    0.10685E+01    0.2998208449E+01    0.2726953774E+04
  2    ***    0.10685E+01    0.3026229089E+01    0.2728387794E+04
  2    ***    0.10685E+01    0.3054249729E+01    0.2728487608E+04
  2    ***    0.10685E+01    0.3082270369E+01    0.2739890170E+04
  2    ***    0.10685E+01    0.3110291008E+01    0.2731580219E+04
  2    ***    0.10685E+01    0.3138311648E+01    0.2697567645E+04
  2    ***    0.10685E+01    0.3166332288E+01    0.2691066924E+04
  2    ***    0.10685E+01    0.3194352927E+01    0.2683597280E+04
  2    ***    0.10685E+01    0.3222373567E+01    0.2674357937E+04
  2    ***    0.10685E+01    0.3250394207E+01    0.2689638260E+04
  2    ***    0.10685E+01    0.3278414847E+01    0.2681387256E+04
  2    ***    0.10685E+01    0.3306435486E+01    0.2708929738E+04
  2    ***    0.10685E+01    0.3334456126E+01    0.2704703588E+04
  2    ***    0.10685E+01    0.3362476766E+01    0.2687679099E+04
  2    ***    0.10685E+01    0.3390497405E+01    0.2690932897E+04
  2    ***    0.10685E+01    0.3418518045E+01    0.2684267610E+04
  2    ***    0.10685E+01    0.3446538685E+01    0.2689062613E+04
  2    ***    0.10685E+01    0.3474559325E+01    0.2700082689E+04
  2    ***    0.10685E+01    0.3502579964E+01    0.2702329098E+04
  2    ***    0.10685E+01    0.3530600604E+01    0.2702020030E+04
  2    ***    0.10685E+01    0.3558621244E+01    0.2703766933E+04
  2    ***    0.10685E+01    0.3586641883E+01    0.2689958981E+04
  2    ***    0.10685E+01    0.3614662523E+01    0.2674820019E+04
  2    ***    0.10685E+01    0.3642683163E+01    0.2666050792E+04
  2    ***    0.10685E+01    0.3670703803E+01    0.2633836964E+04
  2    ***    0.10685E+01    0.3698724442E+01    0.2635830416E+04
  2    ***    0.10685E+01    0.3726745082E+01    0.2643933567E+04
  2    ***    0.10685E+01    0.3754765722E+01    0.2619027037E+04
  2    ***    0.10685E+01    0.3782786361E+01    0.2615580202E+04
  2    ***    0.10685E+01    0.3810807001E+01    0.2618966003E+04
  2    ***    0.10685E+01    0.3838827641E+01    0.2619619264E+04
  2    ***    0.10685E+01    0.3866848281E+01    0.2597736992E+04
  2    ***    0.10685E+01    0.3894868920E+01    0.2602963844E+04
  2    ***    0.10685E+01    0.3922889560E+01    0.2602051568E+04
  2    ***    0.10685E+01    0.3950910200E+01    0.2589889297E+04
  2    ***    0.10685E+01    0.3978930839E+01    0.2586713844E+04
  2    ***    0.10685E+01    0.4006951479E+01    0.2571520245E+04
  2    ***    0.10685E+01    0.4034972119E+01    0.2554824477E+04
  2    ***    0.10685E+01    0.4062992759E+01    0.2539631665E+04
  2    ***    0.10685E+01    0.4091013398E+01    0.2520496072E+04
  2    ***    0.10685E+01    0.4119034038E+01    0.2522929934E+04
  2    ***    0.10685E+01    0.4147054678E+01    0.2515005447E+04
  2    ***    0.10685E+01    0.4175075317E+01    0.2519017821E+04
  2    ***    0.10685E+01    0.4203095957E+01    0.2510520455E+04
  2    ***    0.10685E+01    0.4231116597E+01    0.2540288512E+04
  2    ***    0.10685E+01    0.4259137237E+01    0.2548211223E+04
  2    ***    0.10685E+01    0.4287157876E+01    0.2533477736E+04
  2    ***    0.10685E+01    0.4315178516E+01    0.2513706829E+04
  2    ***    0.10685E+01    0.4343199156E+01    0.2524700350E+04
  2    ***    0.10685E+01    0.4371219795E+01    0.2513452654E+04
  2    ***    0.10685E+01    0.4399240435E+01    0.2498825651E+04
  2    ***    0.10685E+01    0.4427261075E+01    0.2495358332E+04
  2    ***    0.10685E+01    0.4455281715E+01    0.2503180512E+04
  2    ***    0.10685E+01    0.4483302354E+01    0.2525511216E+04
  2    ***    0.10685E+01    0.4511322994E+01    0.2549264439E+04
  2    ***    0.10685E+01    0.4539343634E+01    0.2539043965E+04
  2    ***    0.10685E+01    0.4567364273E+01    0.2542155240E+04
  2    ***    0.10685E+01    0.4595384913E+01    0.2536285476E+04
  2    ***    0.10685E+01    0.4623405553E+01    0.2535933613E+04
  2    ***    0.10685E+01    0.4651426193E+01    0.2530360179E+04
  2    ***    0.10685E+01    0.4679446832E+01    0.2543026108E+04
  2    ***    0.10685E+01    0.4707467472E+01    0.2565528803E+04
  2    ***    0.10685E+01    0.4735488112E+01    0.2566880396E+04
  2    ***    0.10685E+01    0.4763508751E+01    0.2546347042E+04
  2    ***    0.10685E+01    0.4791529391E+01    0.2545409589E+04
  2    ***    0.10685E+01    0.4819550031E+01    0.2537635625E+04
  2    ***    0.10685E+01    0.4847570671E+01    0.2537433265E+04
  2    ***    0.10685E+01    0.4875591310E+01    0.2535846823E+04
  2    ***    0.10685E+01    0.4903611950E+01    0.2527742448E+04
  2    ***    0.10685E+01    0.4931632590E+01    0.2521709352E+04
  2    ***    0.10685E+01    0.4959653229E+01    0.2508264257E+04
  2    ***    0.10685E+01    0.4987673869E+01    0.2511902694E+04
  2    ***    0.10685E+01    0.5015694509E+01    0.2508732181E+04
  2    ***    0.10685E+01    0.5043715149E+01    0.2531419741E+04
  2    ***    0.10685E+01    0.5071735788E+01    0.2522501245E+04
  2    ***    0.10685E+01    0.5099756428E+01    0.2518356823E+04
  2    ***    0.10685E+01    0.5127777068E+01    0.2515057531E+04
  2    ***    0.10685E+01    0.5155797707E+01    0.2483205641E+04
  2    ***    0.10685E+01    0.5183818347E+01    0.2459470296E+04
  2    ***    0.10685E+01    0.5211838987E+01    0.2447828963E+04
  2    ***    0.10685E+01    0.5239859627E+01    0.2443449709E+04
  2    ***    0.10685E+01    0.5267880266E+01    0.2447520857E+04
  2    ***    0.10685E+01    0.5295900906E+01    0.2437970635E+04
  2    ***    0.10685E+01    0.5323921546E+01    0.2428014890E+04
  2    ***    0.10685E+01    0.5351942185E+01    0.2405628956E+04
  2    ***    0.10685E+01    0.5379962825E+01    0.2392431819E+04
  2    ***    0.10685E+01    0.5407983465E+01    0.2386981561E+04
  2    ***    0.10685E+01    0.5436004105E+01    0.2376545333E+04
  2    ***    0.10685E+01    0.5464024744E+01    0.2359344951E+04
  2    ***    0.10685E+01    0.5492045384E+01    0.2346537068E+04
  2    ***    0.10685E+01    0.5520066024E+01    0.2334732947E+04
  2    ***    0.10685E+01    0.5548086663E+01    0.2333045044E+04
  2    ***    0.10685E+01    0.5576107303E+01    0.2327677466E+04
  2    ***    0.10685E+01    0.5604127943E+01    0.2334292291E+04
