  0.14120423729177478       -3.3379665826680931     
  -12.315753300309725        1.5235058197620486     
  -5.2852080219808677       -11.227718430226323     
  -1.0294023120713915        9.9977926129597883     
  -4.8974251954650319       -3.9223557083784124     
 -0.53702836543157462        9.1272252890682548     
  -11.943033821329713       0.60024751348675265     
  -7.9667298236716997       -4.6960492410561621     
  -3.9475797485420525        9.1911215443526686     
  -3.7069187815216149        1.3039360143183050     
   9.9642540462016811       0.58582734058934893     
  -2.2198435331409936       -7.8601052299703245     
  -9.0333151701905265       -8.3754975650053964     
 -0.78723430575506248        1.6118414870352302     
   9.8039113957926993        3.9339752620099793     
   5.7672591130039939        6.1376908505194772     
   12.394188931966363      -0.58264695581624881     
  -11.213653088607005        1.8046726116466125     
  -5.4535404774169738        5.7307746501699013     
   6.2990468227732190        2.0078234192285849     
  -7.2911769201261860      -0.67992226894552510     
  -4.8858232247917108       -9.0985183885595617     
   2.3651946148896594        5.4746156505522601     
   4.8718827806347349        5.6605174510748553     
   9.3157544118488076        1.3639538358729191     
   12.147794766541617       -2.5316793708575247     
  -2.7168996439353119       -5.9361111432226403     
  -2.0710160815015186       0.19969429870746155     
   1.1067802771833797        8.1449699670841511     
  0.28530720025323547       -5.1678283942827328     
   3.8142382803071442        7.3256823852838853     
  -8.6770474308715322        2.1406828455035707     
 -0.78170252751317715        3.0595829281963818     
  -1.7018175131058595       -3.9850397942798170     
  -9.6959294019682485        5.9272073853050271     
  -4.9269831044265811        4.4224174550157818     
  -1.7634030257677140       -5.6610353632200061     
   11.237949214411907       -5.2635048976217806     
   12.311287750234776       -1.5613617443366015     
   7.0341585405580389        8.9854146398897559     
  -3.4712413437034551       -9.1906309466507388     
   4.4379283479961336        6.5498304730140706     
   7.6568617036321251       -8.9759997663670497     
   2.9042146843521506       -11.683839052410665     
  0.71921146937022851       -12.389009746436734     
  -4.9414974333553312       0.94643872786315886     
  -2.4582226638355054        8.3731398029862696     
   9.8035554160613234       -6.5427954088110427     
  -8.0734392288852401        1.3490324190631886     
  -9.8250312163615947E-002  -1.1445496673141415     
   10.799706027272945        3.9146541844152849     
 -0.18527466222008798       0.81343864784366893     
   2.8413418538714303        2.7183199309616159     
  -2.9600161919177914      -0.30032924201445027     
   2.2584442953596855       -10.806018521354249     
   6.0628381598388028        9.2082189089261881     
   1.3912627587437485       -7.8616737983105889     
   7.6210327892792860        8.0366687535303766E-002
  0.68224180240055932        11.903918131695260     
   2.8203556140812167        7.3359078520575762     
 -0.56409854192883102       -2.0168031503469726     
   10.200875136998976       -1.9708423395350403     
  -7.8855450839861474        7.5404432759044120     
  -3.8658255676735913      -0.69218610548339754     
   5.3325570139265368        8.5221299478878780     
  -8.8279584506154904       0.36290487402804106     
  -3.9986136318804792       -1.8354926441741106     
  -1.1426484744231566       0.54095476214405436     
   6.0917924192196109      -0.13478047897527001     
  -3.1180485831036928       -2.3141272171220160     
   10.301471677089967        4.7919659978471847     
  -4.5981980698359095        1.5457165196689731E-002
   7.4324038962503245       -9.9380643321687625     
   8.7962810629932306        7.2692664179331725     
  -4.1334769696688660       -8.4109799202078470     
   4.7014542039361373        3.6783850912418954     
  0.25960769892455882        3.2070666417473714     
  -6.9367628673610797       -2.4996368496234882     
  -3.1244797560479327        2.5428621604974913     
   5.9797025389559968       -6.6687961709846233     
 -0.53298573482029421       -8.2842323488776923     
  -10.267055897977606        1.4825914852294333     
  -3.7653910671181507       -10.155508535299806     
   3.1156171194790696        8.2868079148857916     
   2.9416229539591492       -5.3766993954135271     
   11.416548506068843        4.7360193483427144     
  -2.7714680497032602       -4.9396182958284767     
   7.7518169167279796        1.7239843387428375     
  -7.7801653890537743       -3.6249810015598110     
  0.15457756802979733       -6.1458219708918689     
   7.3102398037885221       -5.0596498294039289     
  -1.9825309421322665        10.246596484979831     
  -2.0890083444038323      -0.78187798531539365     
  -1.5313079252268678        2.4142595474656336     
   1.6624538926535148        4.6580591427361719     
  -4.7942629177784699        9.8099458980808514     
  0.82650517924721412       -4.1101746729942927E-002
   2.1874902744879594      -0.99407757181670775     
 -0.29445965750301667       -11.804643073971484     
  -5.8890742129903879       0.65241175613224656     
   6.3803267969752904       -5.3780566022396386     
   2.6496228957968748       -9.0386677335195014     
  -7.7667498904196197        3.1376234802801113     
   6.8642151564675737        5.3961990111178491     
  -1.8501324902065919       -10.512433866576510     
  -3.6655486239807282        6.2830758437554888     
   5.8144216542267690       -3.6827496243278866     
   2.1129491182510352        8.3400655000830550     
   6.5649174415567524       -4.3929394609746035     
  -5.3206257705318425        7.5927012065448256     
  0.96415567011550907       -2.7895769155605716     
   6.0846235132214614       -7.6450032436577988     
  -2.7938712727445272       -3.9368715825155989     
  -1.2619920027781333       -7.5831076491401204     
  -4.7389346380647464       -1.1583970159531374     
   4.3828191656456932       -4.6244335992104251     
   5.5343142596657575       -11.076605598513510     
   3.2665589413052327       -8.2607501861177095     
  -5.8660062248949352        3.2038429483842954     
  -6.4779307994214452        6.0910312059989131     
   8.9770124193524463       -7.9338081127188795     
  -2.1997533744165114       -11.442750264709476     
  -2.9271855918114738       -10.757270048148149     
  -2.7397729424509607        10.897729114771728     
  -8.2661181942797768      -0.45956656140310603     
   8.5691969406735566       0.39076302602890839     
  -5.4685370998110807      -0.46846968287203117     
   2.3334662483910238       -8.0770316825059627     
 -0.88831357474590911       -10.246519227778190     
  -2.6928124154441551       -9.7994676735191462     
   2.1659431142138894       -6.7420286898181887     
  -7.1751650602625929       0.47158534472678099     
 -0.83704132146101828       -6.1638939408192668     
   8.6540160473019565       -8.8695724701809358     
   7.1327791539641225       0.94063028397161630     
  -8.9267837595721947E-002  -10.839793582608644     
   9.2009496299513014       -1.7221290466708747     
   3.4769405711075048       -10.836262227170575     
   6.8542616744216067       -6.2396487990600136     
   5.4191602426167940       -5.1623803748999384     
   1.0359507434161919        5.4382245407819347     
   5.0004553330048518       -6.8468106931752040     
  -6.4129778315980097       -3.6189369660244308     
   11.803048798370066        3.8192841989883144     
  -4.9476111796885105       -2.1289484647014594     
   2.3849016318552945E-002  -9.8467867780865781     
   9.8728773906836782       -7.5183721308657629     
  -9.5748947172898244       -3.0454113710632038     
  0.70148103578433629        7.2275774667338712     
  0.38154236066512220       -8.8427755764168605     
   10.758484504249118        6.1794044665376449     
  -6.8095561000670264       -8.1275276914627241     
 -0.96428622730753111       -4.8805234642769717     
  -1.2054594928851272       -11.409177568777542     
  0.67513927527908268        4.5124649738635840     
   3.4774720149900133        10.072282800214817     
  -3.8911551615209814       -7.4309933811600635     
   1.7955609332922200       -3.9039902102697006     
   11.601010395590050       -4.3436767144815374     
   8.2637379729213780       -2.0346086812348840     
   1.0219378866692084       -9.5913236912429909     
  -7.5482411518570203       -8.9976516519186429     
   4.0381410660038464        11.165264697187361     
  -8.5606770571015751       -2.9600420553357765     
   8.1537429980262441        2.6387117227945791     
   10.939108607510045       -1.3096831941591602     
   4.2709127810543945        1.9825487073151979     
   5.7188232214902843        5.1489654763881854     
   7.2088357531621750        7.9329034477038940     
   7.9953252265010395       -8.0479286538568626     
  -2.5655760798770757        4.8570889210763868     
  -7.4015331995866713        6.5749237980870214     
  -5.5915695268857659       -3.0521838246710216     
  -2.1734308625762124       -2.7534347082489257     
   6.9916829436700247       -7.2649095739206588     
  0.82017677466148819       -4.0742318413254539     
  -2.4531147574214462        9.3674116108677463     
  -4.8898844022317132        6.5491349441729430     
  -2.7184482679560809        5.9684605835427833     
  -3.8759891146404293        10.182952893908817     
  0.61111348037924051        9.8515033507295744     
   7.4837820813436995        3.6750229122497271     
   10.221565527214150        7.0373043098207280     
  -8.2547318711053546        5.9389302153070984     
  -4.9181590468304375        2.8968469434055564     
   3.1801869294511600       -9.8914641980249360     
  -1.5318831587711641        4.7023567416296341     
   5.7916071289229025        10.663189857423864     
   1.8216883738683254        7.3238332761212828     
   2.9770367771811808       -7.3129013685922866     
   2.0362395994793805        2.1298884517622163     
  -4.4035343606027562        5.6199547533149019     
  -3.6142990388496061       -6.4558107217179126     
  -9.7007939070869647      -0.47175696624367724     
   5.0171028419616359        11.350135001789797     
   11.617139543760532       -3.3551766859227206     
  -9.7903570960713697       0.61184642809271450     
  0.82074749414347437       -11.412282825208692     
   5.4044375905416437        1.5655181783128738     
   1.6791061085739563       -8.8159026574534618     


