   6.4486292698121304       0.77256808991568260     
 -0.63729163472218320        11.043560245816861     
  -6.6408842035289570        6.7196253295882871     
  -10.462916177475512       -3.5143960377117347     
   6.9962201566904492        5.7215636124698994     
  -7.2205592444523878        4.0377410080023726     
 -0.78676798624824529      -0.31671311956705639     
  -2.7139974824388733        10.785662810862521     
   6.0793912906158409       -5.5809538664915648     
  -8.2188423695969810       -9.2981694191033171     
   10.071692989281683       -6.6495531977624074     
   7.3252224593810542       -5.1878896916732309     
  -9.4100336701646583       -6.7523952604157369     
   2.4535967597023554       -12.158671258254762     
   3.5118327768743667       -4.6499491832504267     
  -3.9934915152333263        6.6639732076599714     
   12.279495681365274       -1.7928052482057251     
   5.8607307538939120        5.9804779934732091     
   6.4047956401933890        1.7860221050987590     
   6.2599636216636831        7.6868595317514608     
  -5.3650380119118619       -3.1847511075240980     
 -0.60504841567677592        9.6864991637103230     
   1.7360586574098487        2.0798236991180779     
  -6.4913781730633309      -0.72716909843923849     
  -7.5084571259112298        1.3779578013790241     
  -3.8152471278017037       -11.808041871905546     
  -11.115564393360021       -4.2614166309967452     
   3.3547002849321785        6.2337891073798168     
  -5.4119616789697433        10.021745201725546     
  0.21409155241547234       -11.962253081949553     
  -1.0115507484830280       -12.056946863532506     
   5.9250464190166872        8.6333319737818730     
  -1.0282449653597829        5.6056386441581907     
   9.8415600531178153        7.4669364949734440     
   11.864451916654870       0.12940209705502109     
  -3.7198277959292203        10.609749121759853     
   8.2540581818882046        1.5713284385321926     
  -6.0387287034875019       -2.4079290319991165     
   7.6559716548817693       -9.7660798800167292     
  -6.4702078811868828       -5.5482098791081667     
  -6.2165421612076601       -3.9321796864828196     
   12.084246203102120        2.8025921785810652     
  -1.3950400296558430       -8.8352507126320656     
  -9.1761614177102775        8.3062167389621830     
  -10.674052447889753        5.5071207984829167     
  -5.0935942755945476        3.9430603082314089     
  -11.180377615609771        3.9689884870441207E-002
  -6.8471185267021983       -6.4663155066158886     
  -2.8117880021723973       0.25451173463537097     
  -6.0047190500061740       -10.860482093802355     
  0.35545177597276778        11.098457020133283     
   1.1323005088230889       -12.335861194525144     
   2.3738857205542470        8.7690904333541937     
  -5.8822667577627445        7.8030171952242320     
   5.1657684433192061       -4.9832982425754491     
  -2.9861084986656348       -9.9954470957196868     
   1.7652496577557304       0.91398738847485494     
   10.134593948483257        2.0642770067943217     
   10.939879577826961        3.7939971423692591     
 -0.42554814949137509        8.7062438401874953     
   5.5314398873636721       -8.1251009029309351     
   6.7662083318412680       -9.3368772706557834     
 -0.24007593449870107        1.5626221478561422     
  -10.084701922146969        2.5531638810457111     
  -3.6133610908722273       0.96403142890072591     
   5.0563093085401123        1.2758053101248834     
   9.5884508691572936        4.5715680965701333     
  -1.3452378101871323       -11.120959326650224     
  -6.5461324361151894        1.1739766047023141     
   7.5969626492212230        4.2955841434657964     
  -5.5714701844955821       -5.1051144978443936     
   11.669526182154426       -4.1650089804690662     
  -2.9969760300935295       -7.3438029513686240     
  -10.493740797989025        3.4637465545035506     
   5.7459363672684685        9.8848126898478199     
   1.1972933184238848      -0.49010199297389423     
  -8.1110283813078752       -1.4332515552701370     
  -1.3960928253719351        6.4933110186727507     
 -0.71337238195912889        3.8382158426977422     
  -5.0434174823093425       -10.606007304164626     
   9.6969677225091484       -2.2339533606360042     
   2.5797230067750152        11.160919593486476     
   10.255872729991196       -5.6745153123474088     
  -1.2124626710006017        1.3939190615474668     
   1.5392055301258873        5.9118557930918234     
  -9.0368244960959796       -4.6351516495913980     
   4.6097917496282896        4.1736804817064561     
   8.5641394798583672        8.9808038242478485     
   2.9210977019988458       -11.171320054585140     
  -7.7034038105161349        6.1274973646174482     
  -8.0516578432574519        5.1509280262462536     
   2.0017437543743815        4.7470382997212353     
  -1.5916548056599558       -6.4617395228971226     
   7.5959389235254582       -4.2310664160269331     
  -1.0327487125418913       -7.8907488706953410     
  -7.7642908908767003       -2.5473830059364992     
  -8.0282890645081153        7.2334918972046092     
  -2.8620897237101905        5.1073467394777570     
  -9.1727623441551192        2.9529855021029987     
   8.8331331796813330       -1.7529701650248373     
   1.1763071225041413       -2.4357048066221889     
  -5.7471568964765041       -9.3307579064099802     
  -8.7468148682343045       -8.4432416495655414     
  -2.4066210741447955        2.8585177107612019     
   7.4731147658266259       -3.2454528644779592     
  -4.5394531366593087        1.3274652023855675     
  -5.5131016609622625       -1.5652009756118530     
   9.4766968321790586       -4.0919385209706833     
   10.331853896942121       -1.4738221270230834     
   8.5713161165007961        4.9715733612600106     
   12.096640157870310       -2.7680943190543794     
   3.0907377357679144        12.017415847597881     
   4.5314448913208594       -10.992687747876280     
   5.1151152318115898        11.183603335346177     
  -3.6402557037523673        7.8083616629619979     
  -1.7579365269735028        4.5046272608654687E-002
   6.2258503259554612       -7.4239990810279464     
  -3.0401664904728580       -4.6358762728780158     
   1.9534032679488353       -5.3307695142601066     
  -1.8761313345098942        8.7261450416543056     
  -8.5077459978866159        1.3298123999319238     
   5.5891478685966787        6.9366118962134360     
  -4.3390971466538568       -4.7099515755718828     
   4.1411225292643667        5.2115897271932878     
  -4.0781652828727291       -10.301457063411609     
   2.5422940135502383       -3.9176285661748991     
 -0.66937718342904484       -4.9598300486917344     
   9.5066220303595657        6.5324880906063303     
  -3.8447517106545996       -9.3001914524546372     
  -10.147812558918876        2.2456237321344337E-002
   9.2531073962913837        8.2688938829191336     
  0.16330123602323252       -10.052084969952229     
  -1.8919430983092038       -5.0989955973465646     
  -10.003806292383603        4.7793252292830353     
  -6.7156579168849548        8.9464321182678859     
   4.7828388701856719        10.097208361855282     
  -2.3222194688958928       -12.186601005231770     
   3.0993609215476248       -5.5571586184359232     
   10.209538691326053      -0.50663406416360357     
 -0.34831014877444461       -11.144657468647553     
  -4.6449458140513817       -8.5664016078128853     
  -8.4396384637551449        8.9732029745796140     
   3.6379315679710911        8.3908175700606265     
  -2.2488655772185613       -9.3468761254893025     
  -5.4376262646604587       -7.9660703965158728     
   8.7923969959929487        3.9930390986526949     
   10.763869590064429        2.8214058339427188     
  -6.7055076696337199       -10.108680090711566     
   9.4613595401136141       -7.4408217456191243     
   4.9783587836632455       -7.3044952994335590     
   4.7151799649359454        8.2141064344873431     
  -6.8367746433487859       -3.0055756706195602     
  -7.1016169204162019        7.6000059950737260     
   8.6891018735049972        7.0955613591005289     
   9.2424120649543173       -5.6046950687281694     
   6.2169716160515018E-002  -4.2886691729820532     
  -3.3173533150708656        4.0077844048175173     
   1.0111117062337871        10.362123903458732     
  -7.9360324456664371       -6.3623670560453771     
  -2.0287495829258213        1.9538035284995852     
  -7.4538313260746856       -5.5014185071225397     
   8.9863298380159762       -6.5686775928327510     
  -6.2311987030258793        4.8308452903386074     
  -3.3778705926835300        3.0191003277672372     
  -3.2131351255541887        9.7461578977186587     
   10.496274071885779        5.4642198631275534     
   5.7156576041742184       -1.9957881275847631     
   10.871940180242991       0.22377773583016319     
   4.0848098117047584       -5.4628022456675041     
  -10.584137497821633       -6.4781173403739745     
   2.8538101429638560       -1.1903820608711595     
   2.5739399827865048        3.9416802116242216     
  -10.358405472204920        6.4566379563787812     
   4.1863967085406655        6.7494926036737937     
  -6.0867851427307853        3.8436423376805715     
   10.422453009492466       -4.3965084123829792     
  -9.0809155054041408       -1.6623832488046610     
   3.6799079969682262       -3.6550150235845194     
  -2.1201586200432048       0.96605191372190380     
 -0.52927117903929999       -9.3100804133898318     
   10.886545607867918       -3.5212106229479661     
   5.8546933638053913       -2.3171623738128186E-002
   3.7185126420683359       -1.6911197733368606     
   7.4413828565843474       0.86059301470241745     
  -3.5573862969527679        1.9588439945496363     
   6.5139867314533362       -6.4681594265038553     
  -6.0800760907446598       -7.1049991643196266     
  -1.1351922136533203       -1.2305680698188159     
  -4.7804551946957856        9.2226381010111886     
   8.3896899190246614       -7.5015335003593986     
 -0.45815291356882937       0.60871664225965272     
  -3.3370448207040582        11.554143199209257     
   7.6454959983603583        2.3786687545922365     
   4.7423857783817827        2.3545472684045352     
   9.1103538599803464       -8.4246734905143068     
   3.2147540197364508        9.2938417054278837     
   6.0477569239105007        10.834735052883042     
   8.3995770062092365       -9.1224253378120803     
  0.57722450761312283       -7.3102702770766284     
  -6.2120011736266347        5.8264919907618538     


