   1.7398627616541460        3.4568869155833450     
   3.7309264386423737        10.654544884596238     
   6.4837859735421741       -10.491295740657755     
   2.4484018015230689       -6.6716439432086441     
  -8.1659129834711415        6.2683812109603414     
   6.4312428567422728        8.3344303132830522     
   9.1438313369626449        3.2941569309690037     
  -3.1274083909156571        7.2606606011080830     
   3.6213652896831423       0.30744302250872901     
  -5.4053943302060663       -6.8777903075615265     
  -2.9124331372172350       -11.848604190740074     
  -4.6625313492469118       -1.5405942077276826     
  -5.5580754161562247       -1.9869638978617417     
  -7.9247112843795415        1.9365597152153164     
   12.338898868450261       -1.3073123656592496     
   7.6281332969672873       -3.0345991824104512     
  -1.7214162404639937        2.5218290654984923     
   8.1645904176170578        7.3804127796173393     
   9.4584053936861618      -0.86278664971783903     
   4.7333289008015225       -8.0357003304057972     
  -1.9196496897893354        1.5401730485549792     
  -1.9136891527092821       -11.803405414919924     
 -0.51679071370842311       -6.7416794258211308     
   1.9919505662516801        2.4894972301846283     
   8.1583707905680694        9.3503002965762310     
  -2.8061879671234702        1.0720646741191173     
   3.2396876806486987        9.7841796129187841     
 -0.84027996667274862        4.3424192151006409     
   9.8617248648255149        6.9981032219342216     
   12.101232444065236      -0.33639656882658797     
   6.2020944302087653        9.3201480482924914     
  -9.5818898215387769        1.7639440454034840     
  0.93084035815261013       -1.4131719610685443     
   5.7274310650789033       -8.1639870241780130     
  -2.0242789948771902        5.5851033960134817     
  -4.6961665421008991        7.9363485839382699     
  -4.4254884533356798       0.80518031822485558     
   3.9631411018843528        6.0409639146264462     
  -5.2369667304701091       -9.6625140861051388     
  -8.4913111597802722      -0.43633786054657464     
  -3.2882238954497414       0.19477122826250540     
   7.5254321777193329      -0.37621865271409993     
  -3.8326749807434690        4.9491998295021986     
  0.13447722145382288      -0.80810714408453199     
   4.6182903090243368       0.37648903677884787     
   1.0987547949214655        4.2242113811600435     
   8.9067847565546998        6.7021799041859866     
  -1.5483543978635723        6.4657279967427792     
   6.0050348348158691       -4.4811572382794171     
   5.8054175909505448        5.3943171896506632     
  -3.3313187577323640       -9.6088938541716402     
  -10.048556690662219      -0.84778350010355730     
   1.8787148598371695       -1.7328959659178225     
   2.9738064541540172        6.1898796359617876     
  -7.6309361435716170       -4.0240782369407944     
  0.52918603346269533        1.8858734422812697     
  -3.4125273164040073      -0.79861071221359248     
   8.3928122525014626        8.3546179377719607     
   7.2459463576964351       -1.3366809711572303     
   7.3047062621085841       -7.1492320416058162     
   2.7358044924481324       -11.495791279663717     
  -8.8105833823585744        2.4001380489954922     
   7.4117173100290330        8.0587293743387054     
   3.7518056611017858       -8.2334602609995073     
   10.929008867288008       -5.0448251685164500     
   1.9000548514888980       0.11547500722275397     
  0.84356357339623145        10.580058303813196     
  -5.3734430517067748        7.2009132427323630     
  -5.8047860623020275       -8.8384202332629638     
   7.4400175931365320       -6.1567254836332639     
  -7.3900464964691848        6.9005098841997343     
   10.937228885105837       -1.9731158156866770     
 -0.84749332997917715       -1.0018404113822055     
  0.94609666436456841       -12.373758746946661     
   6.9546355095622543       -2.2937414645492682     
   7.1765328719652208        9.0715929964292581     
  -4.6731572759759219        1.7744692059693041     
   6.9747725109509089       0.45966678377549930     
   7.4216343667682310        1.3545658068354240     
   8.6979143849675360       -8.8511972441927202     
   6.9539192904878515        2.2381469310859132     
   4.6327851626027039        7.7475845857623735     
  -2.2210045939694334       -2.3428773588994289     
  -5.9661628608635828       -1.0744846392224114     
  0.41264181190396165       -8.2071933416779022     
  -8.9405720960353783        5.6320039041355221     
  -4.2102669660310541      -0.19682988565536183     
   8.7028410164486925        5.7237346577658963     
  -10.579459561368628        1.6911458843092571     
  -7.3567555153250277        1.1126707396973796     
   8.0520904196761496       -5.3661474112530589     
  -5.4276160294495366       0.58652285981377217     
   1.2722548218318348        8.6496386405684689     
  0.36959651230183854       -7.2072300058285927     
   1.7153095477189586        11.074409136565210     
  -2.0604819021588949        10.610386321844381     
 -0.25686820752670131       -10.009175187111136     
   5.7470157486662101        6.3941681656048006     
  -5.4220348416412820       -11.161352608487753     
   9.9712172132138850       -5.3338825763359647     
  -3.6005065821111097        6.3730299955352914     
   5.9826732835221952       -2.5300359737364881     
   3.4253360618070618        3.5334346170334636     
  -8.0042405750278078        5.2802538821197675     
  -11.888865999960021       0.30492645314979838     
  0.76148386060916351       -5.0453928427044268     
  -9.7126848068497313        4.9955464762429500     
  -3.6873594951787210       -1.7612008523801777     
   9.1263335680556708        7.6769175778916958     
  -3.0234233903452514        5.5381721537952853     
   2.7058156654463565       0.70852361638719175     
  -3.7096514021092974        1.5041336682486359     
  -3.9564695715447784        2.4728448070036357     
  -11.013975650926197       0.79102503618361575     
   1.3077258438975510       -8.6550833511475389     
  -1.4741303172347426       -3.0079738258450810     
  -6.5582267075399843       -8.1801075398442968     
   8.5118286038740703      -0.53866638521879362     
  -6.7192607911886908        10.036267601378588     
   9.9666398066777955       -1.2761771301161410E-003
  -5.6108445657695034       -7.8574973606905480     
  -3.0428455442610987        10.805144289148686     
  -3.7121700312318069       -11.246535256605867     
   2.1530447095598837       -2.6960899615887057     
 -0.18495398507487817       -9.0107261839042714     
  -6.3828527414910816       0.88181124545086775     
  -3.9904654233896419        10.484501992182505     
  -1.0684557530482859        10.473311253518713     
  -11.656159525224277       -3.7711882447213547     
   7.7208501124709716       -9.0665944598939614     
   4.0964700174256157       -7.2646733723778336     
   3.4371389194566846       -6.5134725183610254     
   1.0269759406034007        2.7545998945229173     
  -3.2389477692649988        9.8234660696747849     
   9.4148306064560732        5.0218746933546443     
   6.0687026875434924        2.7047927522688346     
   3.6587451941714662        7.9766194304338587     
  -1.7037722963672033       -4.0144500442510829     
  -4.2922985561727636       -9.3342737315641742     
  -4.3979917516184965        6.9804310518804469     
   2.8161830081054515      -0.28624492139964014     
   7.9554325907819470        6.3956850605753388     
  -5.6500479292913068        1.5614540378122144     
   1.8076121592677041        4.9307237453422683     
   5.4748045866205208        8.6347607308904415     
   11.508358088134148        1.5294998155533073     
  -1.1868852511504016       -4.8710886509695692     
   11.895335215119179        3.4216290135817964     
   7.7025160852129000       -8.0670266621233875     
  0.35797108530199501        9.0568366229518613     
   7.7519134211982630        5.4144882324778036     
  -3.0573843914368322        11.804968745347344     
  -3.1808743783363029       -2.6234937681803721     
  -5.1702320864921889       -5.9045447568970628     
  -4.6605502700169001       -7.5450180406456839     
   4.7350349304604702       -11.467601344641171     
  -8.7761972841607765        4.6449921427338223     
  -2.0373195697535866       -7.1635532606947896     
  -6.1608291916048001       -9.3645837520358793E-002
   10.700847763767451       -6.0182752514473217     
   1.6761354635633725       -3.5749603462968138     
 -0.98538865211084525       -11.431856600709937     
 -0.87340742174554709       -1.8216821809716331E-003
  -2.4583211684746202       -3.3151647894491405     
  -7.2303850794674203        5.9134213185364350     
   2.8056087559280440       -5.7367038554193410     
  -1.9068170439079715       -6.1721932544632931     
  -3.9924822454858897        3.4723215270760672     
   2.9813605168067068        2.6370055976701141     
   7.3532983340416136       -9.9961389936557214     
 -0.69869057543535018       -12.390120420077215     
   3.7353413201651353       -11.462674459850067     
 -0.47524326041010384       -7.7428590586920425     
  -4.0501994892319724       -10.305175210562838     
   10.632805204088724        2.0138583451210641     
   8.2981790469714714       -7.2636164881915697     
  -10.017092344654801       0.86372487162398204     
   1.0561612432046039      -0.42027765252247673     
  -1.0852143283716511       -9.4490485567297959     
   1.3476278578128060        6.8207675425965402     
  -2.5500367195463602        6.4357669712581522     
  -1.1582731140522893       -10.446745212958437     
  -6.1331070038282869       -6.1752538636230190     
   10.012928355175651        2.7998063660222980     
 -0.96133155226257605       -5.8449336166611783     
   2.6110449168637286        1.7052856086184414     
   12.000552135747906       0.65919478453104241     
   6.7081794183519321       -7.9561636127961890     
  -4.9352008243757695       -4.9312929822416010     
  -5.2126287002529796      -0.41675512865550268     
   3.0813483781703677       -7.4479229603862649     
  -9.2138032731818296       -6.9094553700335091     
  -6.3641041531528666       -7.1993138686361320     
  -7.0900665851282803       -6.4963888153027671     
   4.0945083033860534       -2.2641526974978849     
  -6.6420854768889344        4.0203616458241376     
  -7.0689861129612090        4.9254100709877813     
   3.7597414297314011       -3.2080755611137031     
   11.188839822802722        7.4293636241793845E-002
   8.2295932168616996        3.7003358847504373     


