  1    ***    0.12929E-01    0.3227486122E-01    0.0000000000E+00
  1    ***    0.12929E-01    0.6454972244E-01    0.0000000000E+00
  1    ***    0.12929E-01    0.9682458366E-01    0.0000000000E+00
  1    ***    0.12929E-01    0.1290994449E+00    0.0000000000E+00
  1    ***    0.12929E-01    0.1613743061E+00    0.0000000000E+00
  1    ***    0.12929E-01    0.1936491673E+00    0.0000000000E+00
  1    ***    0.12929E-01    0.2259240285E+00    0.0000000000E+00
  1    ***    0.12929E-01    0.2581988897E+00    0.0000000000E+00
  1    ***    0.12929E-01    0.2904737510E+00    0.0000000000E+00
  1    ***    0.12929E-01    0.3227486122E+00    0.0000000000E+00
  1    ***    0.12929E-01    0.3550234734E+00    0.0000000000E+00
  1    ***    0.12929E-01    0.3872983346E+00    0.0000000000E+00
  1    ***    0.12929E-01    0.4195731958E+00    0.0000000000E+00
  1    ***    0.12929E-01    0.4518480571E+00    0.0000000000E+00
  1    ***    0.12929E-01    0.4841229183E+00    0.0000000000E+00
  1    ***    0.12929E-01    0.5163977795E+00    0.0000000000E+00
  1    ***    0.12929E-01    0.5486726407E+00    0.0000000000E+00
  1    ***    0.12929E-01    0.5809475019E+00    0.0000000000E+00
  1    ***    0.12929E-01    0.6132223631E+00    0.0000000000E+00
  1    ***    0.12929E-01    0.6454972244E+00    0.0000000000E+00
  1    ***    0.12929E-01    0.6777720856E+00    0.0000000000E+00
  1    ***    0.12929E-01    0.7100469468E+00    0.4737635515E-01
  1    ***    0.12929E-01    0.7423218080E+00    0.9764898482E+02
  1    ***    0.12929E-01    0.7745966692E+00    0.6107215382E+02
  1    ***    0.12929E-01    0.8068715305E+00    0.1683794337E+02
  1    ***    0.12929E-01    0.8391463917E+00    0.2995857752E+01
  1    ***    0.12929E-01    0.8714212529E+00    0.2459994894E+02
  1    ***    0.12929E-01    0.9036961141E+00    0.4166965783E+02
  1    ***    0.12929E-01    0.9359709753E+00    0.6683390733E+01
  1    ***    0.12929E-01    0.9682458366E+00    0.1011685930E+02
  1    ***    0.12929E-01    0.1000520698E+01    0.4259015499E+04
  1    ***    0.12929E-01    0.1032795559E+01    0.1546804155E+04
  1    ***    0.12929E-01    0.1065070420E+01    0.6147278875E+03
  1    ***    0.12929E-01    0.1097345281E+01    0.5160154821E+03
  1    ***    0.12929E-01    0.1129620143E+01    0.4210769249E+03
  1    ***    0.12929E-01    0.1161895004E+01    0.3759033527E+03
  1    ***    0.12929E-01    0.1194169865E+01    0.3555024342E+03
  1    ***    0.12929E-01    0.1226444726E+01    0.3239664651E+03
  1    ***    0.12929E-01    0.1258719588E+01    0.3062124570E+03
  1    ***    0.12929E-01    0.1290994449E+01    0.2929675842E+03
  1    ***    0.12929E-01    0.1323269310E+01    0.2747430871E+03
  1    ***    0.12929E-01    0.1355544171E+01    0.2656437897E+03
  1    ***    0.12929E-01    0.1387819032E+01    0.2646900241E+03
  1    ***    0.12929E-01    0.1420093894E+01    0.2600101500E+03
  1    ***    0.12929E-01    0.1452368755E+01    0.2505735424E+03
  1    ***    0.12929E-01    0.1484643616E+01    0.2567522521E+03
  1    ***    0.12929E-01    0.1516918477E+01    0.2428848184E+03
  1    ***    0.12929E-01    0.1549193338E+01    0.2489223518E+03
  1    ***    0.12929E-01    0.1581468200E+01    0.2731085697E+03
  1    ***    0.12929E-01    0.1613743061E+01    0.2733735330E+03
  1    ***    0.12929E-01    0.1646017922E+01    0.2742936169E+03
  1    ***    0.12929E-01    0.1678292783E+01    0.3041732188E+03
  1    ***    0.12929E-01    0.1710567645E+01    0.3555757887E+03
  1    ***    0.12929E-01    0.1742842506E+01    0.1167248897E+04
  1    ***    0.12929E-01    0.1775117367E+01    0.6564028778E+03
  1    ***    0.12929E-01    0.1807392228E+01    0.5186558491E+03
  1    ***    0.12929E-01    0.1839667089E+01    0.5107921560E+03
  1    ***    0.12929E-01    0.1871941951E+01    0.5106775596E+03
  1    ***    0.12929E-01    0.1904216812E+01    0.5524249031E+03
  1    ***    0.12929E-01    0.1936491673E+01    0.5760777670E+03
  1    ***    0.12929E-01    0.1968766534E+01    0.7320895884E+03
  1    ***    0.12929E-01    0.2001041396E+01    0.1646292520E+04
  1    ***    0.12929E-01    0.2033316257E+01    0.7866460972E+03
  1    ***    0.12929E-01    0.2065591118E+01    0.5397252405E+03
  1    ***    0.12929E-01    0.2097865979E+01    0.4696260165E+03
  1    ***    0.12929E-01    0.2130140840E+01    0.4417266476E+03
  1    ***    0.12929E-01    0.2162415702E+01    0.4194606308E+03
  1    ***    0.12929E-01    0.2194690563E+01    0.4165360729E+03
  1    ***    0.12929E-01    0.2226965424E+01    0.3849830285E+03
  1    ***    0.12929E-01    0.2259240285E+01    0.3828438951E+03
  1    ***    0.12929E-01    0.2291515147E+01    0.3729056755E+03
  1    ***    0.12929E-01    0.2323790008E+01    0.3629320352E+03
  1    ***    0.12929E-01    0.2356064869E+01    0.3617194518E+03
  1    ***    0.12929E-01    0.2388339730E+01    0.3566872316E+03
  1    ***    0.12929E-01    0.2420614591E+01    0.3559191606E+03
  1    ***    0.12929E-01    0.2452889453E+01    0.3753543906E+03
  1    ***    0.12929E-01    0.2485164314E+01    0.3809532718E+03
  1    ***    0.12929E-01    0.2517439175E+01    0.3783246482E+03
  1    ***    0.12929E-01    0.2549714036E+01    0.3946296487E+03
  1    ***    0.12929E-01    0.2581988897E+01    0.4070138427E+03
  1    ***    0.12929E-01    0.2614263759E+01    0.4472060147E+03
  1    ***    0.12929E-01    0.2646538620E+01    0.7818784385E+03
  1    ***    0.12929E-01    0.2678813481E+01    0.7263484356E+03
  1    ***    0.12929E-01    0.2711088342E+01    0.6233536837E+03
  1    ***    0.12929E-01    0.2743363204E+01    0.6166758687E+03
  1    ***    0.12929E-01    0.2775638065E+01    0.5168369700E+03
  1    ***    0.12929E-01    0.2807912926E+01    0.4918443404E+03
  1    ***    0.12929E-01    0.2840187787E+01    0.4796227884E+03
  1    ***    0.12929E-01    0.2872462648E+01    0.4888664376E+03
  1    ***    0.12929E-01    0.2904737510E+01    0.4846447622E+03
  1    ***    0.12929E-01    0.2937012371E+01    0.4981982339E+03
  1    ***    0.12929E-01    0.2969287232E+01    0.5596131315E+03
  1    ***    0.12929E-01    0.3001562093E+01    0.7584047907E+03
  1    ***    0.12929E-01    0.3033836955E+01    0.5241008022E+03
  1    ***    0.12929E-01    0.3066111816E+01    0.4370566524E+03
  1    ***    0.12929E-01    0.3098386677E+01    0.4275951694E+03
  1    ***    0.12929E-01    0.3130661538E+01    0.4153215036E+03
  1    ***    0.12929E-01    0.3162936399E+01    0.4171524515E+03
  1    ***    0.12929E-01    0.3195211261E+01    0.4105596459E+03
  1    ***    0.12929E-01    0.3227486122E+01    0.4002092604E+03
  1    ***    0.12929E-01    0.3259760983E+01    0.3968757341E+03
  1    ***    0.12929E-01    0.3292035844E+01    0.4016060953E+03
  1    ***    0.12929E-01    0.3324310705E+01    0.3952234922E+03
  1    ***    0.12929E-01    0.3356585567E+01    0.3960894451E+03
  1    ***    0.12929E-01    0.3388860428E+01    0.3927085016E+03
  1    ***    0.12929E-01    0.3421135289E+01    0.4128723613E+03
  1    ***    0.12929E-01    0.3453410150E+01    0.4512217483E+03
  1    ***    0.12929E-01    0.3485685012E+01    0.5024736228E+03
  1    ***    0.12929E-01    0.3517959873E+01    0.4458051706E+03
  1    ***    0.12929E-01    0.3550234734E+01    0.4671568215E+03
  1    ***    0.12929E-01    0.3582509595E+01    0.4920581133E+03
  1    ***    0.12929E-01    0.3614784456E+01    0.6489296578E+03
  1    ***    0.12929E-01    0.3647059318E+01    0.5987236364E+03
  1    ***    0.12929E-01    0.3679334179E+01    0.5038483719E+03
  1    ***    0.12929E-01    0.3711609040E+01    0.4879721135E+03
  1    ***    0.12929E-01    0.3743883901E+01    0.4607914543E+03
  1    ***    0.12929E-01    0.3776158763E+01    0.4440360070E+03
  1    ***    0.12929E-01    0.3808433624E+01    0.4390866804E+03
  1    ***    0.12929E-01    0.3840708485E+01    0.4438051034E+03
  1    ***    0.12929E-01    0.3872983346E+01    0.4421369602E+03
  1    ***    0.12929E-01    0.3905258207E+01    0.4367179940E+03
  1    ***    0.12929E-01    0.3937533069E+01    0.4369548531E+03
  1    ***    0.12929E-01    0.3969807930E+01    0.4432993949E+03
  1    ***    0.12929E-01    0.4002082791E+01    0.4954231772E+03
  1    ***    0.12929E-01    0.4034357652E+01    0.4367426402E+03
  1    ***    0.12929E-01    0.4066632514E+01    0.4188156621E+03
  1    ***    0.12929E-01    0.4098907375E+01    0.4099408598E+03
  1    ***    0.12929E-01    0.4131182236E+01    0.4163683049E+03
  1    ***    0.12929E-01    0.4163457097E+01    0.4124463813E+03
  1    ***    0.12929E-01    0.4195731958E+01    0.4077276805E+03
  1    ***    0.12929E-01    0.4228006820E+01    0.3987181343E+03
  1    ***    0.12929E-01    0.4260281681E+01    0.4004498128E+03
  1    ***    0.12929E-01    0.4292556542E+01    0.3983346732E+03
  1    ***    0.12929E-01    0.4324831403E+01    0.4147842479E+03
  1    ***    0.12929E-01    0.4357106264E+01    0.4524970278E+03
  1    ***    0.12929E-01    0.4389381126E+01    0.4752575675E+03
  1    ***    0.12929E-01    0.4421655987E+01    0.4461879097E+03
  1    ***    0.12929E-01    0.4453930848E+01    0.4525287800E+03
  1    ***    0.12929E-01    0.4486205709E+01    0.4537549945E+03
  1    ***    0.12929E-01    0.4518480571E+01    0.4543137748E+03
  1    ***    0.12929E-01    0.4550755432E+01    0.4544513643E+03
  1    ***    0.12929E-01    0.4583030293E+01    0.4911555287E+03
  1    ***    0.12929E-01    0.4615305154E+01    0.5018047019E+03
  1    ***    0.12929E-01    0.4647580015E+01    0.4589411903E+03
  1    ***    0.12929E-01    0.4679854877E+01    0.4363590175E+03
  1    ***    0.12929E-01    0.4712129738E+01    0.4295236413E+03
  1    ***    0.12929E-01    0.4744404599E+01    0.4187211200E+03
  1    ***    0.12929E-01    0.4776679460E+01    0.4043705208E+03
  1    ***    0.12929E-01    0.4808954322E+01    0.4113464000E+03
  1    ***    0.12929E-01    0.4841229183E+01    0.4075252275E+03
  1    ***    0.12929E-01    0.4873504044E+01    0.4076126236E+03
  1    ***    0.12929E-01    0.4905778905E+01    0.4044111346E+03
  1    ***    0.12929E-01    0.4938053766E+01    0.3987135023E+03
  1    ***    0.12929E-01    0.4970328628E+01    0.3976820634E+03
  1    ***    0.12929E-01    0.5002603489E+01    0.4144646070E+03
  1    ***    0.12929E-01    0.5034878350E+01    0.3981546971E+03
  1    ***    0.12929E-01    0.5067153211E+01    0.3883795533E+03
  1    ***    0.12929E-01    0.5099428073E+01    0.3893671621E+03
  1    ***    0.12929E-01    0.5131702934E+01    0.3925594326E+03
  1    ***    0.12929E-01    0.5163977795E+01    0.3865347708E+03
  1    ***    0.12929E-01    0.5196252656E+01    0.3887085302E+03
  1    ***    0.12929E-01    0.5228527517E+01    0.3940719752E+03
  1    ***    0.12929E-01    0.5260802379E+01    0.3996765531E+03
  1    ***    0.12929E-01    0.5293077240E+01    0.4070815490E+03
  1    ***    0.12929E-01    0.5325352101E+01    0.4186876027E+03
  1    ***    0.12929E-01    0.5357626962E+01    0.4181334051E+03
  1    ***    0.12929E-01    0.5389901823E+01    0.4044940563E+03
  1    ***    0.12929E-01    0.5422176685E+01    0.3965574875E+03
  1    ***    0.12929E-01    0.5454451546E+01    0.3930373352E+03
  1    ***    0.12929E-01    0.5486726407E+01    0.3944383434E+03
  1    ***    0.12929E-01    0.5519001268E+01    0.3968444961E+03
  1    ***    0.12929E-01    0.5551276130E+01    0.3984385999E+03
  1    ***    0.12929E-01    0.5583550991E+01    0.4140737384E+03
  1    ***    0.12929E-01    0.5615825852E+01    0.3949376250E+03
  1    ***    0.12929E-01    0.5648100713E+01    0.3887692844E+03
  1    ***    0.12929E-01    0.5680375574E+01    0.3789799319E+03
  1    ***    0.12929E-01    0.5712650436E+01    0.3699651784E+03
  1    ***    0.12929E-01    0.5744925297E+01    0.3685981856E+03
  1    ***    0.12929E-01    0.5777200158E+01    0.3686502826E+03
  1    ***    0.12929E-01    0.5809475019E+01    0.3676292987E+03
  1    ***    0.12929E-01    0.5841749881E+01    0.3631603664E+03
  1    ***    0.12929E-01    0.5874024742E+01    0.3721367018E+03
  1    ***    0.12929E-01    0.5906299603E+01    0.3730947675E+03
  1    ***    0.12929E-01    0.5938574464E+01    0.3661823053E+03
  1    ***    0.12929E-01    0.5970849325E+01    0.3661905941E+03
  1    ***    0.12929E-01    0.6003124187E+01    0.3694220457E+03
  1    ***    0.12929E-01    0.6035399048E+01    0.3709475888E+03
  1    ***    0.12929E-01    0.6067673909E+01    0.3726578615E+03
  1    ***    0.12929E-01    0.6099948770E+01    0.3717994562E+03
  1    ***    0.12929E-01    0.6132223631E+01    0.3673003813E+03
  1    ***    0.12929E-01    0.6164498493E+01    0.3658962952E+03
  1    ***    0.12929E-01    0.6196773354E+01    0.3668312833E+03
  1    ***    0.12929E-01    0.6229048215E+01    0.3804241333E+03
  1    ***    0.12929E-01    0.6261323076E+01    0.3708252599E+03
  1    ***    0.12929E-01    0.6293597938E+01    0.3636503064E+03
  1    ***    0.12929E-01    0.6325872799E+01    0.3656405310E+03
  1    ***    0.12929E-01    0.6358147660E+01    0.3556776849E+03
  1    ***    0.12929E-01    0.6390422521E+01    0.3494671860E+03
  1    ***    0.12929E-01    0.6422697382E+01    0.3533820231E+03
  1    ***    0.12929E-01    0.6454972244E+01    0.3534640619E+03
