  6    ***    0.12929E-01    0.3227486122E-01    0.0000000000E+00
  6    ***    0.12929E-01    0.6454972244E-01    0.0000000000E+00
  6    ***    0.12929E-01    0.9682458366E-01    0.0000000000E+00
  6    ***    0.12929E-01    0.1290994449E+00    0.0000000000E+00
  6    ***    0.12929E-01    0.1613743061E+00    0.0000000000E+00
  6    ***    0.12929E-01    0.1936491673E+00    0.0000000000E+00
  6    ***    0.12929E-01    0.2259240285E+00    0.0000000000E+00
  6    ***    0.12929E-01    0.2581988897E+00    0.0000000000E+00
  6    ***    0.12929E-01    0.2904737510E+00    0.0000000000E+00
  6    ***    0.12929E-01    0.3227486122E+00    0.0000000000E+00
  6    ***    0.12929E-01    0.3550234734E+00    0.0000000000E+00
  6    ***    0.12929E-01    0.3872983346E+00    0.0000000000E+00
  6    ***    0.12929E-01    0.4195731958E+00    0.0000000000E+00
  6    ***    0.12929E-01    0.4518480571E+00    0.0000000000E+00
  6    ***    0.12929E-01    0.4841229183E+00    0.0000000000E+00
  6    ***    0.12929E-01    0.5163977795E+00    0.1380027378E+01
  6    ***    0.12929E-01    0.5486726407E+00    0.4567611826E+03
  6    ***    0.12929E-01    0.5809475019E+00    0.1268874152E+02
  6    ***    0.12929E-01    0.6132223631E+00    0.2637326452E+02
  6    ***    0.12929E-01    0.6454972244E+00    0.8462145897E+01
  6    ***    0.12929E-01    0.6777720856E+00    0.4471865718E+00
  6    ***    0.12929E-01    0.7100469468E+00    0.1895054206E+00
  6    ***    0.12929E-01    0.7423218080E+00    0.1809924160E+03
  6    ***    0.12929E-01    0.7745966692E+00    0.1300329748E+00
  6    ***    0.12929E-01    0.8068715305E+00    0.5529497451E+02
  6    ***    0.12929E-01    0.8391463917E+00    0.6151494585E+02
  6    ***    0.12929E-01    0.8714212529E+00    0.4158928868E+02
  6    ***    0.12929E-01    0.9036961141E+00    0.4229933266E+02
  6    ***    0.12929E-01    0.9359709753E+00    0.6801332922E+02
  6    ***    0.12929E-01    0.9682458366E+00    0.2479148456E+02
  6    ***    0.12929E-01    0.1000520698E+01    0.4032220227E+04
  6    ***    0.12929E-01    0.1032795559E+01    0.1420628138E+04
  6    ***    0.12929E-01    0.1065070420E+01    0.6273270825E+03
  6    ***    0.12929E-01    0.1097345281E+01    0.5006301876E+03
  6    ***    0.12929E-01    0.1129620143E+01    0.4367248544E+03
  6    ***    0.12929E-01    0.1161895004E+01    0.3792890939E+03
  6    ***    0.12929E-01    0.1194169865E+01    0.3562559129E+03
  6    ***    0.12929E-01    0.1226444726E+01    0.3285025932E+03
  6    ***    0.12929E-01    0.1258719588E+01    0.3154194671E+03
  6    ***    0.12929E-01    0.1290994449E+01    0.3383529330E+03
  6    ***    0.12929E-01    0.1323269310E+01    0.3370658050E+03
  6    ***    0.12929E-01    0.1355544171E+01    0.3410195708E+03
  6    ***    0.12929E-01    0.1387819032E+01    0.3859383791E+03
  6    ***    0.12929E-01    0.1420093894E+01    0.2929329049E+03
  6    ***    0.12929E-01    0.1452368755E+01    0.2839009451E+03
  6    ***    0.12929E-01    0.1484643616E+01    0.2708110553E+03
  6    ***    0.12929E-01    0.1516918477E+01    0.2763340535E+03
  6    ***    0.12929E-01    0.1549193338E+01    0.3534191316E+03
  6    ***    0.12929E-01    0.1581468200E+01    0.2709663770E+03
  6    ***    0.12929E-01    0.1613743061E+01    0.2795056604E+03
  6    ***    0.12929E-01    0.1646017922E+01    0.2913373780E+03
  6    ***    0.12929E-01    0.1678292783E+01    0.3095331864E+03
  6    ***    0.12929E-01    0.1710567645E+01    0.3918376510E+03
  6    ***    0.12929E-01    0.1742842506E+01    0.1122697413E+04
  6    ***    0.12929E-01    0.1775117367E+01    0.6410772789E+03
  6    ***    0.12929E-01    0.1807392228E+01    0.5515260765E+03
  6    ***    0.12929E-01    0.1839667089E+01    0.5309476507E+03
  6    ***    0.12929E-01    0.1871941951E+01    0.5489234612E+03
  6    ***    0.12929E-01    0.1904216812E+01    0.5574917435E+03
  6    ***    0.12929E-01    0.1936491673E+01    0.6055398881E+03
  6    ***    0.12929E-01    0.1968766534E+01    0.7550878723E+03
  6    ***    0.12929E-01    0.2001041396E+01    0.1487508162E+04
  6    ***    0.12929E-01    0.2033316257E+01    0.7552571774E+03
  6    ***    0.12929E-01    0.2065591118E+01    0.5388429957E+03
  6    ***    0.12929E-01    0.2097865979E+01    0.4970569261E+03
  6    ***    0.12929E-01    0.2130140840E+01    0.4603412153E+03
  6    ***    0.12929E-01    0.2162415702E+01    0.4286356141E+03
  6    ***    0.12929E-01    0.2194690563E+01    0.4315961389E+03
  6    ***    0.12929E-01    0.2226965424E+01    0.4422769492E+03
  6    ***    0.12929E-01    0.2259240285E+01    0.4224737049E+03
  6    ***    0.12929E-01    0.2291515147E+01    0.4021919910E+03
  6    ***    0.12929E-01    0.2323790008E+01    0.4039036372E+03
  6    ***    0.12929E-01    0.2356064869E+01    0.3892986984E+03
  6    ***    0.12929E-01    0.2388339730E+01    0.3937307070E+03
  6    ***    0.12929E-01    0.2420614591E+01    0.3758398050E+03
  6    ***    0.12929E-01    0.2452889453E+01    0.3750575824E+03
  6    ***    0.12929E-01    0.2485164314E+01    0.3800345421E+03
  6    ***    0.12929E-01    0.2517439175E+01    0.3856190786E+03
  6    ***    0.12929E-01    0.2549714036E+01    0.4050880545E+03
  6    ***    0.12929E-01    0.2581988897E+01    0.3923563731E+03
  6    ***    0.12929E-01    0.2614263759E+01    0.4300860832E+03
  6    ***    0.12929E-01    0.2646538620E+01    0.6913300164E+03
  6    ***    0.12929E-01    0.2678813481E+01    0.7303240296E+03
  6    ***    0.12929E-01    0.2711088342E+01    0.6476656972E+03
  6    ***    0.12929E-01    0.2743363204E+01    0.6618314221E+03
  6    ***    0.12929E-01    0.2775638065E+01    0.5545069905E+03
  6    ***    0.12929E-01    0.2807912926E+01    0.5066109752E+03
  6    ***    0.12929E-01    0.2840187787E+01    0.4928586592E+03
  6    ***    0.12929E-01    0.2872462648E+01    0.4920775909E+03
  6    ***    0.12929E-01    0.2904737510E+01    0.4956728661E+03
  6    ***    0.12929E-01    0.2937012371E+01    0.5041972321E+03
  6    ***    0.12929E-01    0.2969287232E+01    0.5418684859E+03
  6    ***    0.12929E-01    0.3001562093E+01    0.6503680065E+03
  6    ***    0.12929E-01    0.3033836955E+01    0.5147319380E+03
  6    ***    0.12929E-01    0.3066111816E+01    0.4507133254E+03
  6    ***    0.12929E-01    0.3098386677E+01    0.4340160298E+03
  6    ***    0.12929E-01    0.3130661538E+01    0.4372555286E+03
  6    ***    0.12929E-01    0.3162936399E+01    0.4214148657E+03
  6    ***    0.12929E-01    0.3195211261E+01    0.4052650376E+03
  6    ***    0.12929E-01    0.3227486122E+01    0.3999635700E+03
  6    ***    0.12929E-01    0.3259760983E+01    0.4122711639E+03
  6    ***    0.12929E-01    0.3292035844E+01    0.4051887279E+03
  6    ***    0.12929E-01    0.3324310705E+01    0.4055286583E+03
  6    ***    0.12929E-01    0.3356585567E+01    0.3973885185E+03
  6    ***    0.12929E-01    0.3388860428E+01    0.4012958626E+03
  6    ***    0.12929E-01    0.3421135289E+01    0.4122834126E+03
  6    ***    0.12929E-01    0.3453410150E+01    0.4482185767E+03
  6    ***    0.12929E-01    0.3485685012E+01    0.4833999022E+03
  6    ***    0.12929E-01    0.3517959873E+01    0.4834789792E+03
  6    ***    0.12929E-01    0.3550234734E+01    0.4689056363E+03
  6    ***    0.12929E-01    0.3582509595E+01    0.5016909482E+03
  6    ***    0.12929E-01    0.3614784456E+01    0.6071445624E+03
  6    ***    0.12929E-01    0.3647059318E+01    0.6190320901E+03
  6    ***    0.12929E-01    0.3679334179E+01    0.5427253672E+03
  6    ***    0.12929E-01    0.3711609040E+01    0.5231290929E+03
  6    ***    0.12929E-01    0.3743883901E+01    0.4979369778E+03
  6    ***    0.12929E-01    0.3776158763E+01    0.4696188321E+03
  6    ***    0.12929E-01    0.3808433624E+01    0.4491165572E+03
  6    ***    0.12929E-01    0.3840708485E+01    0.4559508416E+03
  6    ***    0.12929E-01    0.3872983346E+01    0.4609830364E+03
  6    ***    0.12929E-01    0.3905258207E+01    0.4666671240E+03
  6    ***    0.12929E-01    0.3937533069E+01    0.4582069502E+03
  6    ***    0.12929E-01    0.3969807930E+01    0.4579421694E+03
  6    ***    0.12929E-01    0.4002082791E+01    0.4849238480E+03
  6    ***    0.12929E-01    0.4034357652E+01    0.4455540714E+03
  6    ***    0.12929E-01    0.4066632514E+01    0.4353890814E+03
  6    ***    0.12929E-01    0.4098907375E+01    0.4213426445E+03
  6    ***    0.12929E-01    0.4131182236E+01    0.4231748937E+03
  6    ***    0.12929E-01    0.4163457097E+01    0.4149908787E+03
  6    ***    0.12929E-01    0.4195731958E+01    0.4111728012E+03
  6    ***    0.12929E-01    0.4228006820E+01    0.4074132384E+03
  6    ***    0.12929E-01    0.4260281681E+01    0.4183816732E+03
  6    ***    0.12929E-01    0.4292556542E+01    0.4252716173E+03
  6    ***    0.12929E-01    0.4324831403E+01    0.4294870650E+03
  6    ***    0.12929E-01    0.4357106264E+01    0.4449995875E+03
  6    ***    0.12929E-01    0.4389381126E+01    0.4544798016E+03
  6    ***    0.12929E-01    0.4421655987E+01    0.4524039305E+03
  6    ***    0.12929E-01    0.4453930848E+01    0.4602256288E+03
  6    ***    0.12929E-01    0.4486205709E+01    0.4685668614E+03
  6    ***    0.12929E-01    0.4518480571E+01    0.4823013141E+03
  6    ***    0.12929E-01    0.4550755432E+01    0.4756279207E+03
  6    ***    0.12929E-01    0.4583030293E+01    0.4873475077E+03
  6    ***    0.12929E-01    0.4615305154E+01    0.5007539442E+03
  6    ***    0.12929E-01    0.4647580015E+01    0.4809243143E+03
  6    ***    0.12929E-01    0.4679854877E+01    0.4649994176E+03
  6    ***    0.12929E-01    0.4712129738E+01    0.4566160787E+03
  6    ***    0.12929E-01    0.4744404599E+01    0.4452392668E+03
  6    ***    0.12929E-01    0.4776679460E+01    0.4424485838E+03
  6    ***    0.12929E-01    0.4808954322E+01    0.4394416952E+03
  6    ***    0.12929E-01    0.4841229183E+01    0.4300841366E+03
  6    ***    0.12929E-01    0.4873504044E+01    0.4310165431E+03
  6    ***    0.12929E-01    0.4905778905E+01    0.4256166661E+03
  6    ***    0.12929E-01    0.4938053766E+01    0.4225852827E+03
  6    ***    0.12929E-01    0.4970328628E+01    0.4276226853E+03
  6    ***    0.12929E-01    0.5002603489E+01    0.4249735718E+03
  6    ***    0.12929E-01    0.5034878350E+01    0.4245922266E+03
  6    ***    0.12929E-01    0.5067153211E+01    0.4132683355E+03
  6    ***    0.12929E-01    0.5099428073E+01    0.4064018946E+03
  6    ***    0.12929E-01    0.5131702934E+01    0.4053095008E+03
  6    ***    0.12929E-01    0.5163977795E+01    0.4054569464E+03
  6    ***    0.12929E-01    0.5196252656E+01    0.4125899030E+03
  6    ***    0.12929E-01    0.5228527517E+01    0.4183289624E+03
  6    ***    0.12929E-01    0.5260802379E+01    0.4279651934E+03
  6    ***    0.12929E-01    0.5293077240E+01    0.4308362273E+03
  6    ***    0.12929E-01    0.5325352101E+01    0.4311026557E+03
  6    ***    0.12929E-01    0.5357626962E+01    0.4110863512E+03
  6    ***    0.12929E-01    0.5389901823E+01    0.4212564652E+03
  6    ***    0.12929E-01    0.5422176685E+01    0.4149955164E+03
  6    ***    0.12929E-01    0.5454451546E+01    0.4220717306E+03
  6    ***    0.12929E-01    0.5486726407E+01    0.4180672655E+03
  6    ***    0.12929E-01    0.5519001268E+01    0.4221629205E+03
  6    ***    0.12929E-01    0.5551276130E+01    0.4157516881E+03
  6    ***    0.12929E-01    0.5583550991E+01    0.4191696490E+03
  6    ***    0.12929E-01    0.5615825852E+01    0.4147165023E+03
  6    ***    0.12929E-01    0.5648100713E+01    0.4042495424E+03
  6    ***    0.12929E-01    0.5680375574E+01    0.3991660385E+03
  6    ***    0.12929E-01    0.5712650436E+01    0.4036277564E+03
  6    ***    0.12929E-01    0.5744925297E+01    0.4012964118E+03
  6    ***    0.12929E-01    0.5777200158E+01    0.4000297527E+03
  6    ***    0.12929E-01    0.5809475019E+01    0.3949525228E+03
  6    ***    0.12929E-01    0.5841749881E+01    0.3892487272E+03
  6    ***    0.12929E-01    0.5874024742E+01    0.3944166400E+03
  6    ***    0.12929E-01    0.5906299603E+01    0.3895987427E+03
  6    ***    0.12929E-01    0.5938574464E+01    0.3817692553E+03
  6    ***    0.12929E-01    0.5970849325E+01    0.3831616005E+03
  6    ***    0.12929E-01    0.6003124187E+01    0.3819855911E+03
  6    ***    0.12929E-01    0.6035399048E+01    0.3697078017E+03
  6    ***    0.12929E-01    0.6067673909E+01    0.3608367660E+03
  6    ***    0.12929E-01    0.6099948770E+01    0.3639317139E+03
  6    ***    0.12929E-01    0.6132223631E+01    0.3655427060E+03
  6    ***    0.12929E-01    0.6164498493E+01    0.3737723344E+03
  6    ***    0.12929E-01    0.6196773354E+01    0.3816553819E+03
  6    ***    0.12929E-01    0.6229048215E+01    0.3878003241E+03
  6    ***    0.12929E-01    0.6261323076E+01    0.3790108412E+03
  6    ***    0.12929E-01    0.6293597938E+01    0.3823044113E+03
  6    ***    0.12929E-01    0.6325872799E+01    0.3755398871E+03
  6    ***    0.12929E-01    0.6358147660E+01    0.3663923359E+03
  6    ***    0.12929E-01    0.6390422521E+01    0.3677915206E+03
  6    ***    0.12929E-01    0.6422697382E+01    0.3650150067E+03
  6    ***    0.12929E-01    0.6454972244E+01    0.3733916968E+03
