  8    ***    0.12929E-01    0.3227486122E-01    0.0000000000E+00
  8    ***    0.12929E-01    0.6454972244E-01    0.0000000000E+00
  8    ***    0.12929E-01    0.9682458366E-01    0.0000000000E+00
  8    ***    0.12929E-01    0.1290994449E+00    0.0000000000E+00
  8    ***    0.12929E-01    0.1613743061E+00    0.0000000000E+00
  8    ***    0.12929E-01    0.1936491673E+00    0.0000000000E+00
  8    ***    0.12929E-01    0.2259240285E+00    0.0000000000E+00
  8    ***    0.12929E-01    0.2581988897E+00    0.0000000000E+00
  8    ***    0.12929E-01    0.2904737510E+00    0.0000000000E+00
  8    ***    0.12929E-01    0.3227486122E+00    0.0000000000E+00
  8    ***    0.12929E-01    0.3550234734E+00    0.0000000000E+00
  8    ***    0.12929E-01    0.3872983346E+00    0.0000000000E+00
  8    ***    0.12929E-01    0.4195731958E+00    0.0000000000E+00
  8    ***    0.12929E-01    0.4518480571E+00    0.0000000000E+00
  8    ***    0.12929E-01    0.4841229183E+00    0.0000000000E+00
  8    ***    0.12929E-01    0.5163977795E+00    0.0000000000E+00
  8    ***    0.12929E-01    0.5486726407E+00    0.0000000000E+00
  8    ***    0.12929E-01    0.5809475019E+00    0.0000000000E+00
  8    ***    0.12929E-01    0.6132223631E+00    0.0000000000E+00
  8    ***    0.12929E-01    0.6454972244E+00    0.0000000000E+00
  8    ***    0.12929E-01    0.6777720856E+00    0.0000000000E+00
  8    ***    0.12929E-01    0.7100469468E+00    0.0000000000E+00
  8    ***    0.12929E-01    0.7423218080E+00    0.0000000000E+00
  8    ***    0.12929E-01    0.7745966692E+00    0.0000000000E+00
  8    ***    0.12929E-01    0.8068715305E+00    0.0000000000E+00
  8    ***    0.12929E-01    0.8391463917E+00    0.0000000000E+00
  8    ***    0.12929E-01    0.8714212529E+00    0.0000000000E+00
  8    ***    0.12929E-01    0.9036961141E+00    0.0000000000E+00
  8    ***    0.12929E-01    0.9359709753E+00    0.0000000000E+00
  8    ***    0.12929E-01    0.9682458366E+00    0.0000000000E+00
  8    ***    0.12929E-01    0.1000520698E+01    0.6076483545E+03
  8    ***    0.12929E-01    0.1032795559E+01    0.1290765788E+04
  8    ***    0.12929E-01    0.1065070420E+01    0.3541251352E+03
  8    ***    0.12929E-01    0.1097345281E+01    0.1581705579E+03
  8    ***    0.12929E-01    0.1129620143E+01    0.3917887248E+02
  8    ***    0.12929E-01    0.1161895004E+01    0.1976928555E+02
  8    ***    0.12929E-01    0.1194169865E+01    0.2118112470E+02
  8    ***    0.12929E-01    0.1226444726E+01    0.2602162099E+02
  8    ***    0.12929E-01    0.1258719588E+01    0.3095460296E+02
  8    ***    0.12929E-01    0.1290994449E+01    0.3084140750E+02
  8    ***    0.12929E-01    0.1323269310E+01    0.3211707454E+02
  8    ***    0.12929E-01    0.1355544171E+01    0.3534390254E+02
  8    ***    0.12929E-01    0.1387819032E+01    0.3650153085E+02
  8    ***    0.12929E-01    0.1420093894E+01    0.3493652231E+02
  8    ***    0.12929E-01    0.1452368755E+01    0.3703553408E+02
  8    ***    0.12929E-01    0.1484643616E+01    0.3716180473E+02
  8    ***    0.12929E-01    0.1516918477E+01    0.3239778558E+02
  8    ***    0.12929E-01    0.1549193338E+01    0.3536121279E+02
  8    ***    0.12929E-01    0.1581468200E+01    0.3883249350E+02
  8    ***    0.12929E-01    0.1613743061E+01    0.3833608520E+02
  8    ***    0.12929E-01    0.1646017922E+01    0.4074366543E+02
  8    ***    0.12929E-01    0.1678292783E+01    0.4950553135E+02
  8    ***    0.12929E-01    0.1710567645E+01    0.6189156797E+02
  8    ***    0.12929E-01    0.1742842506E+01    0.1142916933E+03
  8    ***    0.12929E-01    0.1775117367E+01    0.1455371205E+03
  8    ***    0.12929E-01    0.1807392228E+01    0.1193862809E+03
  8    ***    0.12929E-01    0.1839667089E+01    0.9212395148E+02
  8    ***    0.12929E-01    0.1871941951E+01    0.8129246985E+02
  8    ***    0.12929E-01    0.1904216812E+01    0.9996127489E+02
  8    ***    0.12929E-01    0.1936491673E+01    0.1122162718E+03
  8    ***    0.12929E-01    0.1968766534E+01    0.1257160949E+03
  8    ***    0.12929E-01    0.2001041396E+01    0.2378038814E+03
  8    ***    0.12929E-01    0.2033316257E+01    0.2018930109E+03
  8    ***    0.12929E-01    0.2065591118E+01    0.1201617314E+03
  8    ***    0.12929E-01    0.2097865979E+01    0.9412102557E+02
  8    ***    0.12929E-01    0.2130140840E+01    0.6892210885E+02
  8    ***    0.12929E-01    0.2162415702E+01    0.6091637497E+02
  8    ***    0.12929E-01    0.2194690563E+01    0.5636207051E+02
  8    ***    0.12929E-01    0.2226965424E+01    0.5961363311E+02
  8    ***    0.12929E-01    0.2259240285E+01    0.5569278009E+02
  8    ***    0.12929E-01    0.2291515147E+01    0.5568300942E+02
  8    ***    0.12929E-01    0.2323790008E+01    0.5836601303E+02
  8    ***    0.12929E-01    0.2356064869E+01    0.5975269279E+02
  8    ***    0.12929E-01    0.2388339730E+01    0.6186385119E+02
  8    ***    0.12929E-01    0.2420614591E+01    0.5675401181E+02
  8    ***    0.12929E-01    0.2452889453E+01    0.6470417861E+02
  8    ***    0.12929E-01    0.2485164314E+01    0.6403146636E+02
  8    ***    0.12929E-01    0.2517439175E+01    0.6610988294E+02
  8    ***    0.12929E-01    0.2549714036E+01    0.6381444159E+02
  8    ***    0.12929E-01    0.2581988897E+01    0.6433142897E+02
  8    ***    0.12929E-01    0.2614263759E+01    0.6866952556E+02
  8    ***    0.12929E-01    0.2646538620E+01    0.8025002323E+02
  8    ***    0.12929E-01    0.2678813481E+01    0.9233996175E+02
  8    ***    0.12929E-01    0.2711088342E+01    0.9464973056E+02
  8    ***    0.12929E-01    0.2743363204E+01    0.9633827637E+02
  8    ***    0.12929E-01    0.2775638065E+01    0.9392487084E+02
  8    ***    0.12929E-01    0.2807912926E+01    0.8759888068E+02
  8    ***    0.12929E-01    0.2840187787E+01    0.8535215856E+02
  8    ***    0.12929E-01    0.2872462648E+01    0.8528546917E+02
  8    ***    0.12929E-01    0.2904737510E+01    0.8685912139E+02
  8    ***    0.12929E-01    0.2937012371E+01    0.9477967033E+02
  8    ***    0.12929E-01    0.2969287232E+01    0.9679403577E+02
  8    ***    0.12929E-01    0.3001562093E+01    0.1070236985E+03
  8    ***    0.12929E-01    0.3033836955E+01    0.9494145568E+02
  8    ***    0.12929E-01    0.3066111816E+01    0.8004297870E+02
  8    ***    0.12929E-01    0.3098386677E+01    0.7226134380E+02
  8    ***    0.12929E-01    0.3130661538E+01    0.6608706976E+02
  8    ***    0.12929E-01    0.3162936399E+01    0.6329894073E+02
  8    ***    0.12929E-01    0.3195211261E+01    0.6134300085E+02
  8    ***    0.12929E-01    0.3227486122E+01    0.6181162107E+02
  8    ***    0.12929E-01    0.3259760983E+01    0.6770340425E+02
  8    ***    0.12929E-01    0.3292035844E+01    0.6868217887E+02
  8    ***    0.12929E-01    0.3324310705E+01    0.7015860438E+02
  8    ***    0.12929E-01    0.3356585567E+01    0.7114395106E+02
  8    ***    0.12929E-01    0.3388860428E+01    0.7320213574E+02
  8    ***    0.12929E-01    0.3421135289E+01    0.6973732119E+02
  8    ***    0.12929E-01    0.3453410150E+01    0.7499321142E+02
  8    ***    0.12929E-01    0.3485685012E+01    0.7654123939E+02
  8    ***    0.12929E-01    0.3517959873E+01    0.7560109164E+02
  8    ***    0.12929E-01    0.3550234734E+01    0.7689204074E+02
  8    ***    0.12929E-01    0.3582509595E+01    0.8021524357E+02
  8    ***    0.12929E-01    0.3614784456E+01    0.8062860787E+02
  8    ***    0.12929E-01    0.3647059318E+01    0.8757171823E+02
  8    ***    0.12929E-01    0.3679334179E+01    0.9147581096E+02
  8    ***    0.12929E-01    0.3711609040E+01    0.8845289637E+02
  8    ***    0.12929E-01    0.3743883901E+01    0.8529712815E+02
  8    ***    0.12929E-01    0.3776158763E+01    0.8596388810E+02
  8    ***    0.12929E-01    0.3808433624E+01    0.8657595461E+02
  8    ***    0.12929E-01    0.3840708485E+01    0.8655879977E+02
  8    ***    0.12929E-01    0.3872983346E+01    0.8903087561E+02
  8    ***    0.12929E-01    0.3905258207E+01    0.8578992956E+02
  8    ***    0.12929E-01    0.3937533069E+01    0.8702042123E+02
  8    ***    0.12929E-01    0.3969807930E+01    0.8635162561E+02
  8    ***    0.12929E-01    0.4002082791E+01    0.8507508278E+02
  8    ***    0.12929E-01    0.4034357652E+01    0.8247728739E+02
  8    ***    0.12929E-01    0.4066632514E+01    0.8074063421E+02
  8    ***    0.12929E-01    0.4098907375E+01    0.7776725706E+02
  8    ***    0.12929E-01    0.4131182236E+01    0.7268350355E+02
  8    ***    0.12929E-01    0.4163457097E+01    0.7600199692E+02
  8    ***    0.12929E-01    0.4195731958E+01    0.7493530899E+02
  8    ***    0.12929E-01    0.4228006820E+01    0.7428303906E+02
  8    ***    0.12929E-01    0.4260281681E+01    0.7566238098E+02
  8    ***    0.12929E-01    0.4292556542E+01    0.7645971630E+02
  8    ***    0.12929E-01    0.4324831403E+01    0.7588698434E+02
  8    ***    0.12929E-01    0.4357106264E+01    0.7612552508E+02
  8    ***    0.12929E-01    0.4389381126E+01    0.7895400702E+02
  8    ***    0.12929E-01    0.4421655987E+01    0.8015905752E+02
  8    ***    0.12929E-01    0.4453930848E+01    0.8406529369E+02
  8    ***    0.12929E-01    0.4486205709E+01    0.8562053302E+02
  8    ***    0.12929E-01    0.4518480571E+01    0.8198384865E+02
  8    ***    0.12929E-01    0.4550755432E+01    0.8132058632E+02
  8    ***    0.12929E-01    0.4583030293E+01    0.8321497745E+02
  8    ***    0.12929E-01    0.4615305154E+01    0.8223787207E+02
  8    ***    0.12929E-01    0.4647580015E+01    0.8571075960E+02
  8    ***    0.12929E-01    0.4679854877E+01    0.8723937775E+02
  8    ***    0.12929E-01    0.4712129738E+01    0.9051814330E+02
  8    ***    0.12929E-01    0.4744404599E+01    0.9117264246E+02
  8    ***    0.12929E-01    0.4776679460E+01    0.8924934441E+02
  8    ***    0.12929E-01    0.4808954322E+01    0.8783895278E+02
  8    ***    0.12929E-01    0.4841229183E+01    0.8261834231E+02
  8    ***    0.12929E-01    0.4873504044E+01    0.8533835173E+02
  8    ***    0.12929E-01    0.4905778905E+01    0.8531293245E+02
  8    ***    0.12929E-01    0.4938053766E+01    0.8659698727E+02
  8    ***    0.12929E-01    0.4970328628E+01    0.8384966716E+02
  8    ***    0.12929E-01    0.5002603489E+01    0.8128954608E+02
  8    ***    0.12929E-01    0.5034878350E+01    0.8272536185E+02
  8    ***    0.12929E-01    0.5067153211E+01    0.7948919903E+02
  8    ***    0.12929E-01    0.5099428073E+01    0.8062071957E+02
  8    ***    0.12929E-01    0.5131702934E+01    0.8165441845E+02
  8    ***    0.12929E-01    0.5163977795E+01    0.8107223082E+02
  8    ***    0.12929E-01    0.5196252656E+01    0.8047825878E+02
  8    ***    0.12929E-01    0.5228527517E+01    0.8215588017E+02
  8    ***    0.12929E-01    0.5260802379E+01    0.8311707748E+02
  8    ***    0.12929E-01    0.5293077240E+01    0.8012920868E+02
  8    ***    0.12929E-01    0.5325352101E+01    0.8105388761E+02
  8    ***    0.12929E-01    0.5357626962E+01    0.8415228662E+02
  8    ***    0.12929E-01    0.5389901823E+01    0.8842476579E+02
  8    ***    0.12929E-01    0.5422176685E+01    0.8851105229E+02
  8    ***    0.12929E-01    0.5454451546E+01    0.8667398738E+02
  8    ***    0.12929E-01    0.5486726407E+01    0.8902310615E+02
  8    ***    0.12929E-01    0.5519001268E+01    0.8982126243E+02
  8    ***    0.12929E-01    0.5551276130E+01    0.8764639516E+02
  8    ***    0.12929E-01    0.5583550991E+01    0.8786460023E+02
  8    ***    0.12929E-01    0.5615825852E+01    0.8449320359E+02
  8    ***    0.12929E-01    0.5648100713E+01    0.8421914110E+02
  8    ***    0.12929E-01    0.5680375574E+01    0.8277000181E+02
  8    ***    0.12929E-01    0.5712650436E+01    0.8287815570E+02
  8    ***    0.12929E-01    0.5744925297E+01    0.8323184837E+02
  8    ***    0.12929E-01    0.5777200158E+01    0.8008926391E+02
  8    ***    0.12929E-01    0.5809475019E+01    0.7817903602E+02
  8    ***    0.12929E-01    0.5841749881E+01    0.7971537644E+02
  8    ***    0.12929E-01    0.5874024742E+01    0.8120672711E+02
  8    ***    0.12929E-01    0.5906299603E+01    0.7554880209E+02
  8    ***    0.12929E-01    0.5938574464E+01    0.7522035562E+02
  8    ***    0.12929E-01    0.5970849325E+01    0.7964889718E+02
  8    ***    0.12929E-01    0.6003124187E+01    0.7975215589E+02
  8    ***    0.12929E-01    0.6035399048E+01    0.7834690089E+02
  8    ***    0.12929E-01    0.6067673909E+01    0.7929803791E+02
  8    ***    0.12929E-01    0.6099948770E+01    0.7798034958E+02
  8    ***    0.12929E-01    0.6132223631E+01    0.7885350553E+02
  8    ***    0.12929E-01    0.6164498493E+01    0.7779259690E+02
  8    ***    0.12929E-01    0.6196773354E+01    0.7760976793E+02
  8    ***    0.12929E-01    0.6229048215E+01    0.7782569236E+02
  8    ***    0.12929E-01    0.6261323076E+01    0.7899217616E+02
  8    ***    0.12929E-01    0.6293597938E+01    0.8221003341E+02
  8    ***    0.12929E-01    0.6325872799E+01    0.8098194269E+02
  8    ***    0.12929E-01    0.6358147660E+01    0.8147696352E+02
  8    ***    0.12929E-01    0.6390422521E+01    0.8253944577E+02
  8    ***    0.12929E-01    0.6422697382E+01    0.7922436406E+02
  8    ***    0.12929E-01    0.6454972244E+01    0.7790311368E+02
