   3.1268360094088057       -5.1847849667828063     
  -8.8440401146009737        4.4471178721485334     
   9.0079795859619960        5.7895773657884027     
   3.7986203259248450        1.1308562660019286     
   9.0289323427048274       -2.4216348986712628     
   6.2425900196507369       -1.9415584233850431     
   8.4236542893587529       0.95041040444353198     
   5.2432375214371767       -2.0598592726314515     
  -6.0616621138455020        3.2427388384339912     
  -7.7968532829356043        3.0630334320907764     
   5.0868437326095020       -4.7093929722729122     
  -7.0362962042749979       -2.9672380786400931     
   5.0962542310905370        2.2870289794553438     
  -8.2315409676252163       -4.2216348623589317     
  -6.9890829980124130        3.6613898613053539     
  -1.6161920482762862       -9.2492233255082397     
   11.371302003286608        2.4369432396745792E-002
  -8.9605321678339127       -3.5198094557674242     
   4.8539213152431255       -2.9854090300982059     
  -11.212726828802149      -0.76009891904985738     
 -0.30637495584826080        8.0312674166069442     
   7.4269489398681401       0.83088407229619488     
  -5.2153424111559632        3.7749920397728141     
   11.890469329960379       -3.5513235304492707     
  -2.2416357475771345       -8.4630295158453421     
   7.9561591889103349       -8.1514977712302255     
   9.5305865569392285        2.8306908322669595     
   9.0487102795597565        8.4915346328694614     
  -7.4965118575986045       -4.9175172775783258     
   4.7833158849356181        1.3358955978136760     
   9.9498483641303430        5.4522981982467016     
  -10.165414844468279        2.0615395007926045     
   2.7969998975038868        10.884992402667413     
   8.7802494482355264       -5.7915094158731160     
   1.1301486389403572       -4.9825118267537860     
  -2.5945859904265021       -1.8359363388335574     
  -7.5291224184218724       -1.2706340173267321     
  -3.5191129511974952        3.9180641150866231     
   6.8161241003477899        1.6269945994028414     
  -8.4872149971642603       -1.5760168772073739     
  -3.3094595002423954       -1.1331556080966463     
   8.4034946069644665        4.1357587354302607     
   7.3564170093226915       -9.7909033858354011     
   4.2852946964516345        7.6292843061566220     
   5.2666771840696684       -7.4474001663787668     
  -9.2383383646149664      -0.91344397299523483     
  -4.8124063140031641       -3.6101380119069968     
  -1.8731523346639309       -7.5267951087373399     
  0.13611805602252164       -9.5153466733360457     
   7.8154440672763865        1.7548959691675179     
  -2.8645831075928827       -7.6718408455957858     
  -2.3462603773129822      -0.86546149070480571     
   6.6524347042682210       -1.0269736285907722     
   5.7146747011837107        9.8892021026056618     
  -1.8867783049282763       -2.5639365282386657     
   6.2325161263506006       -7.1537189592186623     
  -3.0500587560925223      -0.15088963373463127     
   6.0435952362216447      -0.22344823601326327     
  -5.1631819717299194        2.7693384364634892     
   7.7471205871515263        6.9755008586246525     
   10.791015053544399       -5.8362205311968172     
   5.8453352895545656       -2.8581746346299468     
   1.3229201484409863        6.8655318884021748     
   1.5122453855022471        8.8613526093556612     
   8.1275183385648511       -9.1529012012902040     
   2.1317021046162679       -5.0922765123687475     
  -1.2496382281285763       -8.3120105521745238     
  0.90651918999606507       -10.165312891264248     
   9.3505517117475083        3.8142450627993210     
  0.50642358219097361        7.4457411717428945     
   1.0655823706879761        10.781521019215251     
  -4.9293423980673792       -5.8507635183051834     
   9.2645179924583854       -6.6682775992011241     
   4.8830918122129212        11.407381259183644     
   4.0056507789974924       -10.495558110725860     
   11.960961023582325       -2.5541494318613540     
  -1.3493530837028536        6.6321715566294559     
  -3.3256806510281138       0.83317027304810276     
  0.60259027457767211        8.4460865328788994     
  -5.6728727706490227       -4.1222458051199116     
   7.1917688846866694       -6.8339271542799427     
   5.4681493872040523       -3.7834817602480761     
   7.3984105064283439        4.1828559181818417     
   2.8619143279986243       -11.791843729521254     
  -7.9963238356895356       -3.2477158859627031     
  -9.6778535302223379       -2.8125454860578043     
  -9.5209316003052962        2.8428094374975581     
   7.6683950219983039      -0.90534303334043187     
  0.40924396433895976        6.4446706448961031     
  -10.214215809956258      -0.69768417788070214     
   8.6710766827169117      -0.73361429628433217     
  -7.2708553542150751       -3.9430323492391199     
  -5.6569860802919010       -5.1360488373225106     
   6.4205625387420238       -9.4391888728495683     
  -3.5591198709424638       -2.1092478912615942     
   1.9012705464413999        11.329684212320670     
  -4.8005473260942129       -4.6108274176156474     
  -4.2131084826561365        1.3073646425639593     
  -7.6771819762630091        2.0651315905615335     
   9.1693250574428049        4.8024588627009610     
   5.7087094145756669       -5.4925762532043381     
   1.5478960460567366       -5.9043571087374342     
   8.8928287724673503       -8.5066041159852066     
   4.1171777887758729        2.0828802586430966     
   12.178934724430651      -0.56721746470651513     
   4.7503028564025422        3.9895754712686093     
  -7.4357976669505073        9.9005785899368544     
  -1.5029564975732439        5.6336430597092120     
  -3.0819439977046965       -6.6831181663303045     
   12.069578288249247       -1.5607603806552788     
   5.7492319842872925       -10.993007385572481     
  -3.9393766962665562E-002  -10.500548867732899     
   4.4304624828714871        3.0353176792003556     
  -6.9518142616810955E-002  -3.3548079448250574     
  -8.7128785293698794       -2.5505775593621811     
   10.478704265486222        2.4980069088342916     
  -5.1110148591262794        1.7535640300735649     
  -3.2289858700132696        5.8972700037544818     
   1.9600004200572272       -6.8172828601942266     
  -4.2730597925595877        2.3094195516332849     
  -2.4445648932551736        5.2766081208107609     
   5.7399130626635397        10.888548381340023     
  -4.0499906267918506       -6.3736486667942360     
   1.3967012307371058        3.2312228527080733     
  0.46742411476035695       -1.4538941665542333     
   1.1268902165422332        9.7838264137468016     
   2.1029807197731665       -11.135413145618797     
   3.0553731869126186       -10.811215246248585     
 -0.88276882351142216       -7.3817202274442630     
   8.7388752798977745       -7.5191734856339343     
   8.7240082229122144        6.7484729073058096     
  -6.5345727902869841       -4.6307629563241406     
   8.0283707391270873        3.2201653851302955E-002
   2.5492348101039086       -6.0029073043998036     
 -0.40739947252627179        7.0368456662955667     
  0.27182334360401472        5.4406254295329868     
   1.0082589537769928        11.782029080983943     
   6.4419919877311278       -6.1721425162295969     
   6.0896579839964984       -4.5669718023028381     
   10.344344669904082       -1.3717241914080804     
   4.7580635128194091       -11.154200029027786     
   11.261323103950984      -0.97210380360110937     
   5.4883957143994140       -6.4709314371294875     
  -7.9210072197533821        4.0575178790171753     
 -0.89476695704789655       -2.7852378463776479     
   1.9640803703587346        10.330543601718631     
  -5.9757949846059271        1.2127906837973501     
  -7.3329790930581158      -0.28122196023909379     
   6.5765270057057466       -10.430471920481466     
   6.4687665292536298       -3.6406855951579367     
   8.3436431662254815       -1.6782328389371175     
  -7.7548353489734883       -2.2617884410706828     
  -4.4279080736739562        8.5470377518276113     
   4.3755511848573310        6.6271102611281147     
   1.4160097775733789        7.8648730623606413     
   9.3465766485863000       -1.4721205896343321     
   8.4319175988708235        7.7045865280361143     
   7.0036283143769031       -7.8171962236247978     
   4.6306056771605846        8.5732452591068107     
   7.1889498822308617       -8.8000116060596998     
  -3.0735762304185332        6.8854342903885861     
   10.293653373139689        3.4812604215289822     
 -0.80838902053995776       -9.8555077425841748     
   8.0344285077415947        6.0177620565672383     
   3.4693329159779007        7.0498155856963125     
   11.150751516439925       -1.9663352919554855     
   9.7430133219606549       -7.5511960844644728     
   9.7848990092613111       -5.8128745511161934     
   6.4344439499191104       0.70013308295618049     
  -2.1448234138441333        7.2551077705441749     
   5.4107635674341319        3.2385042471935583     
   5.4411554837659724       0.58277188210154429     
  -6.6015576288315261       0.42172050457708543     
   4.8597017354475769        10.407412315593641     
  -3.8244001895667954       -7.3527782528956029     
   7.0379054042428288      -0.10482828936893586     
  -3.3853186680392140        4.9084193509654304     
  0.46172164854075709       -4.2216847369503210     
  -4.3254563939922521        3.3188577327748767     
   3.8107285244854983       -11.476436962472865     
  -6.4409188027570021        10.016371753061968     
 -0.65719563483822030        5.0567140091476794     
   10.263894783441641       -6.6926192872094612     
   5.6449439780059620       -1.1404389713389018     
  -4.3597370971633014       -2.7113352555484638     
   10.112147724901563        4.4644807281343386     
  0.41914321549514844        3.4611857544442133     
   7.5011757926989036E-003  -2.3462179135891144     
  0.13872119632239435        4.4385640951191174     
  -10.492367858406073        1.1107998835012265     
  -10.762101450344314       0.14262944270523870     
  -6.9668817994167611        1.3584265494978887     
   1.9087247855029830       -12.117786834677453     
  -4.0081066658337035        6.5255715350579466     
  -8.2831270372250749      -0.59608636878717880     
  -3.3709130941467671        1.8452142666581082     
   4.1167822394686180       -5.0015473276970903     
  -8.7199128043030445        3.4543784325590612     
   8.3360249486181353        9.1933113807682698     
  -2.2894361087798658        6.2642701304696962     
