   3.2611508365008248       -7.2829924323092055     
   11.912078415179151       -2.7235165374939512     
  -8.5766655248354944       -1.1780159916536785     
   2.0812056481084347        6.3827484420085243     
   2.1377964479765441       -10.738939126095170     
  -4.3486588796105563        3.6375500526544551     
   11.219310651018569       -2.0026660973207964     
   2.7189471106623841        5.6086302393273950     
   2.2124600490731394       -9.7366561155342417     
  -5.3233928334617708        10.754302290720810     
   1.4358963724089528        7.1474128091229243     
   5.9237834035006749        8.5485532072770738     
  -5.2715787137064378        4.0220199252382294     
   12.189442304628241       -1.7607392101788852     
  -4.7937149641256251      -0.22069828557055188     
   11.897225498665163        3.2403094397567180     
  -4.4817545187312993        4.6350027969487284     
   10.644801589028910        5.5730849644417910     
   4.8571414932356012       -3.8825476328553283     
   6.9169486104814775       -9.2600429186894253     
  -2.3321096454707235        2.4581842980405542     
   3.9451896624537643       -9.8678916265618213     
   2.7832945502167745        1.3040460754117200     
  -4.8835448310385088       -9.6962181522056312     
 -0.43636814446152006        8.6073037055649966     
   8.3572811909837064E-002   3.5521439402661912     
  -3.8800957205839928        5.4411239264137841     
  0.22678615687340081       -7.6517749346721295     
  -2.6546078094894221       -9.7983591132477823     
   10.531306354994165       -3.8921783214678651     
   1.2446181299597749       -5.6429169518989237     
  -2.3245356108646056       -10.743480613879719     
  -4.1148037400611823      -0.95571263334400613     
  -1.6684458662545756       -9.9856187805385055     
  -6.7539703902341612      -0.66204562841615011     
   1.3128094260916825       -4.6450525950556001     
   11.161413915323799        3.9199581238833208     
   2.4226368688967117        7.3273254450819003     
   2.2172186185100866       -4.2163635231329861     
 -0.60950583223449861       -2.7005874227823288     
   5.7845902583890192       -2.4060539187023937     
 -0.41945590713093067       -8.4198927591663661     
  -9.8315346422919987       -3.6995865135415262     
   11.497687290686992       -1.0357349198175896     
   9.3186224084782019       -6.6985708372885364     
   4.9309659754707109       -1.8817798408015645     
   3.7043778833863659        5.7842028969977388     
  -6.2021914146178183        4.3882223344487281     
  -5.0279291299638391       -3.8275592492171353     
  -5.7746272984551510      -0.44152236481917417     
   9.9881314343216534        2.6417256505473810     
  -7.3593146973002952       -2.5722496857941533     
  -5.6121342684243345       -10.381099641490744     
   10.723777718503822        1.9638288321305091     
  0.32570241284266299        2.5807156017598611     
  -5.4194146622993733        5.0109019706898597     
  -9.5583784545162054      -0.98784574725546781     
  -1.2386704685763503        9.2069408207390904     
   2.2850496130410005      -0.35942565144907496     
  -5.7840683597384492       -5.6731509319883031     
 -0.64038302873911690        2.8614758830676901     
   10.526523053609854       -1.2744804260529856     
  -1.0637260251650185       -9.1858082525364146     
  -10.645858106624976       -4.2799976357070726     
  -11.018956053907587        1.4237811012882398     
  -7.1523138054013309        9.9253828340513426     
   1.3318364441428037        10.546519365448169     
   9.7927156276733900       -5.8175044262470896     
   6.9035371339750693        8.7573793806283540     
   2.0513323164539630       0.61397944753773426     
   2.3725709694915680       -7.7412438744840602     
   10.942398210669417        2.9432759914115239     
  -10.000974323644146        3.1467817855419673     
  -3.6498427807140406        8.0780131522260206     
   4.2028010467382169       -6.9181852087389482     
  -7.0618689536749288       -1.6150501395009014     
   1.0739817951369430       -2.2838385593002113     
 -0.15675483520277314        4.5247526035487224     
   3.7403916603400384        1.0141196407080739     
   9.0958399202318727        7.7142987258927960     
   3.0505022951531768       -4.7815648305529814     
  -9.2371118673432413       -1.9397522399701121     
   7.7466203721524440        5.1003162067968741     
   3.7683371038847930        10.650101519734854     
  -5.1088525805871008       -8.7203147307034090     
   7.7451977434468757       -2.2731340948109668     
   1.9314350205870747        11.347682239874340     
   10.792202496505972       -5.7873399325185009     
  -6.3486953245005342        5.3811350707391110     
  -9.5276138898020175       0.54516794631637056     
   2.9198252176933654        11.179627139879505     
 -0.87840052719540473        3.8329277281396168     
  -3.1674690054797070        9.7457594005672696     
   1.5431984763085291        12.269671704138840     
  -4.4187691459942071       -1.9183160779087469     
   3.0654265479996239        6.5567107797747237     
  -5.0911942687400904       -1.1764719892374649     
  -4.7238615643661506       -2.8749692098920718     
   3.1191198065340155       -3.7838621378068940     
  -6.3363258116578197E-002   11.601071021874970     
  -6.2429646388095055       -6.5642029614460649     
   6.2278280679149303        9.5043351365266169     
  -9.0008413299732943        3.1455780629538999     
   4.7693896688297315       -6.0940740253979619     
   2.7694119954303824        8.2691242533753986     
   5.8368684153697350       -7.7906850719335692     
  -3.8182135806639348        6.0337504132759231E-003
 -0.36999916412398798       -3.6768062856952013     
   3.0422827803181751       -10.297627973435720     
  -1.4861166718910856        10.177901194104173     
   10.422635404291583        4.5962718245789249     
  -11.066441487638263        4.1578219725264915     
   6.7316255367602658       -8.2639647425554728     
   8.7920959163207115       -5.8450815957681312     
  -2.4505430269248900        10.442873700023771     
  0.56496761662611861       -8.5972033957538798     
   8.4649986081339694        4.4050777280507782     
   3.8655324708261927       -10.864935285788443     
  0.46007037462315936        6.9089512508718567     
   7.6724351289886696       -8.6026683454336510     
   1.3871230524170763       -9.1693217189359615     
  -9.7323371594808332       -4.6963726026643897     
   7.8020826730537305       -3.2712243811965438     
   2.2916525275239539       -8.7387038750951636     
  -10.531551667420748       0.55059660094851981     
  -11.514041457732812        2.2952383965129881     
   1.2284711728178945       -11.165507607808792     
   10.803468701030964      -0.31284649921179697     
  -6.0069815579719075       -4.0425474312536309     
 -0.40078957841089885        1.8911142802798142     
   1.4687268840875651       -8.1696774960191156     
   9.4664913703802416        4.2986426172845400     
   8.6180807113114248       -8.9276336335310695     
  -6.3815277094277443       -2.3488913359159596     
   7.2074061454555221        9.7153949016803320     
  -6.0536227261490927        3.3988581598210574     
   8.6435561847238702       -2.7244097031987198     
   10.200526082389388        3.6197214396637820     
  -8.8951180119670266      -0.23086945633789965     
  -1.6020785440305052        3.1433767265657693     
 -0.75900918079799773       -7.4771420747124919     
 -0.24543499828244908        7.6241266330727910     
   6.5385562610133006        10.458995633828557     
   4.1821290402951767        9.7344445250236102     
  -1.0319232498640929        11.852585462815927     
  -3.1521917485198467        6.1377220254489222     
  -9.9086175295792689       -2.6945988931918907     
  -10.512404810030022        2.2861958660430601     
   6.6000663313064489        7.8020415064862298     
   3.1192719672686411       -9.3004826653099819     
  -2.6812664886433257        7.8041090018238570     
  -10.018854857879584        1.4170272849118768     
   5.7522541494158537       -3.4146204077853648     
  -5.4281897715351439        9.7602323312569848     
  -3.8941089795942725        9.0519349991232119     
  0.80474038265000625        4.2448858763907227     
  0.59148709394545484       -3.9495775127262434     
  -9.0501964125259438        7.9534728691058509     
  -5.2359168251356918       -6.5091988165458421     
  -5.3330329252811985       -4.7805934819226490     
  -2.9275315600561260        8.7738272083374493     
   7.3268055445167768        7.0999129688354277     
  -1.3650559572781045        2.1710990635930378     
  -6.3376342302373585        9.3424386984619492     
  -1.7391967470518142        11.146263593917929     
  0.55028162786654844        12.394650394347197     
  -4.7826524283873582       -5.6155910666757967     
   10.318959306606230       -6.6686055663037367     
   5.2003789392593252       -7.0082519922319095     
  -4.6146139868410199        8.3559145230553540     
   7.8644501449365745       -9.5894547029002766     
   4.0166643679770138       -3.3412593518581639     
  0.93580298174673449        11.472034056698927     
  -2.2039739604446678        9.4726194254588769     
   3.0134197670588279       0.32631939223988665     
  -9.5025668470401410        2.2761416899380662     
  -10.737449784733890       -3.2738773187063104     
   9.8476758897104926       -7.5508801693277867     
   4.9058740031449393       -2.8822511372455626     
   11.382549533323431        4.8979539909026046     
   5.8049469953897876       -1.3951998268276125     
  -5.8423532731548766       -9.4046276646155480     
   3.8060153420112588        11.649957471247617     
  0.11203449183347114       -2.0073230335137318     
   4.0619946901728587        6.7185595681653663     
  -8.2535583170906559       -2.1238360259999842     
  -6.2420674669041176        10.342241475574790     
   10.939398411955425       -2.9698762448130296     
  -11.000509695258810        3.1594886892748906     
  -2.9138945623550727        5.1643570653173674     
  -3.7824367762907225       -5.5575529914557666     
 -0.77310534592191615        10.883434717584345     
  -3.4035477365004079        7.1076457372861048     
  0.35070096305552950       -2.9791017938703819     
   1.3079744042798114       -10.168120175861882     
   3.9550720710024310       -4.3390613586128488     
   9.8316162616955651      -0.55393456690507559     
  -1.4034113418312946       -8.2429253903599236     
  -5.7022749644422523       -3.0859701014559580     
   2.1479114731368827       -5.2138946432234281     
