  5    ***    0.12929E-01    0.3227486122E-01    0.0000000000E+00
  5    ***    0.12929E-01    0.6454972244E-01    0.0000000000E+00
  5    ***    0.12929E-01    0.9682458366E-01    0.0000000000E+00
  5    ***    0.12929E-01    0.1290994449E+00    0.0000000000E+00
  5    ***    0.12929E-01    0.1613743061E+00    0.0000000000E+00
  5    ***    0.12929E-01    0.1936491673E+00    0.0000000000E+00
  5    ***    0.12929E-01    0.2259240285E+00    0.0000000000E+00
  5    ***    0.12929E-01    0.2581988897E+00    0.0000000000E+00
  5    ***    0.12929E-01    0.2904737510E+00    0.0000000000E+00
  5    ***    0.12929E-01    0.3227486122E+00    0.0000000000E+00
  5    ***    0.12929E-01    0.3550234734E+00    0.0000000000E+00
  5    ***    0.12929E-01    0.3872983346E+00    0.0000000000E+00
  5    ***    0.12929E-01    0.4195731958E+00    0.0000000000E+00
  5    ***    0.12929E-01    0.4518480571E+00    0.0000000000E+00
  5    ***    0.12929E-01    0.4841229183E+00    0.0000000000E+00
  5    ***    0.12929E-01    0.5163977795E+00    0.0000000000E+00
  5    ***    0.12929E-01    0.5486726407E+00    0.0000000000E+00
  5    ***    0.12929E-01    0.5809475019E+00    0.0000000000E+00
  5    ***    0.12929E-01    0.6132223631E+00    0.0000000000E+00
  5    ***    0.12929E-01    0.6454972244E+00    0.0000000000E+00
  5    ***    0.12929E-01    0.6777720856E+00    0.0000000000E+00
  5    ***    0.12929E-01    0.7100469468E+00    0.0000000000E+00
  5    ***    0.12929E-01    0.7423218080E+00    0.0000000000E+00
  5    ***    0.12929E-01    0.7745966692E+00    0.0000000000E+00
  5    ***    0.12929E-01    0.8068715305E+00    0.0000000000E+00
  5    ***    0.12929E-01    0.8391463917E+00    0.0000000000E+00
  5    ***    0.12929E-01    0.8714212529E+00    0.0000000000E+00
  5    ***    0.12929E-01    0.9036961141E+00    0.0000000000E+00
  5    ***    0.12929E-01    0.9359709753E+00    0.0000000000E+00
  5    ***    0.12929E-01    0.9682458366E+00    0.0000000000E+00
  5    ***    0.12929E-01    0.1000520698E+01    0.3197843393E+04
  5    ***    0.12929E-01    0.1032795559E+01    0.4005587356E+04
  5    ***    0.12929E-01    0.1065070420E+01    0.7798650976E+03
  5    ***    0.12929E-01    0.1097345281E+01    0.6235909211E+03
  5    ***    0.12929E-01    0.1129620143E+01    0.5311143460E+03
  5    ***    0.12929E-01    0.1161895004E+01    0.4563290528E+03
  5    ***    0.12929E-01    0.1194169865E+01    0.4133528578E+03
  5    ***    0.12929E-01    0.1226444726E+01    0.4041771611E+03
  5    ***    0.12929E-01    0.1258719588E+01    0.3938113376E+03
  5    ***    0.12929E-01    0.1290994449E+01    0.3469658344E+03
  5    ***    0.12929E-01    0.1323269310E+01    0.3326644831E+03
  5    ***    0.12929E-01    0.1355544171E+01    0.3407004939E+03
  5    ***    0.12929E-01    0.1387819032E+01    0.3172493525E+03
  5    ***    0.12929E-01    0.1420093894E+01    0.3170746975E+03
  5    ***    0.12929E-01    0.1452368755E+01    0.3213713835E+03
  5    ***    0.12929E-01    0.1484643616E+01    0.3236435006E+03
  5    ***    0.12929E-01    0.1516918477E+01    0.3274826872E+03
  5    ***    0.12929E-01    0.1549193338E+01    0.3185725756E+03
  5    ***    0.12929E-01    0.1581468200E+01    0.3267473952E+03
  5    ***    0.12929E-01    0.1613743061E+01    0.3230478806E+03
  5    ***    0.12929E-01    0.1646017922E+01    0.3279461665E+03
  5    ***    0.12929E-01    0.1678292783E+01    0.3309335000E+03
  5    ***    0.12929E-01    0.1710567645E+01    0.3618037490E+03
  5    ***    0.12929E-01    0.1742842506E+01    0.4908278948E+03
  5    ***    0.12929E-01    0.1775117367E+01    0.5047915870E+03
  5    ***    0.12929E-01    0.1807392228E+01    0.4890708092E+03
  5    ***    0.12929E-01    0.1839667089E+01    0.5097825785E+03
  5    ***    0.12929E-01    0.1871941951E+01    0.5370192250E+03
  5    ***    0.12929E-01    0.1904216812E+01    0.5682000145E+03
  5    ***    0.12929E-01    0.1936491673E+01    0.6317836020E+03
  5    ***    0.12929E-01    0.1968766534E+01    0.7753418514E+03
  5    ***    0.12929E-01    0.2001041396E+01    0.1254292084E+04
  5    ***    0.12929E-01    0.2033316257E+01    0.7806649271E+03
  5    ***    0.12929E-01    0.2065591118E+01    0.5651018069E+03
  5    ***    0.12929E-01    0.2097865979E+01    0.5035474868E+03
  5    ***    0.12929E-01    0.2130140840E+01    0.4681478260E+03
  5    ***    0.12929E-01    0.2162415702E+01    0.4389134334E+03
  5    ***    0.12929E-01    0.2194690563E+01    0.4208066127E+03
  5    ***    0.12929E-01    0.2226965424E+01    0.4188419066E+03
  5    ***    0.12929E-01    0.2259240285E+01    0.4103971653E+03
  5    ***    0.12929E-01    0.2291515147E+01    0.4002270483E+03
  5    ***    0.12929E-01    0.2323790008E+01    0.3903699022E+03
  5    ***    0.12929E-01    0.2356064869E+01    0.3916871202E+03
  5    ***    0.12929E-01    0.2388339730E+01    0.3932456634E+03
  5    ***    0.12929E-01    0.2420614591E+01    0.3967585326E+03
  5    ***    0.12929E-01    0.2452889453E+01    0.4006505405E+03
  5    ***    0.12929E-01    0.2485164314E+01    0.4176358856E+03
  5    ***    0.12929E-01    0.2517439175E+01    0.4129173345E+03
  5    ***    0.12929E-01    0.2549714036E+01    0.4033622878E+03
  5    ***    0.12929E-01    0.2581988897E+01    0.4052841588E+03
  5    ***    0.12929E-01    0.2614263759E+01    0.4073733878E+03
  5    ***    0.12929E-01    0.2646538620E+01    0.4228342604E+03
  5    ***    0.12929E-01    0.2678813481E+01    0.4574772834E+03
  5    ***    0.12929E-01    0.2711088342E+01    0.4898754840E+03
  5    ***    0.12929E-01    0.2743363204E+01    0.5240141657E+03
  5    ***    0.12929E-01    0.2775638065E+01    0.5109756006E+03
  5    ***    0.12929E-01    0.2807912926E+01    0.5107324442E+03
  5    ***    0.12929E-01    0.2840187787E+01    0.5062458635E+03
  5    ***    0.12929E-01    0.2872462648E+01    0.5124839522E+03
  5    ***    0.12929E-01    0.2904737510E+01    0.5340948254E+03
  5    ***    0.12929E-01    0.2937012371E+01    0.5377375976E+03
  5    ***    0.12929E-01    0.2969287232E+01    0.5654575097E+03
  5    ***    0.12929E-01    0.3001562093E+01    0.5879971630E+03
  5    ***    0.12929E-01    0.3033836955E+01    0.4889348792E+03
  5    ***    0.12929E-01    0.3066111816E+01    0.4630765487E+03
  5    ***    0.12929E-01    0.3098386677E+01    0.4464097835E+03
  5    ***    0.12929E-01    0.3130661538E+01    0.4352289007E+03
  5    ***    0.12929E-01    0.3162936399E+01    0.4273592620E+03
  5    ***    0.12929E-01    0.3195211261E+01    0.4224001274E+03
  5    ***    0.12929E-01    0.3227486122E+01    0.4234781929E+03
  5    ***    0.12929E-01    0.3259760983E+01    0.4120076476E+03
  5    ***    0.12929E-01    0.3292035844E+01    0.4216668311E+03
  5    ***    0.12929E-01    0.3324310705E+01    0.4369609055E+03
  5    ***    0.12929E-01    0.3356585567E+01    0.4292059751E+03
  5    ***    0.12929E-01    0.3388860428E+01    0.4326723839E+03
  5    ***    0.12929E-01    0.3421135289E+01    0.4227396661E+03
  5    ***    0.12929E-01    0.3453410150E+01    0.4248627009E+03
  5    ***    0.12929E-01    0.3485685012E+01    0.4350381188E+03
  5    ***    0.12929E-01    0.3517959873E+01    0.4385107402E+03
  5    ***    0.12929E-01    0.3550234734E+01    0.4382083541E+03
  5    ***    0.12929E-01    0.3582509595E+01    0.4501621949E+03
  5    ***    0.12929E-01    0.3614784456E+01    0.4577907090E+03
  5    ***    0.12929E-01    0.3647059318E+01    0.4637443999E+03
  5    ***    0.12929E-01    0.3679334179E+01    0.4766290905E+03
  5    ***    0.12929E-01    0.3711609040E+01    0.4879632175E+03
  5    ***    0.12929E-01    0.3743883901E+01    0.4835444103E+03
  5    ***    0.12929E-01    0.3776158763E+01    0.4811599562E+03
  5    ***    0.12929E-01    0.3808433624E+01    0.4648852226E+03
  5    ***    0.12929E-01    0.3840708485E+01    0.4652771870E+03
  5    ***    0.12929E-01    0.3872983346E+01    0.4603181816E+03
  5    ***    0.12929E-01    0.3905258207E+01    0.4576561805E+03
  5    ***    0.12929E-01    0.3937533069E+01    0.4569913470E+03
  5    ***    0.12929E-01    0.3969807930E+01    0.4551316880E+03
  5    ***    0.12929E-01    0.4002082791E+01    0.4497226407E+03
  5    ***    0.12929E-01    0.4034357652E+01    0.4287657177E+03
  5    ***    0.12929E-01    0.4066632514E+01    0.4241967478E+03
  5    ***    0.12929E-01    0.4098907375E+01    0.4190397416E+03
  5    ***    0.12929E-01    0.4131182236E+01    0.4226316448E+03
  5    ***    0.12929E-01    0.4163457097E+01    0.4178128135E+03
  5    ***    0.12929E-01    0.4195731958E+01    0.4154280760E+03
  5    ***    0.12929E-01    0.4228006820E+01    0.4138057790E+03
  5    ***    0.12929E-01    0.4260281681E+01    0.4117821289E+03
  5    ***    0.12929E-01    0.4292556542E+01    0.4176302582E+03
  5    ***    0.12929E-01    0.4324831403E+01    0.4165849043E+03
  5    ***    0.12929E-01    0.4357106264E+01    0.4149871068E+03
  5    ***    0.12929E-01    0.4389381126E+01    0.4192237516E+03
  5    ***    0.12929E-01    0.4421655987E+01    0.4213462134E+03
  5    ***    0.12929E-01    0.4453930848E+01    0.4227192328E+03
  5    ***    0.12929E-01    0.4486205709E+01    0.4259992918E+03
  5    ***    0.12929E-01    0.4518480571E+01    0.4271951415E+03
  5    ***    0.12929E-01    0.4550755432E+01    0.4325498317E+03
  5    ***    0.12929E-01    0.4583030293E+01    0.4228559001E+03
  5    ***    0.12929E-01    0.4615305154E+01    0.4283159958E+03
  5    ***    0.12929E-01    0.4647580015E+01    0.4226835870E+03
  5    ***    0.12929E-01    0.4679854877E+01    0.4172278224E+03
  5    ***    0.12929E-01    0.4712129738E+01    0.4199117766E+03
  5    ***    0.12929E-01    0.4744404599E+01    0.4176781934E+03
  5    ***    0.12929E-01    0.4776679460E+01    0.4113452839E+03
  5    ***    0.12929E-01    0.4808954322E+01    0.4113326816E+03
  5    ***    0.12929E-01    0.4841229183E+01    0.4134460043E+03
  5    ***    0.12929E-01    0.4873504044E+01    0.4064958953E+03
  5    ***    0.12929E-01    0.4905778905E+01    0.4001350667E+03
  5    ***    0.12929E-01    0.4938053766E+01    0.4016857861E+03
  5    ***    0.12929E-01    0.4970328628E+01    0.3967530547E+03
  5    ***    0.12929E-01    0.5002603489E+01    0.3898140301E+03
  5    ***    0.12929E-01    0.5034878350E+01    0.3911588394E+03
  5    ***    0.12929E-01    0.5067153211E+01    0.3895185535E+03
  5    ***    0.12929E-01    0.5099428073E+01    0.3970308515E+03
  5    ***    0.12929E-01    0.5131702934E+01    0.4038185654E+03
  5    ***    0.12929E-01    0.5163977795E+01    0.4002841613E+03
  5    ***    0.12929E-01    0.5196252656E+01    0.3913422718E+03
  5    ***    0.12929E-01    0.5228527517E+01    0.3940593611E+03
  5    ***    0.12929E-01    0.5260802379E+01    0.3899294147E+03
  5    ***    0.12929E-01    0.5293077240E+01    0.3866224974E+03
  5    ***    0.12929E-01    0.5325352101E+01    0.3889595878E+03
  5    ***    0.12929E-01    0.5357626962E+01    0.3931455983E+03
  5    ***    0.12929E-01    0.5389901823E+01    0.3949382596E+03
  5    ***    0.12929E-01    0.5422176685E+01    0.3915040568E+03
  5    ***    0.12929E-01    0.5454451546E+01    0.3967550435E+03
  5    ***    0.12929E-01    0.5486726407E+01    0.3890959955E+03
  5    ***    0.12929E-01    0.5519001268E+01    0.3903924201E+03
  5    ***    0.12929E-01    0.5551276130E+01    0.3913886392E+03
  5    ***    0.12929E-01    0.5583550991E+01    0.3833447478E+03
  5    ***    0.12929E-01    0.5615825852E+01    0.3834307684E+03
  5    ***    0.12929E-01    0.5648100713E+01    0.3828970598E+03
  5    ***    0.12929E-01    0.5680375574E+01    0.3791250304E+03
  5    ***    0.12929E-01    0.5712650436E+01    0.3768904474E+03
  5    ***    0.12929E-01    0.5744925297E+01    0.3824739861E+03
  5    ***    0.12929E-01    0.5777200158E+01    0.3831958853E+03
  5    ***    0.12929E-01    0.5809475019E+01    0.3790693029E+03
  5    ***    0.12929E-01    0.5841749881E+01    0.3723982307E+03
  5    ***    0.12929E-01    0.5874024742E+01    0.3766544222E+03
  5    ***    0.12929E-01    0.5906299603E+01    0.3751598574E+03
  5    ***    0.12929E-01    0.5938574464E+01    0.3757076636E+03
  5    ***    0.12929E-01    0.5970849325E+01    0.3730474549E+03
  5    ***    0.12929E-01    0.6003124187E+01    0.3777464927E+03
  5    ***    0.12929E-01    0.6035399048E+01    0.3723129931E+03
  5    ***    0.12929E-01    0.6067673909E+01    0.3780631878E+03
  5    ***    0.12929E-01    0.6099948770E+01    0.3659148605E+03
  5    ***    0.12929E-01    0.6132223631E+01    0.3648331857E+03
  5    ***    0.12929E-01    0.6164498493E+01    0.3634741324E+03
  5    ***    0.12929E-01    0.6196773354E+01    0.3664164000E+03
  5    ***    0.12929E-01    0.6229048215E+01    0.3775667853E+03
  5    ***    0.12929E-01    0.6261323076E+01    0.3739573633E+03
  5    ***    0.12929E-01    0.6293597938E+01    0.3735900849E+03
  5    ***    0.12929E-01    0.6325872799E+01    0.3665158425E+03
  5    ***    0.12929E-01    0.6358147660E+01    0.3719388654E+03
  5    ***    0.12929E-01    0.6390422521E+01    0.3667290909E+03
  5    ***    0.12929E-01    0.6422697382E+01    0.3675294143E+03
  5    ***    0.12929E-01    0.6454972244E+01    0.3735091284E+03
