  0.83588618289798500       0.71340014160613707     
  -1.6487869037348684       -9.4730652937576103     
  -9.8354000411082829        4.5067487587310753     
   1.7279826155348690        12.189796519082583     
   1.6221451166776522        8.1863517921366871     
   11.103027183508503        2.4216373329164425     
  -9.8891877957545358       -3.3865325778516766     
   3.5721423977190359        4.0311677585871966E-002
   3.4933901916511743        7.6686583449262580     
  -2.3103201578355432       -12.005756600660188     
  -4.5915114923162177       -4.9730530178586685     
  -5.6305081568479363        1.3858120145231214     
  -4.9526564586263362       -9.9412712778378207     
   5.9570604827341649       0.34416941274209834     
  -7.3891618426678267        4.8863272812943448     
   10.687274685283789       -2.3444187435253676     
  -5.1700156290071106       -4.1573931238033222     
   7.1462282414517402        7.6845423871617369     
  -4.5940813294684304        3.0733765032976375     
   2.5929700006828713       0.26582172861920050     
  0.69241543701676034        7.8166362228478281     
  -1.4530340941717432        9.5039337101786643     
   1.3341572405422211       -11.194795367834628     
   5.2836919237416611       -1.1558308159225912     
   6.5638273770799307        10.531607156945018     
   5.7593333616255569       -9.8870587370809293     
   2.3788180311556260        6.0036224275806909     
  -1.5273127747202369       0.31439231038762339     
  0.80637679347064728        8.8105569418181506     
 -0.16672517314991622       -7.8251781688436157     
   2.4814393620685506       -7.8209789536315402     
  -2.0234439181570614       -8.5458905500378464     
  -6.2415518396201684       0.11166563584086585     
   9.0062317613557443        3.2596328581756504     
  -4.4054005924007971        11.601314841160702     
   9.4344739101455311       -6.5971229220510246     
   2.4679419710728503        7.1418601147685710     
   8.4442974369678527       -6.7324148639450359     
   2.7371811212973816       -3.3188392676548344     
  -3.8194924551156246       -2.7651178823152653     
  -7.3301320408967854        3.7071859434094536     
   6.8224414134910809       -2.8937718310790284     
   5.9742843767003695        2.1224508522532495     
   3.1873648065405149       -10.964087850359181     
   10.819108742509513       -3.3674016471416701     
   11.645197124584369        4.2885681504132576     
   6.9994311744084943       -8.6752794068134982     
   5.5807110241119746        3.0413464858110615     
   5.9993522937993671       -3.4615888082533135     
   2.2151311127813798       -10.722075016687983     
   8.7863777923622646        6.9735193666905593     
  -5.4593059488409850        7.1603862723148977     
   4.9229652159953776        4.9112531804081447     
   3.9502817559518906E-002   2.3394519279179531     
  -5.0632295738784583       -5.8543957936164848     
   7.2740280274262821       -4.8196075150600226     
  -2.7233855533487397        8.9824339450226081     
  -10.580760225209003       -1.5242585189979534     
  -6.6371670970432284        1.4748380016273002     
   1.6819428495992770       -9.6328803528892148     
  -11.102510533103043        1.8132746792702858     
  -1.0498675523565102        1.5737748188000447     
  -2.8268335795132926       -7.4519989576342738     
  0.55895075514210490       -2.2503958146862222     
   7.3407426765038588        8.9280724638115103     
  -9.1344333912129709       -2.3581580559319146     
  -7.7123189052267378       -3.1795080442324322     
  -3.2912035839465958       -5.1639909131812649     
   6.0493742024286190       -2.2563838407955545     
   8.9586904397355518        5.9874796574884197     
   12.353320813702858       -1.1800955656676659     
   11.118874712099485        5.1384368388874879     
  -10.754070385071687        6.1929394693926891     
   5.2322482944034361        11.252865452405814     
  -3.6935595590709567        8.7341124901564058     
   12.382588545024156       0.82134540922969101     
  -4.6681135450311437       -6.7897742161049459     
   9.8906517457802163       -7.4924853638529694     
  -11.355355501882498       0.38715393148707350     
  -3.7916725454558646        5.6191435150302702     
   4.4825014034034307       -8.8150006521213307     
   7.9636023344474669       -8.4119841535759949     
   12.365782325876122      -0.17876647573048746     
  -5.5238307231874249       -1.7634059104165372     
  -3.1800920952244760      -0.90875423491322815     
  -3.8616242065441924        6.6174398278883082     
  -11.372930470703656        4.4736869144923448     
  -6.7163510900820977       -3.0870918159288996     
   3.9220656238697096       -1.2374619367988524     
   3.3571109305581723        6.6780952654260419     
   6.0364708923430497       -5.9175391069984782     
   9.8518069609493715      -0.78065106008567053     
  -2.6423057082402885       -9.5883928950328059     
  -8.1348113864742242       -2.2726617852575774     
   6.0021198987833300       -10.857982384793539     
   2.2530811136039195       -2.4426622004313896     
  -2.4222226215290914       -3.2230024240219373     
   9.0438354248272095       -1.5662033940504818     
   2.7116199958811120        11.944322335934080     
  -9.8519990300135607        5.7564025392294127     
  -1.8489656002862924        2.2103211438337764     
  -1.7371597069181097       -3.9534026381441412     
  -1.5688221835744789        3.3257675443936341     
   3.9798475293057067        4.5750955936934714     
  -10.848368725624177       -6.0248883055088935     
   4.5068657602745841       0.44815975819388676     
   8.3713054097503825        2.4330787178834012     
   3.3237605813231212        5.6775066936783931     
   3.5760973309839712       -8.3778875003273701     
   11.951946698550200        3.3370304102140897     
   4.2670174999231207       -2.1974607473101253     
   3.2950243328098647       -5.2360079765967287     
  -4.0447029771731753       -4.1307818059582742     
   10.970343533105332       -5.7975766564920752     
  -3.0534325916809553       -3.9984859117007217     
  -5.2308146000419171        2.3027743417123281     
  -1.4061258539768136        5.2361925714389113     
   8.9939717592015054        8.3442372848415918     
  -8.5722000581444604        2.9057517508885571     
  -12.201338961127245        2.2648851471088212     
   2.8745151130365829        4.7816132494312713     
   3.3249422815186631        2.8367223495730580     
 -0.53550341368675569        5.7311653703092560     
  0.37347571614902947       -5.9050753739137791     
   6.4706087769117868        8.4352836800169886     
   5.2001606620241736       -4.0629219510317522     
 -0.52768997600379153       0.31712387332453079     
  -8.6709029894330900        5.0895129052458126     
  -8.3145696841836134       0.49412356415620040     
  -6.9318111112632108        5.9136323464177902     
  -9.3961899945054910        1.8119689213568824     
   3.0285104342956406       -1.6881035556292177     
  -8.6545450155918768        8.8921128371886766     
 -0.28726052151157877        3.7489970690497931     
   9.3177488441730549       -5.5997562633189482     
   8.8992130812614381       -7.6216186712591378     
  -1.1736642259568044        4.2444270186305122     
   4.2572164382500581        11.026494250480432     
   5.5310381049632520        6.7296478524187027     
  -5.8767121739954442      -0.82809484618248008     
  -6.8936496438428332      -0.64646614625944343     
   9.7688060743972027        7.6530060100781849     
  -5.7728360963384464       -2.7564367832759036     
   6.4464655002490092       -6.8329517415243082     
   3.0765540493391774       -4.2592851958076841     
  -6.8037782526808721        2.7077964127717644     
  -6.6246178705888470       -4.8491586126941542     
   6.0559040207770387       -7.9432888951079663     
   8.6697045943593842      -0.62125588484114147     
   5.4959228815732910        5.7305825570156692     
  -4.5794239062881381        5.0030220648358963     
  -6.6507025543018603       -6.7412043582495853     
   3.8443363475373542       -6.1222320948959803     
  -11.988736202711562      -0.38775143031970727     
   1.6520635020474963       -1.1280941267454996     
  -2.4380344571837314        9.9877744276949336     
   12.190298250839117       -2.1664519089506662     
  -7.1313929719273235       0.58423685401149361     
   5.0671651011538255E-002  -10.866695190040391     
  -8.8199784728220578       -4.8295661757024586     
  -9.8477141782321063       -5.0148044844739834     
   6.9041369679434865       -3.8907761493006259     
  -4.3794180917172618E-002   1.1924904483696512     
   4.5000980874747141       -7.1849541465017062     
 -0.71586066640119173       -6.1849448537735761     
  -3.0841220329909418        3.7686650803650457     
  -3.6415922435979771       -9.6416678016854611     
  -6.9419409701445725       -8.0576436933349278     
  -8.7272458541743649        6.3043993548990951     
  -4.3066037405346922        9.5251887679985501     
  -2.5273928029267445       0.31901778332206709     
   4.9313845652230253        9.9778147014285441     
 -0.44258199903882994        7.7376774407802333     
  -8.2411289541000503        4.1255778455478387     
  -6.7148968416447170       -1.6335603951411730     
  -5.6637498090673839       -8.1577608094969971     
   3.2651965259148352        10.877382626927020     
  -3.6129279527490126        2.8814602779786047     
   4.3572515880020273        6.7017386234722851     
   1.1602488513592335      -0.25723590026179294     
  -8.9122630026385750       -7.1223037317695193     
   2.2930481904065929       -4.9225160903065088     
  -2.0892067975112543        7.0711548897752738     
   3.5190229163803662E-002  -6.8457766322501676     
  -4.1902251536550379       -8.8059038433176369     
  -2.4282866639662148       -1.6083936699648225     
 -0.24500809254455749      -0.79470907660053081     
   4.1203943009184076       -11.331641068900176     
  -6.6656362199312884        6.9345528784442010     
   3.8680685721685881        9.4711204091374714     
   8.3239276351529163        9.1225222703530218     
  -5.9809231387265029        3.6701229493087393     
  -6.1390992213924456       -3.9039006558053146     
  -7.1555102432755984       -10.131958428254684     
   1.6597622091378832       -3.4944364694175971     
   7.1547514913697983       -5.8125293044641753     
   7.4449846110080076       -6.7695568619264943     
   1.9282909176660947        1.0146059802413367     
   10.681820549877191       -1.3412043108972289     
  -1.2485309687042665       -12.174839639810360     


