   3.7165135600408599        10.538293224188505     
  -7.8781625494573113        8.6289182219595766     
  0.11055658478019693      -0.88012714641012613     
   8.6019107476073735       -3.3354664168503838     
   3.8324803101197498       -3.4080444414175872     
   11.762825097941521       -3.2205284279715625     
   3.8030330722638599       -2.4175790745293391     
  -6.5886698286384231        6.0218700096019449     
 -0.48722615758754706       0.74555297364218509     
  -1.2407250476190244        10.622476346485078     
   7.1627127239521071        5.2609565741610984     
  -10.894376028492490        5.9416555035410887     
  -2.9585598591578792        3.7017450953866811     
   7.0221621469447308       -1.6736868025990785     
  -7.2266849432583120       0.69170668592805284     
   5.9473361611907496        9.0140180781923718     
 -0.43684686648092430       -12.091001078939545     
   8.6540452939172443        3.7110871072715197     
   1.9019553038519381        9.9400850936728116     
  -4.9765055907447788        7.3277979996676033     
   6.0910263708993186        5.4995601443101396     
   9.6063692878165341        6.3854894079410398     
   10.064335813087766        7.2600366934210934     
   3.0177836152162598        3.6627132609528181     
  0.15301571468379180        8.8489562139592017     
  0.97411207909616748        2.0116371532977291     
  0.27364338016769663        9.2000644879461038E-002
   7.0992074309746807        10.178601153584101     
  -4.8601163158201848        10.260986634937439     
  0.76660453524010874        4.6050250245606943     
   4.0613945344765403        5.3487014748588226     
   2.8421533117733428       -8.7934192868819583     
   2.6412896205096792       0.82341661472214178     
   2.9468237034378375        8.8511220323885951     
   4.5026798951552252      -0.58462639903138658     
  -2.6394381081295299       -4.4340031703694827     
  0.49526660347843643        11.432809641613863     
   6.9069973755392153        9.2212646203785553     
 -0.67159047521232207      -0.26970876242276481     
   3.6694026831793374        7.2575161569489337     
 -0.29072605503127813        2.2144497337330056     
   2.8727331262673674        7.8338774120009198     
   12.089611068705219        2.6436314153175737     
  -10.347681737312465        4.0727668032742770     
  -3.8807827118722575        10.097637989896571     
  -5.4873479420222546       -9.7305013501785957     
   3.7701836904647679       -4.4255954737922192     
   3.7469699686216629        4.3973336466053725     
  -2.4037026021728294       -9.4278421811925970     
   3.2311173795828685       -5.4850165679661078     
   2.8716132474017426       -2.0991831744222447     
   1.9020191158505133       -1.9383009187938214     
  -1.3171863568820379       -6.8083187919288477     
   7.7064436000999210       -3.7656577276157082     
   6.9845962333933782        3.7341711578986723     
   1.4737022887429194       -4.6479208670649719     
 -0.75591201747524805        4.2986661618479847     
   10.223335909208856       0.76037800483687834     
   3.8746922325082314       -10.677022054940224     
  -8.3208125257400027        2.6414924700624924     
   9.3180726851289055        8.1960413558501077     
  -2.6450694401816763       -6.3313654843419762     
  -7.2835795967656033E-002   7.3905013963712571     
  -4.7611901418717331       -8.1244356488402616     
   6.5352170991636633        8.2079235713085108     
   9.9011195754423049      -0.96786230358692626     
   5.5879334203642816       -6.9502370711457582     
  -6.7106848621418296       -4.2058792093689110     
   2.5426504965664516       -7.8486953364609233     
   2.6514811839083712        4.5853099223853384     
  -5.4233765775415073        5.7567098594037063     
  -1.7234567380291301       -1.6604533377447530     
  -8.6521042193060822        6.4641890360517573     
   7.6374138846820374       -4.7822076816034791     
   7.4958553673549009        8.4485307402586312     
  -4.3573057132022264        8.4208526650054694     
   1.0786722704952409      -0.59863145984637411     
  -12.343412115732587       -2.2522622823405523E-002
   2.7858302946706499       -3.0922945369039918     
  -7.2943735975902273       -6.4601025548552480     
   4.1798280347488763        1.3220062726047825     
   1.3921581222911841       0.34299041706068339     
  -10.766225482148350       -2.8193771864926531     
  0.96335940409808318       -1.6598826607512320     
  -3.7986347775107037        4.8634602793241681     
  -6.5613479801915746        7.2799258398828846     
  -6.1602327838560367        5.0947234443418097     
 -0.53921519868503909       -4.1344446543107338     
 -0.98638671349684848        3.2561634579524474     
  -1.6637031163990190        2.5342876913565031     
  -9.8893854187083150       -1.0796051467387773     
   8.3517434054426047        7.9657403101063684     
   6.7781730861628517        2.0547013363336406     
 -0.76488141126623566       -9.5187230792448592     
  -1.7733514374873189       -8.3651458208036438     
   3.1111071513593691        2.6694876084989385     
 -0.98488135651875020        12.368747897225056     
   7.1365805351483909       -5.6380395128282181     
   2.3217495291681467       -5.8746971360110365     
  -1.6204182118653101      -0.66352438829095339     
   6.2810744342969711        10.702771732019906     
  -4.9960846003131092        1.6551338635746120     
  -1.8565274489399255        11.402774018207236     
   8.5381320021443834       -5.4974693178405767     
   6.4584716310694059        4.5643651289289586     
   8.9326036025212581       -1.8467199206197933     
   4.2646387221927764       -5.4744594428943625     
  -5.6719693238979483        2.4068863557163662     
  -6.2022916744639733        8.9599577501971783     
   1.8730211719164220       -9.0055815411769320     
  -4.2161315077995933       -9.8039761335328333     
  -8.9164737230219639        8.6307747967983062     
  -7.9966236362235490       -7.8796320071870527     
   3.5124331980327170      -0.53465269022446327     
  -6.4256683419511784       -10.186296322975336     
   10.615930246751763        6.4241615717746203     
   1.0160534161878307        7.5179306856372046     
  -2.0055096320539700       -2.6111809048319645     
   4.0694536697481185       0.32992904468076772     
   1.0133525462447024        9.4977140506742703     
   5.0422270843737094        5.5879163432517531     
  -1.5645683867374238       -4.8180282978907716     
  -8.1380906130351587        3.6243575685234126     
  -7.5344237669593683        6.3968923848924319     
   9.9524892425888698       -5.7934123410099287     
   5.7097542680728326        3.7187647071717822     
  -5.7372595450301276       -2.0198610658629077     
  -10.932771016372142        2.6822896516443269     
   4.2933719478794439       -9.7733042637525021     
  -1.0930097035129980       -10.882196182790127     
  -5.4765014108003038        8.2053192093922789     
  -3.7893452049444289        8.2064857613035364E-002
  -10.557113752368245       -3.7852990997331095     
  -11.898939169764413      -0.93751199684721576     
   7.7658998951961511        1.9259277174715272     
   7.7500089247224606       -7.7803748700377495     
  -12.077407879167229       -2.8494884899291257     
  -4.6114985476668080        6.3990420964484249     
  0.51894644127924661       -12.398277688922688     
  -7.1524318758898406        4.8273393539675729     
  0.99923054178820803       -11.515797879422198     
  -3.9853691603103005       -1.4841211831751311     
   10.433105497332047       -4.8349854476801069     
   4.9133775457725779        3.1371628565080858     
   1.9335681360382349        5.2908530799141307     
   4.7983524837087819        9.4154083485083753     
   7.1570773382750046        1.1375382237585350     
  -6.2688046928460741       -3.3166552028367842     
  -8.9442083169908121E-002   9.8043510939974983     
  -5.0635902984486654        9.1104780218060366     
  -1.3761528164522079        8.1501350851117831     
   4.9381490336930645       -11.144162995746482     
  -8.1910516312909056       -3.7396006562809725E-002
   1.0795035032964240        8.5064604294934565     
   5.6160367779639548        6.4655096949849593     
 -0.26161235042086745       -8.1157717263550104     
  -12.262302860130481       -1.8730615230341097     
  -1.0271191953581307       -3.2668077893315504     
  -3.8959007288971272        3.2021902419139074     
   4.4890526378926099        11.540270853667936     
   1.9612230919433089        8.9410400504064871     
  -7.4238366462494758        7.7477499368864358     
   5.5456138323647570       -7.9433289589464033     
   11.435579483093090        4.6147299318896193     
   3.6953426923673294        6.2706223447248881     
  -6.2540864520692150       -8.4103451501804649     
  -7.8486225963489931       -2.9963380299811861     
  -10.397623717752527       0.24981748598864589     
   7.6990176567467321        4.4114393764449868     
  0.11788440311484041       -11.042646119298331     
  -5.7477403264226172       -10.923219870341603     
  -2.9325178772703842       -5.3802009556457193     
  -5.4793703819759338        11.027613737791146     
  -1.4519916785653328       0.51852104224589091     
  -2.0251645590907805        7.0372543744186888     
  -11.257475499209164        4.7646078724865557     
   9.6391512364005578        3.9959512620992745     
  -9.0516479269168926       -1.9123434817417988     
   1.5552670844166894        6.2056868592919479     
   5.4352651259673035       -9.6764190914407315     
   4.7535058431668471       -4.6129633605791485     
   10.769892960806331       -2.8573865357577741     
  -8.7034642298888780       -3.8678034842694937     
  -2.9199863925500460        10.378166688266823     
   11.258929016969706       -2.0005064373327186     
  -6.0941790380758452       -6.4233958186521951     
   3.7542406353665214        9.4275057295561027     
  -5.1036353861071087       -6.1819909708159768     
   5.8989683735639815        7.4157214466428227     
  -1.9608167668490586        3.4759470633024452     
  0.67432344085971696        5.5925753193618313     
  -2.7439076031220506       -8.1538866607000369     
   5.4906203894619674        4.7063634066036277     
  -11.187521852669507       0.85887271625307982     
   7.2218354272099816        7.4981174810328408     
   9.5132015196607949       -3.7324819966036471     
  -2.1871778449424579       -7.3345375878484909     
   1.1573358012958881        2.9816184004023474     
   3.9773774151139971       -1.4222458996878975     
  -10.352343193659069        6.7722224586670610     
