  -8.1159898268021493        4.8374475621578830     
  -6.3366544109251910       -4.6991270687348710     
   12.360606455707423        1.0890199385071582     
   9.9985335664433155       -5.0751541241688658     
   4.8963038322651657        10.095023522983974     
   3.6517240811769378       -7.2732198403096868     
   8.8169555130004884      -0.58676527605402451     
   5.2531004436371349       -8.0205807616468707     
   2.6630730824665472      -0.34470903864018015     
  -6.3695895146404178       -10.005620938911528     
  -8.1543328954284835        3.7474978630167799     
   5.8856918105328297       -10.795599139972259     
   3.0541849540223596        6.4656774503039358     
   2.1458887936702444        11.271434895088158     
  -5.2804835012827205        8.7696361812528849     
  -8.9902424918147883        5.3550466278162370     
 -0.78971989837470036        4.9803181892150183     
   6.2386676988138730       -8.2232510097806859     
  -12.028922603183720        2.8976380987744061     
  -4.7327491764249885       0.12232350463820167     
  -9.0936099318527468        4.3581407647585051     
   4.2770978096040198       -11.648971956505301     
  -7.2197989090807333        5.2809347103219677     
  -8.7308764990613277        7.4718874427086206     
 -0.84445982959467758        11.347814681462927     
  -5.7045692828422805       -8.5170119309932684     
   7.5929838830055560       -2.0973949144433757     
   7.6870156479410010       -1.0995043376751927     
   3.9818149004190753        10.525970046337900     
   1.9659935321706701       0.43300043009843614     
  -7.2750177847507693       -8.3184291715905445     
  0.35330525455049216       -6.9314771854262194     
  -5.9442718576439013       -5.6185560274548214     
  -3.4130833352376055        8.1143602942739896     
  -6.4131039895339432       -7.8083052270947757     
  -9.7606411512260589       -1.4990843152158879     
  -10.956196137310801       -5.7825398052237675     
  -7.0544475285110666        1.6506600286050734     
  -9.7287448887972410        7.5287810242872073     
   10.588393843396608       -1.1082121121149928     
  -3.0537090088587018       -10.010441436682397     
  -8.4657064525610224        1.3039963058333119     
  -9.8221016961601340       -2.7227331369552785     
   3.1936710621013567       -9.6355319436317597     
   11.248886366631238       -2.5719095264779233     
   8.3455246524009770       -2.8310644277690180     
   4.5663039480875307       0.28466978856684760     
  -4.0007997280049574        9.7711945074286248     
   2.2573030673065073       -9.9880659196492765     
   8.3085074032942465        1.5398036390736842     
   4.2553155416488444       -8.0796289996753714     
  -6.5675595653662358       -9.0253802550581241     
   9.9256155626603189        7.4487440854700955     
  -7.2968962105187645        4.2626993509197959     
   4.7091429258525990       -5.6134197327673867     
   12.027705933592456        3.0553004697859518     
   6.9289717273458340        2.7577356488353915     
  0.14527239624056934        11.189476706020253     
   1.8383882772403197        2.4507501448831777     
  -12.408917160776868        8.4064351782976929E-002
   4.0024633874864826       -9.0469643344351578     
  -8.2851561537701084       -2.6618072410773683     
  -3.8007098261724909E-002   12.408218129416912     
   3.7842060508330100       0.98610939008666409     
  -8.9717327806114451       -5.6406670154832890     
  -6.5879166636446778        8.1363601117645779     
  -10.406997847191912        6.7601018624041878     
   8.9047568497904681       -5.5299442613315906     
   9.4724738178095631       0.99455254830031414     
  0.82075015910536242        5.8673589248735860     
   3.5582201582393966       -5.0571010438194683     
   1.2344560956302075       -5.1992690503347072     
  -6.3877719025799840       -1.9590296673743217     
   1.7489921032200276E-002   7.7693854438966534     
   7.3935477907015459       -3.1428512679226470     
   9.5764953996344939        5.6463325771994270     
   8.8963004265739105       -7.1918688054879585     
   2.3615859935154333        4.8997477466323183     
   8.5339153221160053        6.0352634560329266     
  -10.917498852102721        5.8978862191464696     
   1.9637249428047023        1.4329230510572779     
  -2.0748834014499793       -6.2957729404706964     
  -8.2632008082036084      -0.97363291697058740     
   3.6039235635567231        1.1709436785660380E-003
  -9.3937243645887456       -6.6239797183909257     
  -1.3618316903257892        4.1546581636834166     
   10.374346460659172       -2.0871815115407251     
   1.6324761814370892      -0.51017821820475207     
   6.6102187742194314       -2.2827526972643293     
  -1.1613338973976270       -2.7251468627573243     
   5.5429185137746106       0.82427598212901809     
   12.409183717944320        8.8959629980897098E-002
   6.3823352590849591        7.5935978378909121     
  -4.6833198240166221       -6.9380472305421534     
  0.95789006550229416        12.310743951562296     
  -6.7496324497061018       -6.8655553753664762     
  -2.4639099102219744       -2.2895429057384011     
   4.9797890238920486       -2.3798773870606045     
   8.1887935889729668        4.5685745422880570     
   8.1905392970179705       -3.9335196275975628     
   10.393133577860111        1.3835897001105706     
   4.2195893091760803        9.3302901928288211     
   4.5986234344234909       -3.8052879879769739     
   11.967567841745735        2.0565426346650399     
   5.7013506865977464      -0.77087457124590519     
   11.112401789673758       -5.2045668352247949     
   8.9943139502037308       -4.5301972331727409     
   4.4667539091343968        4.1741535668002250     
   2.8187126157725442       -6.5049834867105227     
  -1.1437305538315528       -6.6618938937079308     
   10.974469169804841        2.1979753113282858     
   6.5966417168552107       -1.2160023252480596     
   1.9221190405794562       -8.1447915562934483     
   9.8114622517571739      -0.47552155353582565     
  -5.1502737975619315        5.8109955221544354     
  0.91035590391923826        8.2208386932456339     
   7.6778990452327518        3.4447793337644304     
  -12.034492856345015       -3.0279779943589378     
   1.1713409740400644        3.1971751245978823     
   6.7512067503021704       -5.5312038429292496     
  -8.4608685974933362        9.0773123708953349     
  -8.4321906758868419       -4.6483024632089451     
   6.8873575979726267       -7.4535265147765051     
   1.9984739636337665       -5.8952917456755847     
  -6.0743247820876940       -2.9621419248032241     
   6.1224838993578787       -6.3091849193075920     
  -1.7384713489316910        1.4867013092948660     
   3.2990482327027588        9.7791449555219891     
  -1.6964092360006719        9.6660949971340067     
  0.26570266345956373       -3.9610540203348505     
  -2.1445099223958186        3.5318147427728404     
   4.3919943205733363        6.8910746764078938     
  -4.5288333548524129       -4.9953201805601530     
  0.48472594144692499        1.9094404499204254     
  -2.3505632393088978       -9.1101310547693917     
   9.0081107534436420        2.7687951200257581     
   5.3349708911978571       -9.9613783147252857     
  -3.2671986594771987        5.5192099477810119     
  -2.7576555618056440        2.7404769903007615     
  -10.594574432186770       -3.9437348154257235     
 -0.48436091253150615        1.3374858626389243     
  -3.2473639199392936        9.1126463782614699     
  -5.3651857708692612       -10.381390136070186     
  -4.0057442242442312        7.3096752981238691     
   1.8932061282154262       -6.8896402844080722     
   4.1995053748429481        8.3293422178582670     
   7.2716404636846512        8.6943761316238017     
   7.3822203788228640       -8.7844856882402045     
 -0.58415847945050992        2.3324764635509334     
   1.3738838180055339       -10.457438363347771     
  -9.2519048766361909       -8.2269118421998009     
   5.8793374928285456        1.8831522365092697     
  -1.5453677187532835        6.4848938177644468     
   3.1813258191217519       -1.2035889579472594     
   6.2775211316390367        8.5888489493133129     
   1.9107571641212873       -2.4829305900380674     
  -8.7460748567739142        2.8732848636255963     
  -3.4725801427927667       -2.8500964449600161     
   7.5553169229970294       0.88075499990379291     
  -3.3653592427872105       -1.8550289839069207     
   6.7168003748387406        3.7358153252625330     
   9.3255657659922413        6.6492054208996230     
  -5.4728488221249707        3.6055335864278231     
  -11.403461001925244       -4.8883441933505010     
   9.2943286821788504        4.6870770465788745     
  0.84653660731910840       -11.307635625673306     
  -2.6183416980755250       -5.4531131981452132     
   2.9398054708631709        4.0844408022854903     
   9.5917419071537680       -1.4520154659332578     
   1.9558051824787086        12.253944894254470     
  -7.2678626651213181       -1.0918514523916634     
  -3.8118625325840045       -11.808893421925543     
  -9.9628271474107226        5.6021125909297673     
  -12.226078264808924       -2.0452867938391570     
  -2.8481950425194826       -12.078496766900665     
   4.7338261502270313        5.1389252808376122     
  -10.472099755071961       -6.6584080686426201     
   7.9066547248953878       -7.0479670090584081     
  0.20015418343452920        2.9573852192135193     
  -4.8458080313356993       -5.9503869018211741     
   1.1492537348645602        11.167047681400836     
  0.62894729155263174        10.313777577774735     
   1.3568754698027710        4.7046475039117688     
  -1.2063021171191741       -4.4969959372255657     
  -3.8707919831196920        6.3177165453323090     
   5.7728199767347759       -2.9894072435989179     
   9.0912000385043363       -3.4975153905883078     
  -3.6270947785156338        4.5854916944629496     
   5.5827697548888251       -3.9880917712028841     
   5.6634764379645564        6.6517035849966941     
  -1.1844830615580886        7.5605477526186897     
   3.7980591274883171       -6.0278424390355596     
   6.6553481948429507       -10.156964422729557     
  -2.7162418952890262       -1.0937257697104266     
   2.3950711696964020        10.208367400621103     
   9.3281072822631614       -2.5253876692940485     
  -9.6200463486873673       -3.7029147842314640     
  -5.3041279494032443        2.6198657869874675     
  -7.4795515604391998       -2.0691282777443258     
  -4.7370741055429288       -8.7713548191557589     
