  0.61081227260310178       0.75987344747145535     
  -1.7786323794126921       -9.5200561566860937     
  -9.4053924095345511        4.7912278088619065     
   1.7575767660492772        12.211425860525200     
   1.7085360161698062        7.8177855624342909     
   11.084504846070026        2.4218153275525802     
  -10.121845869860174       -3.5505324326157934     
   3.6054953892169062      -0.29830196458847708     
   3.3633705618547944        7.7150694515723393     
  -2.2917158070783352       -12.006231067288928     
  -4.3710633250164532       -4.9441435984866171     
  -5.8130505039699685        1.4250270053331695     
  -4.7563673585900794       -9.6536466453267451     
   6.0908232606675154       0.26135701734279104     
  -8.1071561275171895        6.3185666831819409     
   10.686234291824327       -2.3810839372282899     
  -5.0743624109548024       -4.1480957496527573     
   7.1396416310897379        7.5309806792063556     
  -4.6296943645756157        3.0129951406506219     
   2.5925031520138897        1.1444438129673569     
  0.70832205280127836        7.8209073511683735     
  -1.6180424923266106        9.1977275649811219     
   1.2655027531945069       -11.179358559605596     
   5.5495769475166430       -1.5387035844084824     
   6.5057319639750038        10.567598162011544     
   5.8190201505386838       -9.8811032959790825     
   2.5388811471999908        6.1600587181110704     
 -0.70712318157634413       0.56874446871528395     
  0.72578971469586417        8.8211728380929699     
 -0.15664731784005023       -7.8451464961261763     
   2.7032252684451756       -7.9110229032159607     
  -2.0266279862639927       -8.5512340516727878     
  -6.0706988405712092      -0.21519915330079523     
   8.9632577286474167        3.2646381218444254     
  -4.6979966659666053        10.905103303014267     
   9.4573754788192854       -6.5255639787124977     
   2.5018186663169524        7.2083497374887751     
   8.5380163949766121       -6.9173501890206275     
   3.0601950064992738       -2.9735699126065991     
  -4.2739067242881434       -2.2082882916453408     
  -7.5584920527555033        4.0303764413470153     
   6.7369886423145200       -3.3252224295603976     
   5.8701086438006707        2.0343771018521744     
   3.1228962388164976       -10.972421120866146     
   10.223094562698083       -3.2717646433849836     
   11.646650810792538        4.2845823134279861     
   6.6771662658834989       -8.7605597515937710     
   5.5291296964339240        2.9741649447303731     
   5.7362007383989795       -3.3221103115513388     
   2.1539318186666421       -10.720771936401114     
   8.8925702227573051        6.9879295322745314     
  -5.6364629596920865        7.2051129771202271     
   4.9033068339677754        4.8642321675742597     
   3.4167394354655128E-002   2.4050866965512383     
  -4.8836811752830762       -5.8026581755419961     
   6.7930828211123941       -5.1076396563851123     
  -2.6755863148059111        9.0761816307028536     
  -10.542056293652012       -1.7485413201807687     
  -6.8105449522432542        1.3547685410733044     
   1.7467088396579404       -9.7920711769675286     
  -11.341420501751076        2.8226188363267797     
  -1.1713425907838442        1.4574471833824032     
  -2.8499237372614030       -7.2271137460546306     
  0.53902347030925857       -1.9070760928591572     
   7.3070934173913162        8.9773902268382777     
  -8.6306466165088569       -2.3164454385858821     
  -7.9746943662866148       -3.5130404226240310     
  -3.3602264485232523       -5.3374665109582473     
   6.2014219091799658       -2.4036299433546358     
   8.9152525589862925        5.9842299799227670     
   12.130398577857850       -1.1945744593929468     
   11.123138696466256        5.1362379426133113     
  -10.883193632839255        5.9630650497287405     
   5.2108199761975227        11.262804146485786     
  -3.9125790711221056        9.0136119637764232     
   12.381453891920584       0.83800405072946071     
  -4.7992801174537565       -6.8435139715558817     
   9.9681243138853386       -7.3902359051330091     
  -11.462091086642669       0.36024426934089138     
  -3.6749915287780639        5.7145966145232885     
   4.4928206666065762       -8.7094909537006320     
   8.0484764820447090       -7.8315383517567110     
   12.355438470213768      -0.20711385794124010     
  -5.2207676438642254       -1.8406936589254810     
  -3.1084823580682350      -0.64425575091870046     
  -3.6684566826272316        6.7152146840823752     
  -11.258085195516012        3.8571387703715123     
  -6.6853672286814634       -2.8386926075776970     
   3.6736186190293463       -1.3396753189390997     
   3.3729688871634118        6.7145673609651633     
   6.1507392925413917       -5.9333365935543707     
   10.152566163135960       -1.0735332984113262     
  -2.7132567516001971       -9.9022041106759282     
  -7.6413443183849816       -2.5453018512439320     
   5.9693837607988955       -10.870503334971001     
   1.9014102942097038       -1.9984883832595122     
  -3.2656105902603429       -3.3751777823030613     
   9.1761307208241405       -1.4496684636669934     
   2.7094352156713417        11.898181483512213     
  -9.9190597011098323        5.6871353460453236     
  -1.9218941880579772        2.1573358658274162     
  -2.3235508418327742       -3.7110847352737037     
  -1.6756368066113441        3.1419098794817901     
   3.9437107037758192        4.5798082461039593     
  -10.850839052789491       -6.0196273263716664     
   4.5480003198313987        1.2827259525823154     
   8.3817287366319313        2.4383620077523718     
   3.4336415163072438        5.7137505985477519     
   3.6805265016912960       -8.1229530954966620     
   11.953098825656753        3.3328690771508791     
   3.8692450904273219       -2.3338783317499461     
   3.3299141229231672       -5.4143540066154587     
  -4.0507939363786871       -3.9946275612624378     
   11.025561106118836       -5.6928266912438552     
  -3.1212940060926031       -4.3645003804605711     
  -5.1107867927747685        2.1368039236788938     
  -1.5405935226102700        5.1486222256024785     
   8.9078607065074422        8.3328263058507126     
  -8.2770351894294336        3.3279877277559806     
  -12.196272844163589        2.2920105534215494     
   2.6367483973085286        5.1073416476072317     
   2.7760470622181379        2.2028194353530890     
 -0.66985065065022265        5.6445998908558970     
  0.26161683876397523       -5.8895867575954863     
   6.5409512700350092        8.3348995718669379     
   5.2009000447902087       -4.1681980337734768     
   4.7136405561502961E-002 -0.10409462863322673     
  -8.6532655937708007        5.4510420747256889     
  -8.2520965396164474       0.38179503148028959     
  -7.2057313249018735        5.8506589865252776     
  -9.3824491306773581        1.8633315934936963     
   2.9012403540480687       -1.9757751395182022     
  -8.3931403096362587        9.1397563468932450     
  -3.1822783561576889E-002   3.7426785986476743     
   9.2214492325409090       -5.5501646147843422     
   9.0464219278840883       -7.7772332177263941     
  -1.0210879742530254        3.8977744998465349     
   4.2230857919875380        11.101199060147000     
   5.4268102784340675        6.7044794244140142     
  -6.0058286729907469       -1.2210613786897639     
  -6.9139314204037756      -0.75266476260491744     
   9.6623714349366221        7.6762331214781101     
  -5.6909057395441947       -2.7361630092663889     
   6.5388119683423129       -6.9380914897477837     
   3.0083713140743265       -3.9739482047426273     
  -7.2307264488603442        3.0858424736083445     
  -6.4525615689904869       -4.6139346586559480     
   6.0531267516226386       -7.8676967614115476     
   8.6349801093835570      -0.60109743917831482     
   5.4443252954281096        5.7049655403998427     
  -4.4290732929148398        5.0578095080869163     
  -6.5473116035140748       -6.9101381153811650     
   3.8696761611789934       -6.2687798123861835     
  -11.702125689947104      -0.61128088515565637     
   1.5153827760571006       -1.0479502946239152     
  -2.2257742820106348        9.9922381020888036     
   12.202303289989068       -2.1920203928718691     
  -6.9184341862991428       0.32662973998830230     
  0.25138714069700219       -10.949121386732910     
  -8.7460027751364997       -4.1570893457472566     
  -9.7077156522099735       -4.4631952882477908     
   7.2257098550167571       -4.2055900596460658     
 -0.15685362701908914        1.4034626904064427     
   4.2623909388998760       -7.2660003002928049     
 -0.68944733422715854       -6.1988499526371932     
  -3.0986613295620264        3.7417501989952968     
  -3.7239755073838077       -9.8347240623329313     
  -6.5078886288099982       -7.9449282779596784     
  -9.1184093314127406        6.3678619395578719     
  -4.4416538204796119        9.8677386072739175     
  -2.6947764906676581       0.31920762537192904     
   4.7108128292084865        9.9399179232080375     
 -0.30014829123377523        7.7894137307714972     
  -8.5057884350116204        4.3556039642465203     
  -6.8794119010506796       -1.7957464181484541     
  -5.6658397085499015       -7.4028997176142299     
   3.4522135342364102        10.458237772930820     
  -3.6367398050750541        2.8960001427593456     
   4.3746407250638040        6.7514946510284402     
   1.1009027395328657      -0.13199108682721339     
  -8.7875480907445631       -7.2690340624681493     
   2.4992422442069153       -4.8563834472282927     
  -2.0561448948350840        7.0915119968146785     
   5.4510521732606933E-002  -6.8677090189816647     
  -4.0513916985481453       -8.8901135583337858     
  -2.7089988965063450       -1.5606641589127856     
 -0.19710360388153725       -1.1201446567180970     
   4.0790233164940082       -11.270069792862929     
  -6.3312430886151816        6.4759066550287478     
   3.7970968357367370        9.4806781709852590     
   8.2977504764385905        9.1273236149862349     
  -5.9336175874035746        3.4271680850936024     
  -6.0120579489685380       -3.6834507649212207     
  -7.1616108436281642       -10.126445933253079     
   2.0347662085302196       -3.0029837817088394     
   7.1439908276116073       -6.0448016512770826     
   7.5391502326430135       -6.9633006426745778     
   1.6640209424303398       0.70252022636951339     
   11.082163097377849       -1.4539444975842433     
  -1.2915829450275542       -12.049295189332902     


