  -8.8750203990489283        2.7780640357406559     
   5.2301008580614150       -6.2959934789830303     
   4.1830032883165442       -6.2794333167981069     
   2.5253802231801203       -8.9582398420009104E-002
   8.8702222166901326       -2.3546348009758766     
  -2.9045756418314426        1.8657122069578833     
   6.2576853189188792       -6.4016100201243358     
   7.0956267723670186        10.159752831767298     
  0.83867539407759339        11.493061162031561     
  -7.0816234850632060       -9.1233527670530634     
   7.4342152645593895       -8.7805230723971732     
  -6.8070227738712701       -8.1621489441458372     
  -1.6034522504235622       -4.0265984616726584E-002
   8.3707846968935442        2.6210881332671190     
   11.627395651321025       -4.3366820676702655     
  -1.0913185942588359        10.903151327248620     
  -5.6157396863176920       -2.5993961074444583     
  0.89524543527601685       -6.7601210691583784     
  -8.0642950999112095        6.0975857005291783     
   11.519191379456441        6.7319940227270933E-002
   7.2858917489827402       -7.7887895443466713     
  -9.2821593699487401        6.9917200859415152     
   5.6092141475046979       -3.5070042962805283     
   8.4739102759662881        6.3744756163374063     
  -1.2228694819734591        5.7772738554075254     
   1.2814336353007125       -4.7766539214080472     
  -3.7381884941340520        3.9483754761689389     
   5.1163497267491920       -10.686207082844716     
  -9.8255278082161386        1.1955130390674433     
  -10.285535687289483       -2.5482400761002930     
   4.3176763757207963        6.6352819334458886     
   7.8389057715343675       -1.6850150740195629     
  -2.2590252912050555       -3.7339418629701604     
   4.6869665118773902       -7.1430193507369149     
   1.6573327289823363        12.138160727593435     
  -2.1762328597076355        6.0816549920735481     
  0.86208886383169570      -0.93627016299644950     
   7.1249724041144615        4.6469693798026279     
   5.6958766819912041       -9.0309151711774689     
  0.51617970817772030       -1.8851005202002526     
   6.2601945333466364        10.709376605522966     
   3.3946063731400433       -1.6259824187082141     
  -1.0299076499715871       -5.6281761690408230     
  0.75098082391411336       -3.9114937339012492     
  -3.7589667019837707        9.5732138372220756     
   7.8893827455612664       -2.6839531989785503     
  -4.6893263876539644        9.9435697438076041     
  -11.004689685622383        2.3308471944065454     
   7.4347932082990873       -4.7203359689516073     
   6.8259086925856716       -1.8172528381648130     
  -2.0708584697112191        10.701876037468409     
   4.1735987090941231        3.3464918162981379     
  -1.4668982037838854        3.2866815032485719     
  -9.0072625977527405       -6.5635000714414389     
  -5.4280828601465831       -7.5694569936219329     
   10.289589095346152       -3.7765392002620963     
  -4.5873448891187065       -6.5323887367031661     
 -0.71874943837734362       -2.6502529691026342     
   4.9238061620146292       -9.6740802813695481     
   6.6124642942312617        5.5060969463158012     
  -4.2430600468527100       -9.1890032016567886     
 -0.54111064740735393        6.5083797384199951     
   4.5719056893815413        2.3831984178011472     
   8.7907240034800473        5.4133610418513971     
   8.2003542076618707       -5.3632598801688127     
  0.77371083383599348        1.8595457014057599     
  -3.6816549955708382        8.2246378193515373     
   1.3849828307445367        8.4932418121731974     
   1.6049962288500597        6.2595879522494364     
   2.6183300431353755       -7.1823481715462920     
   10.938711350775765        4.2371917551791398     
  -4.8133222524101109        7.3162653573729299     
  -2.5304629494130237       0.34090412059582181     
  -8.0934754187845250       -6.1543828335511384     
  -9.5284502774452253       -5.7046342916493202     
   9.4569113047945077       -6.4953717145934116     
  -4.7777826318675158        5.6579147512848351     
  -2.8864664451568061        10.074588698647855     
  0.57563348414348370       -11.205350557526513     
   4.5893779788435616       -3.5402762722970915     
   7.5979649024765994       -9.7945213736392684     
  -3.8127536279644878        7.2300829348478226     
  -5.5071955498986940        1.9732369722088072     
   6.6350891140145745       -9.3813471364941918     
  -1.9311723185430498        5.0663451661645897     
  0.29914057858858523       -5.0059854198251106     
   10.953410124551604        3.2366413245685210     
  -5.8372956095967199        7.1874901240606839     
   2.7097807319978022       -2.3576891707420069     
  -6.8363718332994843        7.2355895942236819     
   1.5303002271581807      -0.18664366406088928     
   11.214292450184651       -3.3854936204284520     
  -1.1825766203643884        2.3248407205869892     
   9.8437038326859785        1.1582794160242031     
 -0.88897985670914270       -10.114135105130359     
  -7.0472266312063345       -3.5543728063291291     
  -7.7328208532528757      -0.60719846778558662     
  -9.5648308344691522       -4.7001432461817645     
  -2.3344217244466678       -8.6394748966220067     
   5.8631897242781710       -10.016336173637207     
  -7.5486924599413525       -5.3120333713511450     
   6.9073784001814778       -2.8709990798830454     
  -3.2508618398739579       -9.0397164876885938     
  -10.440356583986638       -5.2758989798028031     
   6.4843141804278721       -8.3862455588583700     
   8.9118748751087704      -0.34807073912658992     
  -7.0638448870281483        6.2622034241211262     
   7.6294109192970661       -3.6821571158595794     
  -1.3339915262017445       -8.5940561024325728     
   5.2457174119435210        6.2538674507392304     
   5.0638038523533648        9.7405601804467192     
  -10.486669686148504       -4.2453919831931035     
  -2.1570578410272510        2.5523674343723628     
   9.7518303177789161      -0.88960066592682741     
   4.5774505678587234       -11.528417746373703     
   8.3720574485720949       -4.3512033602158695     
   3.6616957104936452       -7.1426442824079261     
  -4.7645457819120045        3.8829233300971415     
 -0.86824949991489353       -12.091042679744834     
   5.6169471291565527        5.2629649597132344     
   8.3795154678773560       -9.1438677824687637     
   7.4472313192568125        2.2368297955917322     
   12.401103075098957      -0.46096289748113500     
  -8.6027182006468976       -5.1986992146012376     
   7.7483364098096654       0.31704029099948322     
   8.7790845935569113       -1.3390254539272408     
  -8.7389050390396239       0.42192628445531222     
   9.8460683545097574        2.1720599027672862     
  -1.7219082534881589        11.679936485264681     
  0.23950521997366259       -6.0045387868673963     
  -4.3130801807392025       -1.1906569634295916     
   6.0820865506146466       0.98487024639464449     
   8.6081003078492984       -3.3791920932953703     
  -10.032869111087139        5.6150253636069500     
  -6.6157590789861196       -2.6148618356423525     
   9.8003519495067462       0.11101356973295942     
  -3.5382497406865072      -0.55772303371293674     
  -10.983020940473162       -3.2834834355687370     
 -0.21071592653168428        2.0907750631636635     
   2.5488903218702319        7.9649093552887029     
  -3.8745818075209679       -8.2546765374093436     
  -3.0236285680460093        6.6133839028308641     
   1.5197408204701168       -7.5619159967605878     
 -0.25482934645361788        5.5253761558210206     
   4.1642249487103357E-002   3.9240285032788882     
  -3.8030439953353965        10.571843100350060     
   12.398053777982417       0.54277316084151617     
  0.69847392397909602        5.8288156742419144     
  -3.7763741262523918        11.604463938182148     
  -3.2199793114373660       -4.0383112465626878     
  -1.7369136101205940       -9.5087780827497461     
   2.6846637445971773        12.115615728418911     
   7.2404341833142709       -5.7771758846719292     
   10.998682154880763        5.7460873259247736     
   2.6884285508549217        11.106769117673696     
 -0.49179981827971309        3.0513260777707067     
  -4.0776939628124174       0.30128774009546350     
  -10.010885827818301        2.1890743912110953     
   11.519485975568292      -0.93324078300453039     
  -8.7368876355159379        8.8122450121608971     
   2.3819690736109362       -10.718585856200079     
   7.4855534588552137        3.2367113613691236     
   1.7537170138547218       -3.8883409794190209     
  -5.2954967042498380       -9.3058237379451416     
   3.4027801248957488      -0.57401525405908793     
 -0.62202764427331458       -11.105765730477748     
  -9.4160572060782357        8.0466667264189358     
   7.9727645113427883      -0.69290955895345663     
   3.3845024692772196        8.5138494244638352     
  -2.9501247003930162        8.9858809906276296     
   9.4914676919472161        6.5330685815012677     
   9.9212551821390793        7.4542750448867494     
   2.5026325857623579        5.8150142626418528     
   10.653254176105435       -2.4250073643508925     
  -6.8533727425583413       -4.5709957741497789     
  -4.3081757908421467        4.7736081966850499     
  0.84191184478898495       -8.3086280337688034     
  -8.4036903924981665        3.7691623163363746     
  -1.9402927888565842        8.7447466436893215     
   3.1722684741943370       -8.0145470029839494     
   2.5476950940726315       -1.0924427212813455     
  -6.3850720114112853       -7.2389184240305315     
   5.1616933590440883        3.1901350615946997     
  -9.2549225489762357       -2.6708983474700960     
  -1.2332418117873962       -3.8082772168256827     
   9.3354806828157511       -4.0773740941328249     
   2.7374110526797919        1.7254518052860754     
  -7.8222140739852586        7.0671944458228300     
   8.2218905414271415        8.3340928327727930     
   9.5623740423541879       -3.0770849829346782     
   9.2915357153408742        3.0456321104808008     
  -4.0469775114541946       -3.3975928686782839     
   10.647989959687516       -1.4228184933529544     
   7.0802398256441847        1.0611406050380070     
   10.489921505321185        6.6306098073221520     
 -0.23714100406704994       -3.5502019968166154     
   3.8917820256390150       -5.3185435619599613     
   10.468549888311445       -6.5751372910762278     
  0.23031264260624740       -7.5085518499833466     
  -5.9885210174230439        6.1984866630048367     


