  4    ***    0.12929E-01    0.3227486122E-01    0.0000000000E+00
  4    ***    0.12929E-01    0.6454972244E-01    0.0000000000E+00
  4    ***    0.12929E-01    0.9682458366E-01    0.0000000000E+00
  4    ***    0.12929E-01    0.1290994449E+00    0.0000000000E+00
  4    ***    0.12929E-01    0.1613743061E+00    0.0000000000E+00
  4    ***    0.12929E-01    0.1936491673E+00    0.0000000000E+00
  4    ***    0.12929E-01    0.2259240285E+00    0.0000000000E+00
  4    ***    0.12929E-01    0.2581988897E+00    0.0000000000E+00
  4    ***    0.12929E-01    0.2904737510E+00    0.0000000000E+00
  4    ***    0.12929E-01    0.3227486122E+00    0.0000000000E+00
  4    ***    0.12929E-01    0.3550234734E+00    0.0000000000E+00
  4    ***    0.12929E-01    0.3872983346E+00    0.0000000000E+00
  4    ***    0.12929E-01    0.4195731958E+00    0.0000000000E+00
  4    ***    0.12929E-01    0.4518480571E+00    0.0000000000E+00
  4    ***    0.12929E-01    0.4841229183E+00    0.0000000000E+00
  4    ***    0.12929E-01    0.5163977795E+00    0.0000000000E+00
  4    ***    0.12929E-01    0.5486726407E+00    0.0000000000E+00
  4    ***    0.12929E-01    0.5809475019E+00    0.0000000000E+00
  4    ***    0.12929E-01    0.6132223631E+00    0.0000000000E+00
  4    ***    0.12929E-01    0.6454972244E+00    0.0000000000E+00
  4    ***    0.12929E-01    0.6777720856E+00    0.0000000000E+00
  4    ***    0.12929E-01    0.7100469468E+00    0.0000000000E+00
  4    ***    0.12929E-01    0.7423218080E+00    0.0000000000E+00
  4    ***    0.12929E-01    0.7745966692E+00    0.0000000000E+00
  4    ***    0.12929E-01    0.8068715305E+00    0.0000000000E+00
  4    ***    0.12929E-01    0.8391463917E+00    0.0000000000E+00
  4    ***    0.12929E-01    0.8714212529E+00    0.0000000000E+00
  4    ***    0.12929E-01    0.9036961141E+00    0.0000000000E+00
  4    ***    0.12929E-01    0.9359709753E+00    0.0000000000E+00
  4    ***    0.12929E-01    0.9682458366E+00    0.0000000000E+00
  4    ***    0.12929E-01    0.1000520698E+01    0.6151959516E+03
  4    ***    0.12929E-01    0.1032795559E+01    0.6724644971E+03
  4    ***    0.12929E-01    0.1065070420E+01    0.1280604746E+03
  4    ***    0.12929E-01    0.1097345281E+01    0.1028929581E+03
  4    ***    0.12929E-01    0.1129620143E+01    0.9137800327E+02
  4    ***    0.12929E-01    0.1161895004E+01    0.8183164353E+02
  4    ***    0.12929E-01    0.1194169865E+01    0.8201755665E+02
  4    ***    0.12929E-01    0.1226444726E+01    0.7714133988E+02
  4    ***    0.12929E-01    0.1258719588E+01    0.6897320505E+02
  4    ***    0.12929E-01    0.1290994449E+01    0.6838746881E+02
  4    ***    0.12929E-01    0.1323269310E+01    0.6242331951E+02
  4    ***    0.12929E-01    0.1355544171E+01    0.5841561670E+02
  4    ***    0.12929E-01    0.1387819032E+01    0.6497416293E+02
  4    ***    0.12929E-01    0.1420093894E+01    0.6249703623E+02
  4    ***    0.12929E-01    0.1452368755E+01    0.6299245352E+02
  4    ***    0.12929E-01    0.1484643616E+01    0.5619043969E+02
  4    ***    0.12929E-01    0.1516918477E+01    0.5235341956E+02
  4    ***    0.12929E-01    0.1549193338E+01    0.5092958179E+02
  4    ***    0.12929E-01    0.1581468200E+01    0.5233670838E+02
  4    ***    0.12929E-01    0.1613743061E+01    0.5798770161E+02
  4    ***    0.12929E-01    0.1646017922E+01    0.6111549815E+02
  4    ***    0.12929E-01    0.1678292783E+01    0.5617087856E+02
  4    ***    0.12929E-01    0.1710567645E+01    0.5628446353E+02
  4    ***    0.12929E-01    0.1742842506E+01    0.6671299237E+02
  4    ***    0.12929E-01    0.1775117367E+01    0.7247886906E+02
  4    ***    0.12929E-01    0.1807392228E+01    0.6821811009E+02
  4    ***    0.12929E-01    0.1839667089E+01    0.7353690765E+02
  4    ***    0.12929E-01    0.1871941951E+01    0.7645637391E+02
  4    ***    0.12929E-01    0.1904216812E+01    0.8214898013E+02
  4    ***    0.12929E-01    0.1936491673E+01    0.8984149420E+02
  4    ***    0.12929E-01    0.1968766534E+01    0.9768377968E+02
  4    ***    0.12929E-01    0.2001041396E+01    0.1621465384E+03
  4    ***    0.12929E-01    0.2033316257E+01    0.1160216617E+03
  4    ***    0.12929E-01    0.2065591118E+01    0.8384533040E+02
  4    ***    0.12929E-01    0.2097865979E+01    0.7861316532E+02
  4    ***    0.12929E-01    0.2130140840E+01    0.7823716824E+02
  4    ***    0.12929E-01    0.2162415702E+01    0.7528387804E+02
  4    ***    0.12929E-01    0.2194690563E+01    0.7336877827E+02
  4    ***    0.12929E-01    0.2226965424E+01    0.6810437506E+02
  4    ***    0.12929E-01    0.2259240285E+01    0.6798915969E+02
  4    ***    0.12929E-01    0.2291515147E+01    0.6735708094E+02
  4    ***    0.12929E-01    0.2323790008E+01    0.6638653179E+02
  4    ***    0.12929E-01    0.2356064869E+01    0.6053946702E+02
  4    ***    0.12929E-01    0.2388339730E+01    0.6466324589E+02
  4    ***    0.12929E-01    0.2420614591E+01    0.6476602119E+02
  4    ***    0.12929E-01    0.2452889453E+01    0.6021158239E+02
  4    ***    0.12929E-01    0.2485164314E+01    0.6102229368E+02
  4    ***    0.12929E-01    0.2517439175E+01    0.6516357845E+02
  4    ***    0.12929E-01    0.2549714036E+01    0.6835593296E+02
  4    ***    0.12929E-01    0.2581988897E+01    0.6852110778E+02
  4    ***    0.12929E-01    0.2614263759E+01    0.7052956246E+02
  4    ***    0.12929E-01    0.2646538620E+01    0.7541327522E+02
  4    ***    0.12929E-01    0.2678813481E+01    0.9194487166E+02
  4    ***    0.12929E-01    0.2711088342E+01    0.8439062199E+02
  4    ***    0.12929E-01    0.2743363204E+01    0.9163708420E+02
  4    ***    0.12929E-01    0.2775638065E+01    0.8366747436E+02
  4    ***    0.12929E-01    0.2807912926E+01    0.8062771018E+02
  4    ***    0.12929E-01    0.2840187787E+01    0.7752937479E+02
  4    ***    0.12929E-01    0.2872462648E+01    0.7925448592E+02
  4    ***    0.12929E-01    0.2904737510E+01    0.8344484775E+02
  4    ***    0.12929E-01    0.2937012371E+01    0.7778438447E+02
  4    ***    0.12929E-01    0.2969287232E+01    0.8079713762E+02
  4    ***    0.12929E-01    0.3001562093E+01    0.1004386412E+03
  4    ***    0.12929E-01    0.3033836955E+01    0.8611729284E+02
  4    ***    0.12929E-01    0.3066111816E+01    0.7484762242E+02
  4    ***    0.12929E-01    0.3098386677E+01    0.7441585176E+02
  4    ***    0.12929E-01    0.3130661538E+01    0.7266305514E+02
  4    ***    0.12929E-01    0.3162936399E+01    0.6782253230E+02
  4    ***    0.12929E-01    0.3195211261E+01    0.6981230592E+02
  4    ***    0.12929E-01    0.3227486122E+01    0.6980679763E+02
  4    ***    0.12929E-01    0.3259760983E+01    0.6849395298E+02
  4    ***    0.12929E-01    0.3292035844E+01    0.6967568204E+02
  4    ***    0.12929E-01    0.3324310705E+01    0.6618361263E+02
  4    ***    0.12929E-01    0.3356585567E+01    0.6675465764E+02
  4    ***    0.12929E-01    0.3388860428E+01    0.7011224532E+02
  4    ***    0.12929E-01    0.3421135289E+01    0.7272068437E+02
  4    ***    0.12929E-01    0.3453410150E+01    0.7332903354E+02
  4    ***    0.12929E-01    0.3485685012E+01    0.8564697485E+02
  4    ***    0.12929E-01    0.3517959873E+01    0.8240734911E+02
  4    ***    0.12929E-01    0.3550234734E+01    0.7840830044E+02
  4    ***    0.12929E-01    0.3582509595E+01    0.8151498493E+02
  4    ***    0.12929E-01    0.3614784456E+01    0.8647523251E+02
  4    ***    0.12929E-01    0.3647059318E+01    0.8833226666E+02
  4    ***    0.12929E-01    0.3679334179E+01    0.8444887483E+02
  4    ***    0.12929E-01    0.3711609040E+01    0.8227017858E+02
  4    ***    0.12929E-01    0.3743883901E+01    0.8354215209E+02
  4    ***    0.12929E-01    0.3776158763E+01    0.8269390293E+02
  4    ***    0.12929E-01    0.3808433624E+01    0.7878264499E+02
  4    ***    0.12929E-01    0.3840708485E+01    0.7767083562E+02
  4    ***    0.12929E-01    0.3872983346E+01    0.7904952996E+02
  4    ***    0.12929E-01    0.3905258207E+01    0.8192688908E+02
  4    ***    0.12929E-01    0.3937533069E+01    0.8345744637E+02
  4    ***    0.12929E-01    0.3969807930E+01    0.8825576834E+02
  4    ***    0.12929E-01    0.4002082791E+01    0.9086497208E+02
  4    ***    0.12929E-01    0.4034357652E+01    0.8561896762E+02
  4    ***    0.12929E-01    0.4066632514E+01    0.8096788971E+02
  4    ***    0.12929E-01    0.4098907375E+01    0.7914416750E+02
  4    ***    0.12929E-01    0.4131182236E+01    0.8006529705E+02
  4    ***    0.12929E-01    0.4163457097E+01    0.7555809706E+02
  4    ***    0.12929E-01    0.4195731958E+01    0.7396784357E+02
  4    ***    0.12929E-01    0.4228006820E+01    0.7209755509E+02
  4    ***    0.12929E-01    0.4260281681E+01    0.7381110036E+02
  4    ***    0.12929E-01    0.4292556542E+01    0.7148591412E+02
  4    ***    0.12929E-01    0.4324831403E+01    0.6898192494E+02
  4    ***    0.12929E-01    0.4357106264E+01    0.7221776832E+02
  4    ***    0.12929E-01    0.4389381126E+01    0.7732275694E+02
  4    ***    0.12929E-01    0.4421655987E+01    0.7655481019E+02
  4    ***    0.12929E-01    0.4453930848E+01    0.7479055385E+02
  4    ***    0.12929E-01    0.4486205709E+01    0.7642011327E+02
  4    ***    0.12929E-01    0.4518480571E+01    0.7779265439E+02
  4    ***    0.12929E-01    0.4550755432E+01    0.7672423688E+02
  4    ***    0.12929E-01    0.4583030293E+01    0.8050833113E+02
  4    ***    0.12929E-01    0.4615305154E+01    0.8263816071E+02
  4    ***    0.12929E-01    0.4647580015E+01    0.7940755839E+02
  4    ***    0.12929E-01    0.4679854877E+01    0.7359941363E+02
  4    ***    0.12929E-01    0.4712129738E+01    0.7384964375E+02
  4    ***    0.12929E-01    0.4744404599E+01    0.7299790842E+02
  4    ***    0.12929E-01    0.4776679460E+01    0.7163288839E+02
  4    ***    0.12929E-01    0.4808954322E+01    0.7466242394E+02
  4    ***    0.12929E-01    0.4841229183E+01    0.7835320275E+02
  4    ***    0.12929E-01    0.4873504044E+01    0.7626239569E+02
  4    ***    0.12929E-01    0.4905778905E+01    0.8172264906E+02
  4    ***    0.12929E-01    0.4938053766E+01    0.8083276050E+02
  4    ***    0.12929E-01    0.4970328628E+01    0.8068440195E+02
  4    ***    0.12929E-01    0.5002603489E+01    0.8029402934E+02
  4    ***    0.12929E-01    0.5034878350E+01    0.7703303947E+02
  4    ***    0.12929E-01    0.5067153211E+01    0.7480302665E+02
  4    ***    0.12929E-01    0.5099428073E+01    0.7121087303E+02
  4    ***    0.12929E-01    0.5131702934E+01    0.7352496470E+02
  4    ***    0.12929E-01    0.5163977795E+01    0.7392612399E+02
  4    ***    0.12929E-01    0.5196252656E+01    0.7429055258E+02
  4    ***    0.12929E-01    0.5228527517E+01    0.7094191157E+02
  4    ***    0.12929E-01    0.5260802379E+01    0.7324457393E+02
  4    ***    0.12929E-01    0.5293077240E+01    0.7514527407E+02
  4    ***    0.12929E-01    0.5325352101E+01    0.7694236879E+02
  4    ***    0.12929E-01    0.5357626962E+01    0.7780070615E+02
  4    ***    0.12929E-01    0.5389901823E+01    0.7689296258E+02
  4    ***    0.12929E-01    0.5422176685E+01    0.7712106940E+02
  4    ***    0.12929E-01    0.5454451546E+01    0.7667546771E+02
  4    ***    0.12929E-01    0.5486726407E+01    0.7121728304E+02
  4    ***    0.12929E-01    0.5519001268E+01    0.7304586470E+02
  4    ***    0.12929E-01    0.5551276130E+01    0.7577965412E+02
  4    ***    0.12929E-01    0.5583550991E+01    0.7568283476E+02
  4    ***    0.12929E-01    0.5615825852E+01    0.7557538978E+02
  4    ***    0.12929E-01    0.5648100713E+01    0.7643231449E+02
  4    ***    0.12929E-01    0.5680375574E+01    0.7536417317E+02
  4    ***    0.12929E-01    0.5712650436E+01    0.7374834285E+02
  4    ***    0.12929E-01    0.5744925297E+01    0.7416494817E+02
  4    ***    0.12929E-01    0.5777200158E+01    0.7502198451E+02
  4    ***    0.12929E-01    0.5809475019E+01    0.7903022681E+02
  4    ***    0.12929E-01    0.5841749881E+01    0.7630126043E+02
  4    ***    0.12929E-01    0.5874024742E+01    0.7686859303E+02
  4    ***    0.12929E-01    0.5906299603E+01    0.7456648906E+02
  4    ***    0.12929E-01    0.5938574464E+01    0.7686342442E+02
  4    ***    0.12929E-01    0.5970849325E+01    0.7861650349E+02
  4    ***    0.12929E-01    0.6003124187E+01    0.7846724785E+02
  4    ***    0.12929E-01    0.6035399048E+01    0.8008369520E+02
  4    ***    0.12929E-01    0.6067673909E+01    0.8103643430E+02
  4    ***    0.12929E-01    0.6099948770E+01    0.7948797328E+02
  4    ***    0.12929E-01    0.6132223631E+01    0.7668194341E+02
  4    ***    0.12929E-01    0.6164498493E+01    0.7450423020E+02
  4    ***    0.12929E-01    0.6196773354E+01    0.7554067056E+02
  4    ***    0.12929E-01    0.6229048215E+01    0.7544456905E+02
  4    ***    0.12929E-01    0.6261323076E+01    0.7658651012E+02
  4    ***    0.12929E-01    0.6293597938E+01    0.7719301137E+02
  4    ***    0.12929E-01    0.6325872799E+01    0.7604789522E+02
  4    ***    0.12929E-01    0.6358147660E+01    0.7304312845E+02
  4    ***    0.12929E-01    0.6390422521E+01    0.7227616802E+02
  4    ***    0.12929E-01    0.6422697382E+01    0.7527828361E+02
  4    ***    0.12929E-01    0.6454972244E+01    0.7669816317E+02
