  -8.7167040876229410E-002   3.2619961446905545     
   7.0093086370714390        13.610537680301318     
   2.6372895835622963        10.446725186009580     
  -4.7212962833643823       -3.2821271329805324     
  -8.1970914645369160        2.7550591624602139     
  -1.7267595931025894       -4.5516178090565544     
   2.8090735074976800       -13.015888852719565     
   9.2998945746193105        10.028411231323831     
  0.44952142489987817       -8.6365998068735177     
  -7.6337109351838031        8.7755161522075760     
   7.9221709594881462        5.6022452165260601     
  -6.7840629424302845       -3.0822592045167078E-002
 -0.54384758263190847       -1.7223972996567523     
  -10.276793000432493        10.480650023431664     
  -12.803411028721321        8.3966029884073592     
   13.049368947399383        2.0456299480834801     
   6.7748997954833587       -3.4535454629937128     
   12.183635260374638       -2.5498876072725789     
  0.26543027795763541        14.393759222746422     
   3.8860878996943420        8.7479687710619718     
   10.778454208614853       -10.380598861932807     
  -12.709519655740433        6.2048044849840611     
  -11.098787014687231       0.57733652336514119     
  0.22858626676983226       -14.081308655245467     
  -7.2631670927357019        3.5310926914943561     
  0.64857891016483982      -0.11109216679099955     
   6.8259364444779465        3.9275606033339998     
  -6.5253994182032118        2.5272745506790231     
   9.1170349526104140       -11.663072201871934     
  -15.124968271222730       -2.3800511649898555     
  -8.2279944391205699       -10.322361901448735     
  -13.778362810937248        6.6731768512736549     
  -7.3152258589784198        6.8984140923843373     
  0.37423464307376025       -6.0502963866007233     
  -3.2295087713621098        6.6827018938757687     
  -13.220305151446775       -7.1120047389227414     
  -1.5745605514316579       -5.4568741456526224     
   7.3499042487905255      -0.99325338943006902     
  -9.2113288413205616       -8.0340185684337548     
   5.2512657205588660        2.5742174521652368     
  -3.8935055278267909       -3.8200181211698303     
   2.2561092856569318       0.51554125037509879     
  -4.6365338363696784        10.468717133770015     
   4.3022884070324583       -11.519045474660881     
   7.5956289559720105        11.302752878157481     
   9.7802387373083448       -10.071575863347050     
   7.9384340975974803       -4.6940081396661677     
  -7.5517781205364045        2.0073240142901825     
   8.9748992761957993        2.9594753463997776     
   1.4754743198884581        15.240130814087777     
  -10.484339573013516       -11.151659104803535     
   8.0442845784280639        7.8816252122915573     
   8.4143954076741831       -10.806829925146845     
 -0.91807418381958206        8.6409542436806479     
  -7.2233137785598087        11.588362920444817     
 -0.63253722494139042       -10.790836064159510     
   6.1062924444993509        13.441494947981321     
   1.2105031783714790       -6.3214461309150982     
   7.4922530061761226        9.0159202634783551     
  -15.044618175048500      -0.30893423484405047     
  -4.2852040527646817        3.7199722247829223     
   5.8794907893350281       -3.0008723273670221     
  -2.1016492114624290       -9.3812943755675153     
   14.580549330530209        4.6702731731790994     
   2.3414844925036942       -10.988678271185352     
  -1.1076980013910809       -9.3848981190744443     
  0.48783652535701660        15.303457380064586     
   12.411514700067023      -0.77626697378865783     
  -12.931842346187857        4.4605868013161460     
   11.812181958981116        7.0808137136977889     
   6.5901098051277058       -6.8437233331887795     
   3.5942606867885813       -6.2670916878313419     
  -5.6826899619403086       -7.5711976252778079     
  -9.2915856613325278        10.920131906254413     
  -4.0585164536647715       -13.108914299270008     
   4.1643245191287805       -13.076143874374560     
  -8.6902433863120372       -4.3003292577920371     
 -0.78351335673168943        5.3871406936558630     
  -9.4139311107330208       -10.607922734031209     
   8.2634983158770776        12.176784112417925     
  -4.0276042916889461       -6.3852919326576831     
  -10.841150270442030       -1.9453526332305831     
   10.103809299553356        5.0891342122337146     
  -5.4987734864910314       -12.065881294730248     
  -4.9220325205900748       -14.041826747244750     
   9.8571812900336813        4.0575625744039678     
  -3.6411692759590624       -4.6694894640058013     
  -12.226320130437468        3.6325053410303347     
   15.177671239272989        1.9944593580184817     
   5.7458550430930888       0.38873528431324250     
   6.3908090764560903        1.9001330166206407     
  -12.106223475453550       -9.0647084563764295     
  0.25002698159630049       -7.0789953465006441     
  -8.5877950188424172        4.0128057784241431     
  -5.4583354081537312       -10.372380993990253     
  -4.7859346183026021        1.1423819353407585     
  -8.2168928372549832       -3.4303295249281205     
 -0.55338466683871090       -6.2191712472630529     
   5.5065162518878887       -8.6732909180483713     
  -6.7937957540695475       -9.2479400644328340     
  -1.9375594093251534       -8.5108545593752876     
  -6.0478731258542950       -1.7760652172808107     
  -1.7731969324270396        5.4663116798648979     
   7.3976747011935773       -2.4493693218111119     
   10.896583773656745       -9.4514965033506826     
  -5.0793951545375302        4.1562767702719672     
   10.870096282651753        6.8554792608265647     
 -0.18503123973567651        13.024749783646000     
   2.4459938453749985        14.963416468520744     
   7.9575050205394398       -3.1786714810958041     
  -14.226065750949072        2.7381501235763439     
  -5.5152228335855540        1.7732962646434547     
   6.4996085857253831       -8.5010532059165591     
   6.5023702592109300       -2.2253612405938288     
   15.210757752588748       0.82013012760790405     
  -5.8967102884685785       0.47852327699540925     
  -2.8293176758260010        11.774502998023465     
   9.8178085356067140       -8.2431213115048010     
  -9.4043590804110089        3.3255196337411754     
   12.635284215475988        8.6104699284659763     
  -3.0180536054152531       -1.4710450469221032     
 -0.42831153378350029       -7.8457437393470109     
   10.258420080289881        9.8928126373000804     
   5.1999267812168810       -2.2979657296773404     
   13.802265779593695       -4.1209743760671316     
  -9.7421692513093312       0.55121318327644664     
   10.061597308727720        11.541071535155561     
   4.8865375566506017        14.508287955942842     
   8.9461804647483163       -4.9845673647019462     
   2.0791619314367789       -10.064314192662163     
   4.5345757551687029        5.4228456146880726     
  -2.8544799481533034       -7.5906107335168418     
  -4.0028988663950464       -11.244486968930293     
  -8.9427759868959846        2.1344238858656728     
  -7.3658282732284643        13.420688163564620     
   4.7097797331953819       0.37526328644275669     
   4.2264317138508227        10.713746898158556     
   2.6164806492848296        2.7811261097563151     
 -0.54544151623964721        13.922839679734011     
  -2.2876978093437526       -10.300987866220808     
   1.6640411837777236        5.1272380786360259     
  -3.8583178146200434        7.3290780223573755     
  -14.523184657638037       -3.0807675058323607     
   3.9439011382854146        4.5233086706386461     
 -0.53989076747550013        11.232164355296558     
  -8.8577442716005041        6.9995458465966491     
  -4.6017763520439390        7.9955232867856267     
  -5.1257918496647923       -4.4527564451357451     
   14.265693684561425       0.91584696193794723     
   9.4898874685617542       -2.5877407536414507     
 -0.57975692105575738        12.188779968873265     
   7.7115126881712932        10.037567653742311     
   12.900985667044644       -8.0266105872765952     
  -9.1006326096066985       -5.1245398797798094     
   1.1753698436712170        14.248879246245790     
   3.3260814678787507        7.6864158618687091     
  -10.506486149561882        1.5440436154466342     
  -5.4854326648394149        10.883555895128998     
   2.2157909931324475        1.8827749948208190     
   4.0680323682009689       -9.2462409139425681     
  -2.2910766549494923        10.510671646245216     
   12.011013738064250        1.5411255309277321     
   6.4048341933097221        2.8219262460182697     
   7.2697323338726143        2.3380966214044339     
  -8.6250062147611981        10.001880844363152     
   3.1476033291902921      -0.62147714842309920     
   12.596946485295980       -6.9144118658329967     
   4.9131835926730467       -3.2003490058919049     
  -10.767120393120994        2.5820631146357940     
  -9.0977235763602469        8.8251522117418446     
  -6.0041446830810772       -4.1920102025651609     
   3.1562310319138120        1.9308590647042463     
   7.0450639778644861       -9.3163421209884714     
  -2.0922779654826651        15.134194433879578     
  -5.9401335333017835       -6.3696273655185616     
  -3.2874500044182602        5.0233355071451093     
   8.0191146683776680        1.0637660320316034     
   8.3671859851203472        2.1409360949639664     
   5.7013480679226731        10.208128185844618     
  -5.2059571747657705        3.2026403190771457     
  -2.8480157237022294       -5.2268981189762016     
   2.0540617822798066       -2.0797080442608209     
  -7.2431316026320554       -3.2769266488021027     
   12.051260989730256        7.8971831150956024     
  -6.1676334184127191        4.1350319670470119     
  -14.484023396279838       -4.0810804764114748     
  -12.383785545965058       -5.1510202896145421     
  0.87129195749590815       -3.3535110417097731     
  -2.5101053029336211        12.796737309033459     
   12.593928785907666        3.9938328145036830     
 -0.15365966897430355       -12.504070207672116     
  -13.565050796801806        1.4821582107499685     
   5.4903025548824331        5.4893264460649780     
   13.481967402164125       -7.2575905597396728     
   11.120338360539217        1.7203578875529097     
   13.282524992057155       -1.4904915952318623     
   5.5407735382697769       -6.0449763236070666     
  -3.9455189137744360       -1.7166629426948707     
   1.3214556386630778       -1.5057044963177262     
   11.063167922118263        8.0247233238471907     


