   1.6067183806510363       -5.7262887022509759     
   11.748376834407971       -4.9010122493315231     
  -6.0161039434686510       0.11435695412731244     
   2.9291441564917609        10.613410658657317     
   1.7305925458309575        2.7553299154592370     
   11.962868643566377        5.4899669638765376     
  0.79525494398739938       -1.1586713589188560     
  -9.2356757769771853        9.6778987995791486     
  -10.271777839965521       -4.9830652171663061     
   6.5754082392990458        13.129641899569483     
  -6.2617397174960256        2.8003898645875740     
  -1.2648998456002059        12.871032001725919     
   5.2127947673804336       0.38009107320911911     
  -6.0637371671688811        8.1638312719505635     
  -4.1185390478322530        3.5153888521186589     
  -5.4371190692984301        6.2415868327982658     
   14.566590386280961        3.3574874085498800     
   2.8660218803419237       -6.9022778874546340     
   7.1177717059425349       0.10666790577226128     
  -7.3171213957378134       -9.4890923506766569     
  -10.724254102592983       -10.141941226376620     
   4.5752593132839534        9.8702627829738763     
   5.2767900392537967       -14.351033707326300     
   5.5534429591221346E-003   14.015425795137114     
 -0.31266532542899450      -0.95318352565970554     
   14.587414508185839        1.5089972222783914     
   2.1071306844387352        11.409004564860682     
   11.113024029272509        1.0971427905326834     
  -1.4110222055220800        15.244063760359536     
   15.277732637228976        1.0146413970002564     
   7.7459953633950773        10.633816084623044     
   4.9964693257183681       -5.9469859407373393     
   3.9674468503515752        9.0540690974616922     
  -5.1835949564223505       -2.5303660913552068     
   11.460799619876232       -10.120812500975102     
   5.3318292709459483       -4.6845309992879818     
  -2.4095320718033832        14.390924420466380     
  -12.001405747208961        5.8808931263688722     
   1.6994973699826941       -6.7124360414927136     
   8.1620960393505619       -4.2070495110259301E-002
  -4.4335545371775344       -1.9957775204846835     
   1.6671993340015707       -12.815563852226520     
  -7.0228549770074711       0.52139930495062203     
  0.61169401061267048       -11.269427890263582     
  -7.6455462384075528      -0.33874178503464480     
  -7.5881821103480762       -1.2659115427817276     
  -5.6261069872523288        14.239960172194404     
   9.6691960459833144       -4.0454782940067231     
   10.914388680607612       -4.5100629568800210     
  -7.3822561770618789        9.9205026107304608     
   2.6257776514275610       -14.851205644919558     
 -0.97602883924722272        2.8192395558481844     
   14.486147947104318        2.4322013149576374     
   7.9235600248685989       -6.6528833170950810     
   2.4899666287852242       -4.2384089216620913     
  0.74274588308945833       -10.334680425214071     
  -13.660898082980180        5.2576149800966068     
  -15.187608182080412        1.9072391013618655     
  -7.4556517536246414       -3.9214837891330450     
   7.9367813245217063        6.8950109221196190     
  -12.933984847476747       -1.0991628578976926     
  -7.1780186042115348        2.3492485956836884     
  -9.5071121628926214       -3.3765908522137416     
   10.208607327020671        5.5141711049576525     
   7.6716226964685967       -5.6264508360525678     
   9.9215008564654994       -8.3551239725688120     
   5.8302185020176358        9.1611244244266246     
   10.169424956441935       -11.445551483355947     
  -4.3831310923596440        5.5857583507157331     
  -10.990589423890498        4.0611229181642683     
   6.5473580345323645       -5.0842519041969343     
  -15.284998401905348       0.89857417774440784     
  -11.857454629175992        9.5403184592480130     
  -1.5100749616416786       -3.4513115129803174     
  -8.9419416766098188       -2.4654699863148530     
  -2.1584366693158059      -0.83565843612221746     
  -6.6005492534046812        1.6522141434470130     
  -11.554557687473464       -9.5686564937526963     
  -10.146802232142729       -11.465601404060802     
  -9.4373471449356963       -12.014714785679949     
   2.8314852512630697        1.4534619428639812     
   3.1359895755667329        8.6319974354152755     
  -5.2904690114007096       -8.3824685077327938     
  -5.8329393507655114       -5.3421416273105651     
  -11.206537410254255       0.32832867213634132     
  -5.1538054773270732       -14.402960773021318     
   11.063037750033315        5.0097228971316596     
  -4.8040879122412328       -10.333415462479168     
 -0.64362119023592035       -5.8456202839571718     
  -8.6102074880713193        2.0782214803392165     
   7.6205247519050854       -1.7236951581499742     
  -10.433945034181168        6.1366347674083856     
   6.0797926459627130       -2.6848025946378571     
   2.1710688918887007        13.405302531417723     
   1.0851060393791983        13.362716063903168     
   10.184898073772001       -10.210963654278407     
   8.2416839295427771       0.97489905548869693     
   12.117978059306544       -9.3591249298918591     
   13.503807339762201        7.2086984284639195     
   7.7413573985986499       -7.8181200902855759     
  -5.1876195697264116        10.121102793722207     
  -8.2317952299042485        1.2019474841949047     
  -3.0955962654332718       -1.4137906976245289     
   7.1260826030757256       -12.964224366476667     
   1.4334743237056011       -8.4275586001260496     
  -5.7088416816087548       -3.3206024652814525     
   11.272616892316444        6.9049678407208530     
  -4.1546175930788802       -5.9485765864000335     
  -10.812739527274143      -0.63690379549719467     
  -2.7612061551964135        1.8076285494981357     
   6.7611447779182976       -8.2711385460684337     
   2.4285698951431627       -2.7550297549083962     
  -8.7663545516247332       -1.0951767374449468     
   14.452701083782411       -3.5661654892438701     
   6.9831708138372113       -2.4666405089065293     
  -8.8303211832704616       -10.618175912418367     
   7.0504705563416081        2.1627504693249415     
   1.6435161486862866        12.396160475066553     
   14.221502963536597       -4.4927808317479636     
  -4.1690119763259910        13.119219069147714     
  -2.8446184850864582       -3.3102173514150923     
  -12.286505177472662        6.8178733142250385     
  -8.3278768430633008       0.28785888889414640     
  -6.5850992133383421        10.439671980266914     
  -2.9438204876554699        4.4194403981612753     
  -10.768948467775509        7.1639345329949364     
   3.5440428485019955        4.9528604019418072     
   1.0219853397429202        8.6870491579320124     
   6.3845652541179829       -9.2373777315131917     
  -9.8598530738281873       -2.4789965130347791     
   2.5718053453555014        5.0894126996146936     
  -7.2961104690238043        6.6879071726294494     
  -3.7001423846914983        1.3715283267761782     
  -7.7502418453532043       -2.6862865122038770     
  -10.199601751939314        9.9654629487473851     
   2.1270216875715002        14.629842123940325     
   1.0321067875482497        4.6035211475791060     
   3.6430239505743685       -6.2700966075200597     
   13.943975494198979        6.1972400882393837     
   8.8459852310534739       -4.6617014915073680     
   11.766090553606183        2.1255014515490567     
  -14.803906487445643       -3.8848728398499093     
   10.209656606721934       -3.3320677921173227     
  0.67204841851979058       -7.2685693589569045     
  -14.450614842715193        2.8140802404611680     
   3.0354440940130751       -3.4296873616726962     
  -13.240220973753658        7.1873553717716643     
 -0.84629954267656837        4.1851080016485769     
   11.052277849280845       -6.2720776099642688     
  -12.792158817286488       -4.4500710499898233     
  -5.9459957834126920        13.380786458916338     
   13.993527340057810        4.2327464321714450     
   8.3521183342209220       -8.8219577190619667     
   3.8824650316446236       -9.4153337973835036     
  -10.237523654231470       0.13812837331424691     
   7.2989590071152879       -9.0366374864467733     
  -8.9814170222688769       -6.8007092244220262     
   3.1083152668384049        13.203244129442185     
   2.1034438042092520        3.6562705757441449     
  0.90160182617883122        11.835273132789782     
  0.81526938004531224        2.5228082565506176     
  -1.3470445739989603        11.787190717923817     
 -0.47765527572587890       0.14475944620758155     
 -0.33298763711558405        15.307401250429397     
   1.5314374449372685       -3.4888214700975772E-003
  -1.9378263535824529        5.7888008341076649     
   2.4277053918676743       -5.2394448323908378     
  -3.9232269968310587      -0.72384666827100863     
   7.3936521083383022        1.3468930956192566     
   12.050082317799220        1.1920840207255756     
   4.3523337687340753       -13.979795495242593     
   4.3514904252033277       -5.3599096262706887     
   10.818955701880011       -10.833588197620236     
  -10.708824895465851        10.835947848694849     
 -0.81113967776094575        1.2488617434130116     
  -6.8193888877220230       -2.8140071752772764     
   4.2427653148657800        10.854037194490969     
   9.9234968957390723      -0.56279385729773623     
  -4.7654263380303457        8.3321461885339350     
   1.9355144834054374        8.7590009290568975     
  0.96425484496148972        1.4110485006108413     
  -9.6413477853985157       -1.5924822894012649     
  -9.8920960882141618        8.9229544417435438     
   10.055144456502253       -4.9142690088646219     
  -10.128179648885780       -9.3896047168788233     
   3.2695438676674460       -13.963074411686298     
   7.8943147294901843        3.3920179253566833     
   13.632408494268084        2.5884736908151527     
   4.5794914883331126        2.0395071053709093     
  -6.4545663407522689      -0.84068726767221158     
   14.762413863004133      -0.18418299624322945     
  -3.8457502352474600        4.4996112583073717     
   1.5465927867465061       -10.939119408182682     
  -1.4260097915357688       -6.3877431496290127     
   8.0870892888833232       -13.000648540227827     
  -4.7103892751768281       -7.6680312584010677     
   5.2605687337595777       -6.8628021100496532     
   9.9174511649525687        11.663655946765354     
  -9.6263822072018108        10.784340771450749     
  -2.2307682552078183        7.6874004538825078     
