  -7.1357771225009197       0.42362336517067212     
  -6.2695012399013894       0.15064027113575912     
  -4.4126704276185675       -6.4519462556789433     
   3.8328965055052704       -1.5929678999414310     
  -6.6010219565591894       -4.8207126421991031     
   3.2476169117315115      -0.39673565004888400     
   5.6394714495432581       -6.3774079355837507     
  -2.7371483860996921        4.0783237322335895     
   1.7164014984995530       -1.1061178716160536     
  0.36950484638963721        2.6243840411379065     
  0.99803403764065268        5.3772953580534688     
   2.5586618524120230       -2.0757639743411458     
   6.0349446797438615       -2.1579599810515497     
   7.6827769538024823E-002  -3.4701118436824152     
   4.4367834146416749      -0.48016609004457539     
  -2.4013553543946360       -4.5271370907256667     
   1.3921364092035164       -4.3733668912473735     
  -8.1217365768346816       -6.5218800869379630     
 -0.72625836046937908        1.0433967035096037     
  0.73533562493412963        2.5129606767814563     
   4.9266457433896846        1.9856041568572405     
   2.9621149214438267      -0.71330885224665419     
   4.7835455144335146       0.58991844694665641     
  0.15735373605399203        3.3097421881103499     
  -4.9894775278662786        8.0318203469548095     
  -10.480819914654067      -0.54668480106041539     
  -2.0934875084135256       -2.2631899723550104     
  -3.7779567677702874       -5.5951302366791813     
  -5.1107849184918006        2.5425710689878609     
  -10.314388133158257        2.8647438440851327     
  -1.0423744057552971       -5.5841372560411306     
  -2.7788334278539328       -1.7261203426856004     
  -4.5520607492433660        7.3402768651930286     
  -4.9138287297874221       -2.4856308608439552     
   2.5858891771695882       -3.5608731816437786     
   8.1041368635068416        1.9470688624544288     
   8.9673961327980152       -2.0247728619251735     
   6.8585213916534400       -6.1033822460243226     
  -1.4814462146602037      -0.85969815749306633     
   5.2006036010595622        4.8452520095759279     
  0.44882638381259948      -0.56504985936924235     
  -5.9478966029421585      -0.40538957592313657     
  0.22075361382832992        4.3777170340666451     
  -2.1351016143730543        5.4436762432051102     
   1.4488489272004257       -1.7869566413439042     
  -6.5204807316659545        3.7413124282590573     
  -1.4770495810338200        2.6227789937302961     
  -5.6785829082881607       -8.5926560436665333     
  0.82939775666829019        1.2445416378255372     
  -6.0817209834369503       0.60703800991304335     
   6.1083495380836395       0.37564358997137931     
  -2.3649495762197992       -1.1325041398165117     
   3.3073265578589801       -2.5008163532412353     
  -3.6634775022919079       -6.4860051995652954     
   3.3944980508358316       -7.1063273277228198     
  -3.5715676074935936       0.54734039091534770     
   5.8152596380953296       -5.4558271884316074     
   9.6350378285843306       -4.1391498152729760     
  0.50294557115991001       -4.9594536396312989     
   5.2028455032554133        3.3032577979164328     
   5.5499991295479338      -0.24122601481024900     
   7.0121235611688970        3.1431933987618832     
   4.3778422183893779        7.2430730986844249     
   3.8988961391379586        3.3683280422951198     
   1.8088156488464417        9.9558157357527541     
   8.4143552971957813       -3.9188405560690080E-002
  0.34879780159474594        7.7940793295679125     
   3.0483147574161773        9.4761129403855904     
   2.2813975068514116        3.3266835225074081     
 -0.52276182503188928        5.6467029838366880     
  -5.0344843288357861        1.8914222693884941     
   3.1942168258821613        3.2193371984595993     
  -3.0990382221111279        2.2391137809318113     
  -4.7061664365013769       -4.1417477628767951     
  -1.6648498559374787        4.9504793798646256     
  -2.6776460948945693       -7.4498053785549541     
  -4.6229231263615782       -8.0412082501165116     
  -7.1451564997596106       -5.4213068907458126     
  -10.598646435857869       -1.5087458187546785     
  -6.4015273269875674       -6.7700877766672649     
   3.1816744275083537       -4.0541740769046566     
  -7.3669148656913643       -1.5702616379999927     
  -6.5276448246337884       -7.3328728289616389     
   5.2083003185127623       -9.3276014088701178     
   1.7691396252474063       -10.348685272798903     
 -0.22740973157114105       -8.5062522038534691     
   3.8857066468027837       -4.9636088002128194     
   5.5977638788513602       -9.0123505827097770     
   9.9826430034770706       -1.4156390947263515     
   3.1313934384529230E-002  -4.1937099521121901     
   2.5003321935466887       -9.6420985676305915E-002
   4.7317462995618103       -3.9820220707343195     
   5.0503100043860201       -4.2558535189821862     
   8.5309066914441924        2.7401262464952874     
   1.7071013355783358        8.1282140921979078     
   7.6310642188987350        7.3419112717951069     
 -0.84711880134197304        7.8027048735374329     
  0.90796191176879648        9.1638154665072076     
  -1.8458741157444765        7.1110978649103922     
  -4.8850615828505504        6.0627799829912759     
  -4.0111561718826252        6.8499323943388530     
   4.8394030739981870        1.1848664037917247     
   1.5939475727038899        5.0041762398958758     
   1.6677191206116393       0.41685361967251650     
  -8.8675533737497165        5.0338027892165380     
  -4.9134408359404498        4.8338468285301044     
  -4.4625297792986327        3.6628616082457608     
  -8.2260368952262777        2.4269915643212681     
  -9.0474676732996535        1.5734744200781641     
  -6.9373938287027999       -1.7090593614598577     
  -6.7456728478348458       -2.9496975960982361     
  -4.4193164957629198       -1.1060580792858068     
  -5.6361984631639128       -5.5528302409871104     
  -6.2700163827017041       -8.5571326908347896     
  -5.2305269946186543       -7.0334995911873053     
  -6.8597386042914756       -4.0085164137505060     
 -0.78127503310628010       -9.7020998869502630     
 -0.10608242812276186       -10.625703752024830     
  -5.1298760913664614       -4.8669666464138182     
   1.2777616399677483       -5.0464617937869134     
  -1.8426847200694936       -10.461581568016403     
   7.0965979203458183       -8.0172909849172811     
   1.6022682082877353       -6.1445016537215924     
   2.8798288213950176       0.65096770511673197     
  -2.5796352168536725       0.98050117696869610     
   4.1005592567818452       -2.5107177635069813     
   5.0262990724437895       -3.0643134686103344     
  0.88005908256073972       0.24047172230398797     
   7.1348163919675880       -7.6316149308953252E-002
  -1.4611449061269546       -10.603097566102123     
   2.2433655174402389        2.5689377953440706     
  0.96324793345386672        4.4330882073939160     
   4.3797007718698557        7.6666182294229301     
   3.3885964664807098        5.8358036156683326     
   1.2909553398248748        9.5564960743828689     
   7.6629515773713948        3.6979521773902193     
  -1.6195703038597578        9.7955540635139542     
   5.6402132736765207        9.0848895379992580     
  -5.6083714279787573        7.5014228815961532     
  -1.8073966611198222        10.543368119359249     
  -7.6816668769273422        2.6109133831867308     
  -2.2124924513412703        4.7795751274053009     
  -8.3438868022875798        6.0014345755094700     
  -7.8615499027576972        6.0915145573687939     
  -5.7373644507389985        8.4851069273177551     
  -7.4825891927116679        5.1330382368570522     
  -1.4505304449629519       -6.5262899725060164     
  -4.7173924705717374       0.32929982664666591     
  -8.3651478851431591      -0.11865123030783623     
  -2.2146966054222674        3.4878437829686306     
  -7.0504809406696118       -6.4352748354063651     
  -6.3593460680004172       -5.8204301594796588     
 -0.54281213632918757       -4.8071753874324799     
  -3.8519253053592837       -7.5181279685740314     
  -3.6261915524155559       -8.8250694598394581     
  -1.8820418728733701       -6.0528776290868933     
  -4.9544458004025431       -9.0437198302730426     
   1.1510009106655217       -9.6030670662360045     
   4.1874586990343374       -9.4967969718971172     
   3.6338628115415155       -8.1347627755877063     
  0.31226008165028191       -9.7798726866382264     
   7.1300676527458133       -2.8849490587309510     
   2.3937867127478816       -9.4118522938110623     
   9.0065416738635324       -5.2221195837948562     
   7.5768429800747770       -4.0060664970339364     
   2.8209591856514695       -1.7927827348292897     
   8.6063397699443520       -1.0948546143096403     
   6.2791328748593536       -4.3368593347047453     
   9.8848137762250889       -3.5354096149152032     
   10.375028592063664        2.2298809225928604     
   8.7434029659468990        3.9150921887307257     
   4.2199354700586618      -0.17837314948260213     
   1.1232670838348335        7.4800178718939687     
   6.1580437399135342        1.3111175686503065     
   5.7244409450465694        4.0864052667699085     
  -4.6365688404698977        9.4890330236851295     
   7.8278180940852131        5.3728895109470169     
  -3.2134212097341726        4.6262412748061257     
   2.8346063212799648        3.6032078417693243     
  -1.4291095966506704        7.9665966878400578     
  -2.4185693785959383        8.5312394015696942     
 -0.41206796515081723        4.7277901678917544     
  -4.2985477800415044        5.4472452913670724     
   1.1164314789519423        3.4497654069060650     
  -3.5242323234177482        3.8506759658036378     
  -2.4926508778166645        9.6546582161349761     
  -6.4312298721324064        1.4361524605784355     
  -6.8922243001553909        7.0077814579140938     
  -3.1890090561331759        3.4417862989751082     
  -9.2360295341868053       -5.2855296003718903     
  -8.9823840671196145       -4.4577577730609850     
  -3.3841422019888974       -2.4560888117768092     
  -7.6545018511226068        1.3857489742254889     
  0.59904437412857015       -9.0065239148053582     
  -7.2803533727066014       -7.2643655227922093     
  -7.1770892969984139      -0.75222587695052279     
  -10.306348770057472       -2.6724020846500447     
  -7.7561898568863050       -3.9249342378263115     
  -8.5331355532288029       -3.1027779209114930     
 -0.62037067915780364      -0.70498073793306748     
