  2    100    0.35618E+00    0.3952847075E-01    0.0000000000E+00
  2    100    0.35618E+00    0.7905694150E-01    0.0000000000E+00
  2    100    0.35618E+00    0.1185854123E+00    0.0000000000E+00
  2    100    0.35618E+00    0.1581138830E+00    0.0000000000E+00
  2    100    0.35618E+00    0.1976423538E+00    0.0000000000E+00
  2    100    0.35618E+00    0.2371708245E+00    0.0000000000E+00
  2    100    0.35618E+00    0.2766992953E+00    0.0000000000E+00
  2    100    0.35618E+00    0.3162277660E+00    0.0000000000E+00
  2    100    0.35618E+00    0.3557562368E+00    0.1597790801E+00
  2    100    0.35618E+00    0.3952847075E+00    0.2144403444E+00
  2    100    0.35618E+00    0.4348131783E+00    0.6467248481E-01
  2    100    0.35618E+00    0.4743416490E+00    0.2361951619E+00
  2    100    0.35618E+00    0.5138701198E+00    0.6518986469E+00
  2    100    0.35618E+00    0.5533985905E+00    0.7042115013E+00
  2    100    0.35618E+00    0.5929270613E+00    0.1077131385E+01
  2    100    0.35618E+00    0.6324555320E+00    0.2015278075E+01
  2    100    0.35618E+00    0.6719840028E+00    0.3086641321E+01
  2    100    0.35618E+00    0.7115124735E+00    0.4074366543E+01
  2    100    0.35618E+00    0.7510409443E+00    0.6203314827E+01
  2    100    0.35618E+00    0.7905694150E+00    0.6755787260E+01
  2    100    0.35618E+00    0.8300978858E+00    0.7949983499E+01
  2    100    0.35618E+00    0.8696263565E+00    0.9727944925E+01
  2    100    0.35618E+00    0.9091548273E+00    0.9325772310E+01
  2    100    0.35618E+00    0.9486832981E+00    0.1069160015E+02
  2    100    0.35618E+00    0.9882117688E+00    0.1017205797E+02
  2    100    0.35618E+00    0.1027740240E+01    0.9000888180E+01
  2    100    0.35618E+00    0.1067268710E+01    0.9096856118E+01
  2    100    0.35618E+00    0.1106797181E+01    0.8000574303E+01
  2    100    0.35618E+00    0.1146325652E+01    0.7815159217E+01
  2    100    0.35618E+00    0.1185854123E+01    0.7803447786E+01
  2    100    0.35618E+00    0.1225382593E+01    0.6790610905E+01
  2    100    0.35618E+00    0.1264911064E+01    0.7954715632E+01
  2    100    0.35618E+00    0.1304439535E+01    0.8274098211E+01
  2    100    0.35618E+00    0.1343968006E+01    0.7094668110E+01
  2    100    0.35618E+00    0.1383496476E+01    0.7794440343E+01
  2    100    0.35618E+00    0.1423024947E+01    0.7747034976E+01
  2    100    0.35618E+00    0.1462553418E+01    0.7609205097E+01
  2    100    0.35618E+00    0.1502081889E+01    0.7877108650E+01
  2    100    0.35618E+00    0.1541610359E+01    0.7725422277E+01
  2    100    0.35618E+00    0.1581138830E+01    0.7650181906E+01
  2    100    0.35618E+00    0.1620667301E+01    0.7813394276E+01
  2    100    0.35618E+00    0.1660195772E+01    0.8328725183E+01
  2    100    0.35618E+00    0.1699724242E+01    0.8644048235E+01
  2    100    0.35618E+00    0.1739252713E+01    0.7758468092E+01
  2    100    0.35618E+00    0.1778781184E+01    0.8621786880E+01
  2    100    0.35618E+00    0.1818309655E+01    0.8297977282E+01
  2    100    0.35618E+00    0.1857838125E+01    0.7958888050E+01
  2    100    0.35618E+00    0.1897366596E+01    0.8062956949E+01
  2    100    0.35618E+00    0.1936895067E+01    0.8526767095E+01
  2    100    0.35618E+00    0.1976423538E+01    0.8519130045E+01
  2    100    0.35618E+00    0.2015952008E+01    0.8350434400E+01
  2    100    0.35618E+00    0.2055480479E+01    0.8676159176E+01
  2    100    0.35618E+00    0.2095008950E+01    0.8510899001E+01
  2    100    0.35618E+00    0.2134537421E+01    0.9595704382E+01
  2    100    0.35618E+00    0.2174065891E+01    0.8696965893E+01
  2    100    0.35618E+00    0.2213594362E+01    0.9812738641E+01
  2    100    0.35618E+00    0.2253122833E+01    0.9038122833E+01
  2    100    0.35618E+00    0.2292651304E+01    0.8999035669E+01
  2    100    0.35618E+00    0.2332179774E+01    0.9147010929E+01
  2    100    0.35618E+00    0.2371708245E+01    0.9518268059E+01
  2    100    0.35618E+00    0.2411236716E+01    0.9136458309E+01
  2    100    0.35618E+00    0.2450765187E+01    0.9694563211E+01
  2    100    0.35618E+00    0.2490293657E+01    0.9452530380E+01
  2    100    0.35618E+00    0.2529822128E+01    0.9196732880E+01
  2    100    0.35618E+00    0.2569350599E+01    0.9348934084E+01
  2    100    0.35618E+00    0.2608879070E+01    0.9662365441E+01
  2    100    0.35618E+00    0.2648407540E+01    0.9425163708E+01
  2    100    0.35618E+00    0.2687936011E+01    0.9446494282E+01
  2    100    0.35618E+00    0.2727464482E+01    0.9397808961E+01
  2    100    0.35618E+00    0.2766992953E+01    0.9741351184E+01
  2    100    0.35618E+00    0.2806521423E+01    0.9439430762E+01
  2    100    0.35618E+00    0.2846049894E+01    0.9354897541E+01
  2    100    0.35618E+00    0.2885578365E+01    0.9534954347E+01
  2    100    0.35618E+00    0.2925106836E+01    0.9063386800E+01
  2    100    0.35618E+00    0.2964635306E+01    0.9133143795E+01
  2    100    0.35618E+00    0.3004163777E+01    0.9093122682E+01
  2    100    0.35618E+00    0.3043692248E+01    0.9684387579E+01
  2    100    0.35618E+00    0.3083220719E+01    0.9138847967E+01
  2    100    0.35618E+00    0.3122749189E+01    0.9749068140E+01
  2    100    0.35618E+00    0.3162277660E+01    0.9515396916E+01
  2    100    0.35618E+00    0.3201806131E+01    0.9802099220E+01
  2    100    0.35618E+00    0.3241334602E+01    0.9215233940E+01
  2    100    0.35618E+00    0.3280863072E+01    0.1023941814E+02
  2    100    0.35618E+00    0.3320391543E+01    0.9409265650E+01
  2    100    0.35618E+00    0.3359920014E+01    0.9747942045E+01
  2    100    0.35618E+00    0.3399448485E+01    0.1011840736E+02
  2    100    0.35618E+00    0.3438976955E+01    0.1009563656E+02
  2    100    0.35618E+00    0.3478505426E+01    0.9468051776E+01
  2    100    0.35618E+00    0.3518033897E+01    0.9798429521E+01
  2    100    0.35618E+00    0.3557562368E+01    0.9446157069E+01
  2    100    0.35618E+00    0.3597090838E+01    0.9934551203E+01
  2    100    0.35618E+00    0.3636619309E+01    0.9751762546E+01
  2    100    0.35618E+00    0.3676147780E+01    0.9690385292E+01
  2    100    0.35618E+00    0.3715676251E+01    0.9267186647E+01
  2    100    0.35618E+00    0.3755204721E+01    0.9765545207E+01
  2    100    0.35618E+00    0.3794733192E+01    0.9883716396E+01
  2    100    0.35618E+00    0.3834261663E+01    0.9964253929E+01
  2    100    0.35618E+00    0.3873790134E+01    0.1007099833E+02
  2    100    0.35618E+00    0.3913318604E+01    0.9534431352E+01
  2    100    0.35618E+00    0.3952847075E+01    0.9752545712E+01
  2    100    0.35618E+00    0.3992375546E+01    0.9986589968E+01
  2    100    0.35618E+00    0.4031904017E+01    0.1015581020E+02
  2    100    0.35618E+00    0.4071432487E+01    0.1041447838E+02
  2    100    0.35618E+00    0.4110960958E+01    0.1044507494E+02
  2    100    0.35618E+00    0.4150489429E+01    0.9916241379E+01
  2    100    0.35618E+00    0.4190017900E+01    0.1006683929E+02
  2    100    0.35618E+00    0.4229546370E+01    0.1015722364E+02
  2    100    0.35618E+00    0.4269074841E+01    0.1017012424E+02
  2    100    0.35618E+00    0.4308603312E+01    0.1038306313E+02
  2    100    0.35618E+00    0.4348131783E+01    0.1018281562E+02
  2    100    0.35618E+00    0.4387660253E+01    0.1061301813E+02
  2    100    0.35618E+00    0.4427188724E+01    0.1059091692E+02
  2    100    0.35618E+00    0.4466717195E+01    0.1096759112E+02
  2    100    0.35618E+00    0.4506245666E+01    0.1062566076E+02
  2    100    0.35618E+00    0.4545774136E+01    0.1084125479E+02
  2    100    0.35618E+00    0.4585302607E+01    0.1085321881E+02
  2    100    0.35618E+00    0.4624831078E+01    0.1143620480E+02
  2    100    0.35618E+00    0.4664359549E+01    0.1101523777E+02
  2    100    0.35618E+00    0.4703888020E+01    0.1088216887E+02
  2    100    0.35618E+00    0.4743416490E+01    0.1100135792E+02
  2    100    0.35618E+00    0.4782944961E+01    0.1105657975E+02
  2    100    0.35618E+00    0.4822473432E+01    0.1063582926E+02
  2    100    0.35618E+00    0.4862001903E+01    0.1061552644E+02
  2    100    0.35618E+00    0.4901530373E+01    0.1112340556E+02
  2    100    0.35618E+00    0.4941058844E+01    0.1088134037E+02
  2    100    0.35618E+00    0.4980587315E+01    0.1001547473E+02
  2    100    0.35618E+00    0.5020115786E+01    0.1064488650E+02
  2    100    0.35618E+00    0.5059644256E+01    0.1058802704E+02
  2    100    0.35618E+00    0.5099172727E+01    0.1070115726E+02
  2    100    0.35618E+00    0.5138701198E+01    0.1050840483E+02
  2    100    0.35618E+00    0.5178229669E+01    0.1085457038E+02
  2    100    0.35618E+00    0.5217758139E+01    0.1038989288E+02
  2    100    0.35618E+00    0.5257286610E+01    0.1065997787E+02
  2    100    0.35618E+00    0.5296815081E+01    0.1088532385E+02
  2    100    0.35618E+00    0.5336343552E+01    0.1029951394E+02
  2    100    0.35618E+00    0.5375872022E+01    0.1043398665E+02
  2    100    0.35618E+00    0.5415400493E+01    0.1047694254E+02
  2    100    0.35618E+00    0.5454928964E+01    0.1071188004E+02
  2    100    0.35618E+00    0.5494457435E+01    0.1005598770E+02
  2    100    0.35618E+00    0.5533985905E+01    0.1052909777E+02
  2    100    0.35618E+00    0.5573514376E+01    0.1021733200E+02
  2    100    0.35618E+00    0.5613042847E+01    0.1031309034E+02
  2    100    0.35618E+00    0.5652571318E+01    0.1099364166E+02
  2    100    0.35618E+00    0.5692099788E+01    0.1050533534E+02
  2    100    0.35618E+00    0.5731628259E+01    0.1042793467E+02
  2    100    0.35618E+00    0.5771156730E+01    0.1070629651E+02
  2    100    0.35618E+00    0.5810685201E+01    0.1074909672E+02
  2    100    0.35618E+00    0.5850213671E+01    0.1039538944E+02
  2    100    0.35618E+00    0.5889742142E+01    0.1053116291E+02
  2    100    0.35618E+00    0.5929270613E+01    0.1017456082E+02
  2    100    0.35618E+00    0.5968799084E+01    0.1047243051E+02
  2    100    0.35618E+00    0.6008327554E+01    0.1054225535E+02
  2    100    0.35618E+00    0.6047856025E+01    0.1062007017E+02
  2    100    0.35618E+00    0.6087384496E+01    0.1025448604E+02
  2    100    0.35618E+00    0.6126912967E+01    0.1051336006E+02
  2    100    0.35618E+00    0.6166441437E+01    0.1072960193E+02
  2    100    0.35618E+00    0.6205969908E+01    0.1064368597E+02
  2    100    0.35618E+00    0.6245498379E+01    0.1069251749E+02
  2    100    0.35618E+00    0.6285026850E+01    0.1087783034E+02
  2    100    0.35618E+00    0.6324555320E+01    0.1092032412E+02
  2    100    0.35618E+00    0.6364083791E+01    0.1107652296E+02
  2    100    0.35618E+00    0.6403612262E+01    0.1112566963E+02
  2    100    0.35618E+00    0.6443140733E+01    0.1071036046E+02
  2    100    0.35618E+00    0.6482669203E+01    0.1100203565E+02
  2    100    0.35618E+00    0.6522197674E+01    0.1071224030E+02
  2    100    0.35618E+00    0.6561726145E+01    0.1116860597E+02
  2    100    0.35618E+00    0.6601254616E+01    0.1095470324E+02
  2    100    0.35618E+00    0.6640783086E+01    0.1075146276E+02
  2    100    0.35618E+00    0.6680311557E+01    0.1139694222E+02
  2    100    0.35618E+00    0.6719840028E+01    0.1145790395E+02
  2    100    0.35618E+00    0.6759368499E+01    0.1075744285E+02
  2    100    0.35618E+00    0.6798896969E+01    0.1123717420E+02
  2    100    0.35618E+00    0.6838425440E+01    0.1110117261E+02
  2    100    0.35618E+00    0.6877953911E+01    0.1079061341E+02
  2    100    0.35618E+00    0.6917482382E+01    0.1080271397E+02
  2    100    0.35618E+00    0.6957010852E+01    0.1108939650E+02
  2    100    0.35618E+00    0.6996539323E+01    0.1100348283E+02
  2    100    0.35618E+00    0.7036067794E+01    0.1060483010E+02
  2    100    0.35618E+00    0.7075596265E+01    0.1100953947E+02
  2    100    0.35618E+00    0.7115124735E+01    0.1111844315E+02
  2    100    0.35618E+00    0.7154653206E+01    0.1080854578E+02
  2    100    0.35618E+00    0.7194181677E+01    0.1094354650E+02
  2    100    0.35618E+00    0.7233710148E+01    0.1101381276E+02
  2    100    0.35618E+00    0.7273238618E+01    0.1077616292E+02
  2    100    0.35618E+00    0.7312767089E+01    0.1068095005E+02
  2    100    0.35618E+00    0.7352295560E+01    0.1037078205E+02
  2    100    0.35618E+00    0.7391824031E+01    0.1102154381E+02
  2    100    0.35618E+00    0.7431352501E+01    0.1036881014E+02
  2    100    0.35618E+00    0.7470880972E+01    0.1049752795E+02
  2    100    0.35618E+00    0.7510409443E+01    0.1056038540E+02
  2    100    0.35618E+00    0.7549937914E+01    0.1035880068E+02
  2    100    0.35618E+00    0.7589466384E+01    0.1050328433E+02
  2    100    0.35618E+00    0.7628994855E+01    0.1063568409E+02
  2    100    0.35618E+00    0.7668523326E+01    0.1046841981E+02
  2    100    0.35618E+00    0.7708051797E+01    0.1089290798E+02
  2    100    0.35618E+00    0.7747580267E+01    0.1085803053E+02
  2    100    0.35618E+00    0.7787108738E+01    0.1043646053E+02
  2    100    0.35618E+00    0.7826637209E+01    0.1070337810E+02
  2    100    0.35618E+00    0.7866165680E+01    0.1050235541E+02
  2    100    0.35618E+00    0.7905694150E+01    0.1051778832E+02
