  0.56732793033891471       0.89076417456625134     
  -1.7635841139725703       -9.5512246425970257     
  -9.5528499632215933        4.6937773651736006     
   1.7555370262590881        12.212538981594781     
   1.8553165127416202        7.7664566725114259     
   11.082398753564828        2.4695867004483159     
  -9.6560049809992829       -3.3925290406018860     
   3.6758913444649597      -0.37235605106729480     
   3.4687214305382454        7.5280181625404925     
  -2.3004995431223323       -12.011302525645503     
  -4.3504451943964977       -5.1167296584981239     
  -5.8209161138371952        1.5517632586629924     
  -4.6907235795277504       -9.6418049162542783     
   5.9252203241628596      -0.14836936126104697     
  -8.1621210134568614        6.1341740970286684     
   10.931543836702119       -2.5078437504338340     
  -4.9263223357756143       -4.2989575096845902     
   7.2557894873719437        7.2033675728825681     
  -4.5641492408697388        3.0691879766780517     
   2.4906857330626817       0.94957057988156213     
  0.85724421492483638        7.8323618131477089     
  -1.7855746733055438        9.1436410312097323     
   1.2659278440983128       -11.186953582462477     
   5.3650005892774031      -0.97807810231702186     
   6.4999924274347567        9.8500614396948212     
   5.7367840865956765       -9.9067798959122424     
   2.5261751350189772        6.0752809908377925     
  -1.0983129473144511       0.41239494486462286     
  0.63556325039950878        8.8074804834932188     
 -0.19092064049914709       -7.9256321107086558     
   2.8766052435884104       -7.8449237546656638     
  -1.9936988588831388       -8.5782973129395437     
  -6.0010860486641970       -4.1673021817999055E-002
   8.8746018023490105        3.2350602507551049     
  -4.6697264759114141        10.834289116335897     
   9.2747741653493794       -6.6637170215706476     
   2.5781114319941398        7.0749998259867182     
   8.3059463181743194       -6.9090991217036555     
   3.1093218383554149       -3.2722794244757090     
  -4.3792964541119268       -2.2594476233507934     
  -7.6363896239957612        4.1256111912972466     
   6.8139952023963071       -3.5002413170702891     
   5.6533140819772036        1.9842893367497274     
   3.1210651878302014       -10.977412789564141     
   10.269290048438627       -3.2576493695283757     
   11.551981725804321        4.5341416371780516     
   7.1098101613325424       -8.8181243024003741     
   5.6040692957349725        2.9828365906271790     
   5.8131212190786066       -3.4919273618961135     
   2.1527384678253321       -10.725177036443910     
   8.7153338030886829        7.2912584716896314     
  -5.6588935138432381        7.1491451633590701     
   4.9956784257502207        4.8978204094822013     
  0.28917072708588465        1.8525227059679985     
  -5.3461522770058352       -5.2057738403939036     
   6.8037286933285852       -5.2318676909352444     
  -2.7858849496383096        9.1572596263341843     
  -10.481677281361529       -1.5778928359262732     
  -6.5058152939629652       0.82189914238188244     
   1.7385490369492085       -9.8149843447715543     
  -11.318796088812526        2.8717924525566088     
  -1.3734010562876267        1.3747661597061118     
  -3.1513636995024621       -7.0425544215257050     
  0.44666359849979764       -2.2363256397120055     
   7.0308642228595426        9.0017006940712676     
  -9.1306967577880016       -2.5409072901206855     
  -7.4205476859756541       -2.9992163326110606     
  -3.3549981000860281       -5.0270931949073221     
   6.3202860961391156       -2.6304864351770081     
   8.9934174054829921        5.9862553247201218     
   11.929948857245265       -1.0736766812959666     
   10.551671406204806        4.5335913808682129     
  -10.772558497831193        5.9873793744131234     
   5.2200927016274461        11.258452830521614     
  -3.7843536504912980        9.0862684621351271     
   12.381006891021537       0.84501350527354646     
  -5.0976958635150522       -6.1771811141874169     
   9.9710027457427657       -7.3824636646874868     
  -11.337559137016360       0.32513750559533749     
  -3.6323670115807856        5.7660599291483372     
   4.1800163044688015       -8.8604791035627972     
   8.0326399299824676       -7.8726190623584520     
   12.322326323229404      -0.15355109224923205     
  -5.2049755101647737       -1.6955473456793659     
  -3.1694617373135099      -0.98153725965408078     
  -3.7817973740838124        6.7558075687319965     
  -11.258984483454030        3.8712205788546377     
  -6.4610043654350484       -2.7046221631226155     
   3.7310180187044972       -1.3708466628647360     
   3.4174705101063756        6.5292268887763498     
   5.8040233657405915       -5.2249385400430572     
   10.076474142208772       -1.2136324366968909     
  -2.7223656244661485       -9.8351982224203436     
  -8.1533461082141461       -2.3182948412377065     
   5.9672198035956292       -10.880313134381998     
   1.7732811102344763       -1.7815237006974793     
  -2.6670840490505419       -3.1537974711460359     
   9.1307458291236934       -1.5414037873880622     
   2.7070714193338956        11.902512829224444     
  -9.8274608087992181        5.6563096864548710     
  -1.7317552581607165        2.3087364808752264     
  -1.9658630993359463       -3.8668897168616874     
  -1.1754655814390322        3.1393752968390554     
   4.0044253205067406        4.7621371733640574     
  -10.091043877609181       -5.2876689852021572     
   4.8065716690051943        1.4530986289555412     
   8.3501691008530798        2.3826245128690493     
   3.3643028835782007        5.5304166008211535     
   3.8746155778264542       -7.9082550010439041     
   11.052028934500630        3.6675444757023481     
   3.4191881169444662       -2.3215037963621281     
   3.6363510850329339       -5.6177461532957595     
  -3.9304788441569833       -4.2090627881261184     
   10.993514556368995       -5.7542306046947349     
  -2.9346663939119808       -4.1173298008504027     
  -5.3253673209105683        2.4210569822865460     
  -1.3250147582894085        5.1313600342464314     
   8.6978622938832046        8.2921079236644868     
  -8.3877006076306344        3.4639670719042783     
  -12.181884608537722        2.3655608820780736     
   2.4731502892836836        5.0757247423419640     
   2.8783256911436226        1.8719462760648364     
 -0.47539161738753638        5.6591980147011576     
  0.43812804633780766       -6.0488856519106404     
   6.7224853784868639        8.0501174742783288     
   5.3090123338599744       -4.3558352337188335     
 -0.12802081172654817       0.16993873880324320     
  -8.8567762530254317        5.4122296583467442     
  -8.3352713267395533       0.61957491704462442     
  -7.1966257664230691        5.8750633632456042     
  -9.3801666008127569        1.7926488169646906     
   2.7519547026109765       -1.5761357519774832     
  -8.4251286474486182        9.1103009207832635     
 -0.32680521456113193        3.6677350761655254     
   9.2570869213866533       -5.6624478622495529     
   9.0014433354606833       -7.6258551013799245     
  -1.2099169380589945        4.1385152391325484     
   4.2657997042234461        10.958724256290507     
   5.2996759645272284        6.8485532265047224     
  -5.9607209498452862       -1.0413487105521970     
  -6.9605723724404553       -1.0494040263090698     
   9.5724604592286511        7.8069913641401669     
  -5.7323992047772521       -3.3977439185441232     
   6.3886730912657841       -6.8340496305285896     
   2.4797819143498923       -4.0495233005367766     
  -7.4391362902777294        3.1455586371230480     
  -6.8908855481794786       -4.6509584432318256     
   5.6622807850215571       -7.5227888928859006     
   8.6974072760346388      -0.63974484019998434     
   5.3050501481054155        5.8488074376703629     
  -5.0212469303471448        5.2398596867959659     
  -6.2928860261729191       -7.4117114502646357     
   4.2141765863797769       -6.4337450286385609     
  -11.907764659997236      -0.49645460785618828     
   1.5109614495792760      -0.81587283467773253     
  -2.2726219644223566        10.017036382708600     
   12.243795998037122       -2.0230287538291734     
  -7.0009265569886789       -4.8515532160964270E-002
  0.29712642165920078       -10.935109135760706     
  -7.6370128681082772       -3.9792194591566079     
  -9.6452255317747291       -4.3923068724976764     
   7.3096770640467570       -4.3696129886773747     
 -0.40361776746428502        1.1312801598045750     
   4.6827330662578897       -7.3178297053308921     
 -0.56045186672186798       -6.1062187753883492     
  -3.2071316952689917        3.6512701577070570     
  -3.7213121448489930       -9.8906363854313568     
  -5.5863782592293125       -8.1188660172060416     
  -9.1326143256717387        6.3749384626871439     
  -4.4099414049436536        9.8677316131628743     
  -2.7610480269542221       -6.6049307384292683E-002
   4.6298703091912881        10.026971531140395     
 -0.54760766474442502        7.5271318062581676     
  -8.5845917148991706        4.4462293752793070     
  -7.1963030283639284       -2.0239364649362686     
  -5.3269434732817889       -7.1518044272169909     
   3.3838259589564093        10.486302921992952     
  -3.6198940104447836        2.7409813461739017     
   4.3084911462497795        6.9830532924275230     
  0.84216644387575523       -7.2024790642918293E-002
  -8.8099916284162862       -7.2351178689733828     
   2.3152178342897662       -5.0366059212397269     
  -1.8434752255352880        7.0739558260759461     
  -1.0944215624549038E-002  -6.9419705638580513     
  -3.9899972367300607       -8.9276818157709457     
  -2.6364312183617189       -1.8275518164836175     
  0.14630632333141178      -0.79133904189319992     
   4.0734958818118905       -11.284822770721304     
  -6.4702561567015557        6.5630453198991079     
   3.7477449513827277        9.5550980005933770     
   8.0318660089933758        9.0401319750173172     
  -5.7729240872014342        3.3152160924794409     
  -5.9244275163716198       -4.3831718106561999     
  -7.1654775933787107       -10.123697435440173     
   2.4406745359254405       -2.5272080038351379     
   7.1394839330729667       -6.1737547430896100     
   7.3365645701012046       -7.1542399215716506     
   1.5373963145457898       0.64719470741276142     
   11.031506772735938       -1.5123953349335650     
  -1.2995952482719926       -12.006928029172244     


