 10    ***    0.12929E-01    0.3227486122E-01    0.0000000000E+00
 10    ***    0.12929E-01    0.6454972244E-01    0.0000000000E+00
 10    ***    0.12929E-01    0.9682458366E-01    0.0000000000E+00
 10    ***    0.12929E-01    0.1290994449E+00    0.0000000000E+00
 10    ***    0.12929E-01    0.1613743061E+00    0.0000000000E+00
 10    ***    0.12929E-01    0.1936491673E+00    0.0000000000E+00
 10    ***    0.12929E-01    0.2259240285E+00    0.0000000000E+00
 10    ***    0.12929E-01    0.2581988897E+00    0.0000000000E+00
 10    ***    0.12929E-01    0.2904737510E+00    0.0000000000E+00
 10    ***    0.12929E-01    0.3227486122E+00    0.0000000000E+00
 10    ***    0.12929E-01    0.3550234734E+00    0.0000000000E+00
 10    ***    0.12929E-01    0.3872983346E+00    0.0000000000E+00
 10    ***    0.12929E-01    0.4195731958E+00    0.0000000000E+00
 10    ***    0.12929E-01    0.4518480571E+00    0.0000000000E+00
 10    ***    0.12929E-01    0.4841229183E+00    0.0000000000E+00
 10    ***    0.12929E-01    0.5163977795E+00    0.0000000000E+00
 10    ***    0.12929E-01    0.5486726407E+00    0.0000000000E+00
 10    ***    0.12929E-01    0.5809475019E+00    0.0000000000E+00
 10    ***    0.12929E-01    0.6132223631E+00    0.0000000000E+00
 10    ***    0.12929E-01    0.6454972244E+00    0.0000000000E+00
 10    ***    0.12929E-01    0.6777720856E+00    0.0000000000E+00
 10    ***    0.12929E-01    0.7100469468E+00    0.0000000000E+00
 10    ***    0.12929E-01    0.7423218080E+00    0.0000000000E+00
 10    ***    0.12929E-01    0.7745966692E+00    0.0000000000E+00
 10    ***    0.12929E-01    0.8068715305E+00    0.0000000000E+00
 10    ***    0.12929E-01    0.8391463917E+00    0.0000000000E+00
 10    ***    0.12929E-01    0.8714212529E+00    0.0000000000E+00
 10    ***    0.12929E-01    0.9036961141E+00    0.0000000000E+00
 10    ***    0.12929E-01    0.9359709753E+00    0.0000000000E+00
 10    ***    0.12929E-01    0.9682458366E+00    0.0000000000E+00
 10    ***    0.12929E-01    0.1000520698E+01    0.3098121602E+04
 10    ***    0.12929E-01    0.1032795559E+01    0.2575678716E+04
 10    ***    0.12929E-01    0.1065070420E+01    0.6566625216E+03
 10    ***    0.12929E-01    0.1097345281E+01    0.5032450795E+03
 10    ***    0.12929E-01    0.1129620143E+01    0.4426297334E+03
 10    ***    0.12929E-01    0.1161895004E+01    0.3991731503E+03
 10    ***    0.12929E-01    0.1194169865E+01    0.3621721164E+03
 10    ***    0.12929E-01    0.1226444726E+01    0.3339079194E+03
 10    ***    0.12929E-01    0.1258719588E+01    0.3398656663E+03
 10    ***    0.12929E-01    0.1290994449E+01    0.3212818529E+03
 10    ***    0.12929E-01    0.1323269310E+01    0.3159646104E+03
 10    ***    0.12929E-01    0.1355544171E+01    0.3206231937E+03
 10    ***    0.12929E-01    0.1387819032E+01    0.3168898496E+03
 10    ***    0.12929E-01    0.1420093894E+01    0.2713902772E+03
 10    ***    0.12929E-01    0.1452368755E+01    0.2872199516E+03
 10    ***    0.12929E-01    0.1484643616E+01    0.2962870396E+03
 10    ***    0.12929E-01    0.1516918477E+01    0.2747130689E+03
 10    ***    0.12929E-01    0.1549193338E+01    0.2776573579E+03
 10    ***    0.12929E-01    0.1581468200E+01    0.2802072083E+03
 10    ***    0.12929E-01    0.1613743061E+01    0.2694226321E+03
 10    ***    0.12929E-01    0.1646017922E+01    0.2880698167E+03
 10    ***    0.12929E-01    0.1678292783E+01    0.2897744865E+03
 10    ***    0.12929E-01    0.1710567645E+01    0.3244165856E+03
 10    ***    0.12929E-01    0.1742842506E+01    0.1003607867E+04
 10    ***    0.12929E-01    0.1775117367E+01    0.6114166380E+03
 10    ***    0.12929E-01    0.1807392228E+01    0.5302732997E+03
 10    ***    0.12929E-01    0.1839667089E+01    0.5326062424E+03
 10    ***    0.12929E-01    0.1871941951E+01    0.5312442533E+03
 10    ***    0.12929E-01    0.1904216812E+01    0.5581359809E+03
 10    ***    0.12929E-01    0.1936491673E+01    0.6093232284E+03
 10    ***    0.12929E-01    0.1968766534E+01    0.7335206676E+03
 10    ***    0.12929E-01    0.2001041396E+01    0.1472999443E+04
 10    ***    0.12929E-01    0.2033316257E+01    0.8586808977E+03
 10    ***    0.12929E-01    0.2065591118E+01    0.5354583842E+03
 10    ***    0.12929E-01    0.2097865979E+01    0.4646514992E+03
 10    ***    0.12929E-01    0.2130140840E+01    0.4330025268E+03
 10    ***    0.12929E-01    0.2162415702E+01    0.4161674398E+03
 10    ***    0.12929E-01    0.2194690563E+01    0.4020041656E+03
 10    ***    0.12929E-01    0.2226965424E+01    0.3937562995E+03
 10    ***    0.12929E-01    0.2259240285E+01    0.3927513476E+03
 10    ***    0.12929E-01    0.2291515147E+01    0.3908357779E+03
 10    ***    0.12929E-01    0.2323790008E+01    0.3886888698E+03
 10    ***    0.12929E-01    0.2356064869E+01    0.3863904437E+03
 10    ***    0.12929E-01    0.2388339730E+01    0.3770867811E+03
 10    ***    0.12929E-01    0.2420614591E+01    0.3708357173E+03
 10    ***    0.12929E-01    0.2452889453E+01    0.3885758450E+03
 10    ***    0.12929E-01    0.2485164314E+01    0.3858664785E+03
 10    ***    0.12929E-01    0.2517439175E+01    0.3945301126E+03
 10    ***    0.12929E-01    0.2549714036E+01    0.3804601956E+03
 10    ***    0.12929E-01    0.2581988897E+01    0.4038875992E+03
 10    ***    0.12929E-01    0.2614263759E+01    0.4164837726E+03
 10    ***    0.12929E-01    0.2646538620E+01    0.6058433073E+03
 10    ***    0.12929E-01    0.2678813481E+01    0.7921432819E+03
 10    ***    0.12929E-01    0.2711088342E+01    0.6156197065E+03
 10    ***    0.12929E-01    0.2743363204E+01    0.6920154867E+03
 10    ***    0.12929E-01    0.2775638065E+01    0.5247474360E+03
 10    ***    0.12929E-01    0.2807912926E+01    0.4852264387E+03
 10    ***    0.12929E-01    0.2840187787E+01    0.4958038441E+03
 10    ***    0.12929E-01    0.2872462648E+01    0.4967389425E+03
 10    ***    0.12929E-01    0.2904737510E+01    0.4947965358E+03
 10    ***    0.12929E-01    0.2937012371E+01    0.5092507973E+03
 10    ***    0.12929E-01    0.2969287232E+01    0.5483251324E+03
 10    ***    0.12929E-01    0.3001562093E+01    0.7011103877E+03
 10    ***    0.12929E-01    0.3033836955E+01    0.5422938293E+03
 10    ***    0.12929E-01    0.3066111816E+01    0.4470162150E+03
 10    ***    0.12929E-01    0.3098386677E+01    0.4218462596E+03
 10    ***    0.12929E-01    0.3130661538E+01    0.4039428322E+03
 10    ***    0.12929E-01    0.3162936399E+01    0.4047935396E+03
 10    ***    0.12929E-01    0.3195211261E+01    0.4077675673E+03
 10    ***    0.12929E-01    0.3227486122E+01    0.3988170145E+03
 10    ***    0.12929E-01    0.3259760983E+01    0.4117745371E+03
 10    ***    0.12929E-01    0.3292035844E+01    0.4092430237E+03
 10    ***    0.12929E-01    0.3324310705E+01    0.4142140152E+03
 10    ***    0.12929E-01    0.3356585567E+01    0.4081747642E+03
 10    ***    0.12929E-01    0.3388860428E+01    0.4102731152E+03
 10    ***    0.12929E-01    0.3421135289E+01    0.4058725610E+03
 10    ***    0.12929E-01    0.3453410150E+01    0.4257521753E+03
 10    ***    0.12929E-01    0.3485685012E+01    0.4986456133E+03
 10    ***    0.12929E-01    0.3517959873E+01    0.4520105998E+03
 10    ***    0.12929E-01    0.3550234734E+01    0.4557895248E+03
 10    ***    0.12929E-01    0.3582509595E+01    0.4748941529E+03
 10    ***    0.12929E-01    0.3614784456E+01    0.5802500891E+03
 10    ***    0.12929E-01    0.3647059318E+01    0.6228438864E+03
 10    ***    0.12929E-01    0.3679334179E+01    0.5153355727E+03
 10    ***    0.12929E-01    0.3711609040E+01    0.4970193423E+03
 10    ***    0.12929E-01    0.3743883901E+01    0.4789056293E+03
 10    ***    0.12929E-01    0.3776158763E+01    0.4341386187E+03
 10    ***    0.12929E-01    0.3808433624E+01    0.4327757467E+03
 10    ***    0.12929E-01    0.3840708485E+01    0.4215508101E+03
 10    ***    0.12929E-01    0.3872983346E+01    0.4201541331E+03
 10    ***    0.12929E-01    0.3905258207E+01    0.4232438440E+03
 10    ***    0.12929E-01    0.3937533069E+01    0.4354961293E+03
 10    ***    0.12929E-01    0.3969807930E+01    0.4497518611E+03
 10    ***    0.12929E-01    0.4002082791E+01    0.4955139019E+03
 10    ***    0.12929E-01    0.4034357652E+01    0.4539891556E+03
 10    ***    0.12929E-01    0.4066632514E+01    0.4108779520E+03
 10    ***    0.12929E-01    0.4098907375E+01    0.4015747198E+03
 10    ***    0.12929E-01    0.4131182236E+01    0.4017644970E+03
 10    ***    0.12929E-01    0.4163457097E+01    0.4048525230E+03
 10    ***    0.12929E-01    0.4195731958E+01    0.4083726574E+03
 10    ***    0.12929E-01    0.4228006820E+01    0.4173806064E+03
 10    ***    0.12929E-01    0.4260281681E+01    0.4149269822E+03
 10    ***    0.12929E-01    0.4292556542E+01    0.4112265839E+03
 10    ***    0.12929E-01    0.4324831403E+01    0.4047890791E+03
 10    ***    0.12929E-01    0.4357106264E+01    0.4246580475E+03
 10    ***    0.12929E-01    0.4389381126E+01    0.4597945196E+03
 10    ***    0.12929E-01    0.4421655987E+01    0.4361586998E+03
 10    ***    0.12929E-01    0.4453930848E+01    0.4524547006E+03
 10    ***    0.12929E-01    0.4486205709E+01    0.4532622462E+03
 10    ***    0.12929E-01    0.4518480571E+01    0.4438649960E+03
 10    ***    0.12929E-01    0.4550755432E+01    0.4446569352E+03
 10    ***    0.12929E-01    0.4583030293E+01    0.4819486121E+03
 10    ***    0.12929E-01    0.4615305154E+01    0.5250929233E+03
 10    ***    0.12929E-01    0.4647580015E+01    0.4685379561E+03
 10    ***    0.12929E-01    0.4679854877E+01    0.4408774759E+03
 10    ***    0.12929E-01    0.4712129738E+01    0.4246232005E+03
 10    ***    0.12929E-01    0.4744404599E+01    0.4213910121E+03
 10    ***    0.12929E-01    0.4776679460E+01    0.4097431601E+03
 10    ***    0.12929E-01    0.4808954322E+01    0.4111269055E+03
 10    ***    0.12929E-01    0.4841229183E+01    0.4020881966E+03
 10    ***    0.12929E-01    0.4873504044E+01    0.3954572045E+03
 10    ***    0.12929E-01    0.4905778905E+01    0.4019369318E+03
 10    ***    0.12929E-01    0.4938053766E+01    0.4060206450E+03
 10    ***    0.12929E-01    0.4970328628E+01    0.3997192467E+03
 10    ***    0.12929E-01    0.5002603489E+01    0.4198575387E+03
 10    ***    0.12929E-01    0.5034878350E+01    0.4135547546E+03
 10    ***    0.12929E-01    0.5067153211E+01    0.4002251557E+03
 10    ***    0.12929E-01    0.5099428073E+01    0.3993461265E+03
 10    ***    0.12929E-01    0.5131702934E+01    0.3999755509E+03
 10    ***    0.12929E-01    0.5163977795E+01    0.4098633930E+03
 10    ***    0.12929E-01    0.5196252656E+01    0.4114094790E+03
 10    ***    0.12929E-01    0.5228527517E+01    0.4278274082E+03
 10    ***    0.12929E-01    0.5260802379E+01    0.4096681535E+03
 10    ***    0.12929E-01    0.5293077240E+01    0.4184200002E+03
 10    ***    0.12929E-01    0.5325352101E+01    0.4256103106E+03
 10    ***    0.12929E-01    0.5357626962E+01    0.4250142840E+03
 10    ***    0.12929E-01    0.5389901823E+01    0.4169251566E+03
 10    ***    0.12929E-01    0.5422176685E+01    0.4031676912E+03
 10    ***    0.12929E-01    0.5454451546E+01    0.4047042898E+03
 10    ***    0.12929E-01    0.5486726407E+01    0.4039512080E+03
 10    ***    0.12929E-01    0.5519001268E+01    0.3966652718E+03
 10    ***    0.12929E-01    0.5551276130E+01    0.4039087043E+03
 10    ***    0.12929E-01    0.5583550991E+01    0.4262377892E+03
 10    ***    0.12929E-01    0.5615825852E+01    0.4208221813E+03
 10    ***    0.12929E-01    0.5648100713E+01    0.4001751758E+03
 10    ***    0.12929E-01    0.5680375574E+01    0.3991486266E+03
 10    ***    0.12929E-01    0.5712650436E+01    0.3918259440E+03
 10    ***    0.12929E-01    0.5744925297E+01    0.3836331720E+03
 10    ***    0.12929E-01    0.5777200158E+01    0.3771014547E+03
 10    ***    0.12929E-01    0.5809475019E+01    0.3783486280E+03
 10    ***    0.12929E-01    0.5841749881E+01    0.3778833890E+03
 10    ***    0.12929E-01    0.5874024742E+01    0.3705484845E+03
 10    ***    0.12929E-01    0.5906299603E+01    0.3736473186E+03
 10    ***    0.12929E-01    0.5938574464E+01    0.3725936042E+03
 10    ***    0.12929E-01    0.5970849325E+01    0.3676260078E+03
 10    ***    0.12929E-01    0.6003124187E+01    0.3872844640E+03
 10    ***    0.12929E-01    0.6035399048E+01    0.3831106106E+03
 10    ***    0.12929E-01    0.6067673909E+01    0.3740757411E+03
 10    ***    0.12929E-01    0.6099948770E+01    0.3854437209E+03
 10    ***    0.12929E-01    0.6132223631E+01    0.3796148585E+03
 10    ***    0.12929E-01    0.6164498493E+01    0.3883748213E+03
 10    ***    0.12929E-01    0.6196773354E+01    0.3915913045E+03
 10    ***    0.12929E-01    0.6229048215E+01    0.3774133351E+03
 10    ***    0.12929E-01    0.6261323076E+01    0.3825377477E+03
 10    ***    0.12929E-01    0.6293597938E+01    0.3871538502E+03
 10    ***    0.12929E-01    0.6325872799E+01    0.3817764814E+03
 10    ***    0.12929E-01    0.6358147660E+01    0.3811139656E+03
 10    ***    0.12929E-01    0.6390422521E+01    0.3706642069E+03
 10    ***    0.12929E-01    0.6422697382E+01    0.3635576766E+03
 10    ***    0.12929E-01    0.6454972244E+01    0.3679541023E+03
