  5    ***    0.12929E-01    0.3227486122E-01    0.0000000000E+00
  5    ***    0.12929E-01    0.6454972244E-01    0.0000000000E+00
  5    ***    0.12929E-01    0.9682458366E-01    0.0000000000E+00
  5    ***    0.12929E-01    0.1290994449E+00    0.0000000000E+00
  5    ***    0.12929E-01    0.1613743061E+00    0.0000000000E+00
  5    ***    0.12929E-01    0.1936491673E+00    0.0000000000E+00
  5    ***    0.12929E-01    0.2259240285E+00    0.0000000000E+00
  5    ***    0.12929E-01    0.2581988897E+00    0.0000000000E+00
  5    ***    0.12929E-01    0.2904737510E+00    0.0000000000E+00
  5    ***    0.12929E-01    0.3227486122E+00    0.0000000000E+00
  5    ***    0.12929E-01    0.3550234734E+00    0.0000000000E+00
  5    ***    0.12929E-01    0.3872983346E+00    0.0000000000E+00
  5    ***    0.12929E-01    0.4195731958E+00    0.0000000000E+00
  5    ***    0.12929E-01    0.4518480571E+00    0.0000000000E+00
  5    ***    0.12929E-01    0.4841229183E+00    0.0000000000E+00
  5    ***    0.12929E-01    0.5163977795E+00    0.0000000000E+00
  5    ***    0.12929E-01    0.5486726407E+00    0.0000000000E+00
  5    ***    0.12929E-01    0.5809475019E+00    0.0000000000E+00
  5    ***    0.12929E-01    0.6132223631E+00    0.0000000000E+00
  5    ***    0.12929E-01    0.6454972244E+00    0.0000000000E+00
  5    ***    0.12929E-01    0.6777720856E+00    0.0000000000E+00
  5    ***    0.12929E-01    0.7100469468E+00    0.0000000000E+00
  5    ***    0.12929E-01    0.7423218080E+00    0.0000000000E+00
  5    ***    0.12929E-01    0.7745966692E+00    0.0000000000E+00
  5    ***    0.12929E-01    0.8068715305E+00    0.0000000000E+00
  5    ***    0.12929E-01    0.8391463917E+00    0.0000000000E+00
  5    ***    0.12929E-01    0.8714212529E+00    0.0000000000E+00
  5    ***    0.12929E-01    0.9036961141E+00    0.0000000000E+00
  5    ***    0.12929E-01    0.9359709753E+00    0.0000000000E+00
  5    ***    0.12929E-01    0.9682458366E+00    0.3452853003E-01
  5    ***    0.12929E-01    0.1000520698E+01    0.6719365151E+03
  5    ***    0.12929E-01    0.1032795559E+01    0.5065472373E+03
  5    ***    0.12929E-01    0.1065070420E+01    0.1268068233E+03
  5    ***    0.12929E-01    0.1097345281E+01    0.9714627691E+02
  5    ***    0.12929E-01    0.1129620143E+01    0.7587769577E+02
  5    ***    0.12929E-01    0.1161895004E+01    0.7216219617E+02
  5    ***    0.12929E-01    0.1194169865E+01    0.7283627861E+02
  5    ***    0.12929E-01    0.1226444726E+01    0.6823205838E+02
  5    ***    0.12929E-01    0.1258719588E+01    0.6185629206E+02
  5    ***    0.12929E-01    0.1290994449E+01    0.5613858205E+02
  5    ***    0.12929E-01    0.1323269310E+01    0.5465184258E+02
  5    ***    0.12929E-01    0.1355544171E+01    0.5225497813E+02
  5    ***    0.12929E-01    0.1387819032E+01    0.4968330496E+02
  5    ***    0.12929E-01    0.1420093894E+01    0.4746402864E+02
  5    ***    0.12929E-01    0.1452368755E+01    0.4456624528E+02
  5    ***    0.12929E-01    0.1484643616E+01    0.4548963086E+02
  5    ***    0.12929E-01    0.1516918477E+01    0.4786285428E+02
  5    ***    0.12929E-01    0.1549193338E+01    0.5080091758E+02
  5    ***    0.12929E-01    0.1581468200E+01    0.5313478018E+02
  5    ***    0.12929E-01    0.1613743061E+01    0.5957217749E+02
  5    ***    0.12929E-01    0.1646017922E+01    0.5314829624E+02
  5    ***    0.12929E-01    0.1678292783E+01    0.5466771420E+02
  5    ***    0.12929E-01    0.1710567645E+01    0.4978487881E+02
  5    ***    0.12929E-01    0.1742842506E+01    0.5974468324E+02
  5    ***    0.12929E-01    0.1775117367E+01    0.6188177809E+02
  5    ***    0.12929E-01    0.1807392228E+01    0.6195973626E+02
  5    ***    0.12929E-01    0.1839667089E+01    0.5895211768E+02
  5    ***    0.12929E-01    0.1871941951E+01    0.6775848708E+02
  5    ***    0.12929E-01    0.1904216812E+01    0.7178894554E+02
  5    ***    0.12929E-01    0.1936491673E+01    0.7443422575E+02
  5    ***    0.12929E-01    0.1968766534E+01    0.8498926574E+02
  5    ***    0.12929E-01    0.2001041396E+01    0.1425531416E+03
  5    ***    0.12929E-01    0.2033316257E+01    0.8712625416E+02
  5    ***    0.12929E-01    0.2065591118E+01    0.6966525156E+02
  5    ***    0.12929E-01    0.2097865979E+01    0.6680066077E+02
  5    ***    0.12929E-01    0.2130140840E+01    0.6240623259E+02
  5    ***    0.12929E-01    0.2162415702E+01    0.6993818660E+02
  5    ***    0.12929E-01    0.2194690563E+01    0.6614055022E+02
  5    ***    0.12929E-01    0.2226965424E+01    0.6511551494E+02
  5    ***    0.12929E-01    0.2259240285E+01    0.6077841027E+02
  5    ***    0.12929E-01    0.2291515147E+01    0.6060981436E+02
  5    ***    0.12929E-01    0.2323790008E+01    0.5873640999E+02
  5    ***    0.12929E-01    0.2356064869E+01    0.5674609127E+02
  5    ***    0.12929E-01    0.2388339730E+01    0.5694412288E+02
  5    ***    0.12929E-01    0.2420614591E+01    0.6093775732E+02
  5    ***    0.12929E-01    0.2452889453E+01    0.5512536985E+02
  5    ***    0.12929E-01    0.2485164314E+01    0.5935792827E+02
  5    ***    0.12929E-01    0.2517439175E+01    0.6269267229E+02
  5    ***    0.12929E-01    0.2549714036E+01    0.6526771883E+02
  5    ***    0.12929E-01    0.2581988897E+01    0.6003925038E+02
  5    ***    0.12929E-01    0.2614263759E+01    0.5888851519E+02
  5    ***    0.12929E-01    0.2646538620E+01    0.6325266587E+02
  5    ***    0.12929E-01    0.2678813481E+01    0.6620228304E+02
  5    ***    0.12929E-01    0.2711088342E+01    0.6919103902E+02
  5    ***    0.12929E-01    0.2743363204E+01    0.7456814034E+02
  5    ***    0.12929E-01    0.2775638065E+01    0.6813246275E+02
  5    ***    0.12929E-01    0.2807912926E+01    0.6458930777E+02
  5    ***    0.12929E-01    0.2840187787E+01    0.6472422280E+02
  5    ***    0.12929E-01    0.2872462648E+01    0.6962102604E+02
  5    ***    0.12929E-01    0.2904737510E+01    0.6929837397E+02
  5    ***    0.12929E-01    0.2937012371E+01    0.7052480873E+02
  5    ***    0.12929E-01    0.2969287232E+01    0.6831799857E+02
  5    ***    0.12929E-01    0.3001562093E+01    0.7454989594E+02
  5    ***    0.12929E-01    0.3033836955E+01    0.6754297478E+02
  5    ***    0.12929E-01    0.3066111816E+01    0.6201013419E+02
  5    ***    0.12929E-01    0.3098386677E+01    0.6284337087E+02
  5    ***    0.12929E-01    0.3130661538E+01    0.6473598448E+02
  5    ***    0.12929E-01    0.3162936399E+01    0.6308999886E+02
  5    ***    0.12929E-01    0.3195211261E+01    0.6335950206E+02
  5    ***    0.12929E-01    0.3227486122E+01    0.6449374176E+02
  5    ***    0.12929E-01    0.3259760983E+01    0.6112563339E+02
  5    ***    0.12929E-01    0.3292035844E+01    0.6032270269E+02
  5    ***    0.12929E-01    0.3324310705E+01    0.5851187855E+02
  5    ***    0.12929E-01    0.3356585567E+01    0.5839925379E+02
  5    ***    0.12929E-01    0.3388860428E+01    0.6083282678E+02
  5    ***    0.12929E-01    0.3421135289E+01    0.6085481593E+02
  5    ***    0.12929E-01    0.3453410150E+01    0.5708895281E+02
  5    ***    0.12929E-01    0.3485685012E+01    0.6144713263E+02
  5    ***    0.12929E-01    0.3517959873E+01    0.5960403959E+02
  5    ***    0.12929E-01    0.3550234734E+01    0.6036201940E+02
  5    ***    0.12929E-01    0.3582509595E+01    0.6454460302E+02
  5    ***    0.12929E-01    0.3614784456E+01    0.6610339979E+02
  5    ***    0.12929E-01    0.3647059318E+01    0.6449269530E+02
  5    ***    0.12929E-01    0.3679334179E+01    0.6069370249E+02
  5    ***    0.12929E-01    0.3711609040E+01    0.6139127405E+02
  5    ***    0.12929E-01    0.3743883901E+01    0.6066573041E+02
  5    ***    0.12929E-01    0.3776158763E+01    0.6082697004E+02
  5    ***    0.12929E-01    0.3808433624E+01    0.6233780811E+02
  5    ***    0.12929E-01    0.3840708485E+01    0.6335038275E+02
  5    ***    0.12929E-01    0.3872983346E+01    0.5976021723E+02
  5    ***    0.12929E-01    0.3905258207E+01    0.5733698810E+02
  5    ***    0.12929E-01    0.3937533069E+01    0.5878489342E+02
  5    ***    0.12929E-01    0.3969807930E+01    0.5764812907E+02
  5    ***    0.12929E-01    0.4002082791E+01    0.5865768189E+02
  5    ***    0.12929E-01    0.4034357652E+01    0.5573209818E+02
  5    ***    0.12929E-01    0.4066632514E+01    0.5759303783E+02
  5    ***    0.12929E-01    0.4098907375E+01    0.5886090797E+02
  5    ***    0.12929E-01    0.4131182236E+01    0.6050833764E+02
  5    ***    0.12929E-01    0.4163457097E+01    0.5823807586E+02
  5    ***    0.12929E-01    0.4195731958E+01    0.6128067517E+02
  5    ***    0.12929E-01    0.4228006820E+01    0.5999934026E+02
  5    ***    0.12929E-01    0.4260281681E+01    0.5605739672E+02
  5    ***    0.12929E-01    0.4292556542E+01    0.5882462790E+02
  5    ***    0.12929E-01    0.4324831403E+01    0.6086371145E+02
  5    ***    0.12929E-01    0.4357106264E+01    0.5983563208E+02
  5    ***    0.12929E-01    0.4389381126E+01    0.5767258325E+02
  5    ***    0.12929E-01    0.4421655987E+01    0.5989915795E+02
  5    ***    0.12929E-01    0.4453930848E+01    0.5996726758E+02
  5    ***    0.12929E-01    0.4486205709E+01    0.5970344332E+02
  5    ***    0.12929E-01    0.4518480571E+01    0.5753034766E+02
  5    ***    0.12929E-01    0.4550755432E+01    0.5618565963E+02
  5    ***    0.12929E-01    0.4583030293E+01    0.6113709373E+02
  5    ***    0.12929E-01    0.4615305154E+01    0.6516127264E+02
  5    ***    0.12929E-01    0.4647580015E+01    0.5909960947E+02
  5    ***    0.12929E-01    0.4679854877E+01    0.5664638329E+02
  5    ***    0.12929E-01    0.4712129738E+01    0.5477992818E+02
  5    ***    0.12929E-01    0.4744404599E+01    0.5766688756E+02
  5    ***    0.12929E-01    0.4776679460E+01    0.5497632551E+02
  5    ***    0.12929E-01    0.4808954322E+01    0.5680105950E+02
  5    ***    0.12929E-01    0.4841229183E+01    0.5663914561E+02
  5    ***    0.12929E-01    0.4873504044E+01    0.5732538974E+02
  5    ***    0.12929E-01    0.4905778905E+01    0.5628811337E+02
  5    ***    0.12929E-01    0.4938053766E+01    0.5606595535E+02
  5    ***    0.12929E-01    0.4970328628E+01    0.5573388371E+02
  5    ***    0.12929E-01    0.5002603489E+01    0.5452267203E+02
  5    ***    0.12929E-01    0.5034878350E+01    0.5711973675E+02
  5    ***    0.12929E-01    0.5067153211E+01    0.5631217146E+02
  5    ***    0.12929E-01    0.5099428073E+01    0.5539198324E+02
  5    ***    0.12929E-01    0.5131702934E+01    0.5333949891E+02
  5    ***    0.12929E-01    0.5163977795E+01    0.5296037891E+02
  5    ***    0.12929E-01    0.5196252656E+01    0.5385525621E+02
  5    ***    0.12929E-01    0.5228527517E+01    0.5547697850E+02
  5    ***    0.12929E-01    0.5260802379E+01    0.5565584698E+02
  5    ***    0.12929E-01    0.5293077240E+01    0.5542135286E+02
  5    ***    0.12929E-01    0.5325352101E+01    0.5717735663E+02
  5    ***    0.12929E-01    0.5357626962E+01    0.5951529376E+02
  5    ***    0.12929E-01    0.5389901823E+01    0.5891313785E+02
  5    ***    0.12929E-01    0.5422176685E+01    0.5975332187E+02
  5    ***    0.12929E-01    0.5454451546E+01    0.5901181928E+02
  5    ***    0.12929E-01    0.5486726407E+01    0.6012394877E+02
  5    ***    0.12929E-01    0.5519001268E+01    0.5739958027E+02
  5    ***    0.12929E-01    0.5551276130E+01    0.5960097414E+02
  5    ***    0.12929E-01    0.5583550991E+01    0.6013528823E+02
  5    ***    0.12929E-01    0.5615825852E+01    0.5810375458E+02
  5    ***    0.12929E-01    0.5648100713E+01    0.5707031761E+02
  5    ***    0.12929E-01    0.5680375574E+01    0.5597901041E+02
  5    ***    0.12929E-01    0.5712650436E+01    0.5585229377E+02
  5    ***    0.12929E-01    0.5744925297E+01    0.5682880546E+02
  5    ***    0.12929E-01    0.5777200158E+01    0.5484987565E+02
  5    ***    0.12929E-01    0.5809475019E+01    0.5380660663E+02
  5    ***    0.12929E-01    0.5841749881E+01    0.5467100148E+02
  5    ***    0.12929E-01    0.5874024742E+01    0.5550903509E+02
  5    ***    0.12929E-01    0.5906299603E+01    0.5360303600E+02
  5    ***    0.12929E-01    0.5938574464E+01    0.5524818829E+02
  5    ***    0.12929E-01    0.5970849325E+01    0.5446290779E+02
  5    ***    0.12929E-01    0.6003124187E+01    0.5310404156E+02
  5    ***    0.12929E-01    0.6035399048E+01    0.5614542636E+02
  5    ***    0.12929E-01    0.6067673909E+01    0.5518322046E+02
  5    ***    0.12929E-01    0.6099948770E+01    0.5619275555E+02
  5    ***    0.12929E-01    0.6132223631E+01    0.5627248462E+02
  5    ***    0.12929E-01    0.6164498493E+01    0.5503602996E+02
  5    ***    0.12929E-01    0.6196773354E+01    0.5345611457E+02
  5    ***    0.12929E-01    0.6229048215E+01    0.5626329799E+02
  5    ***    0.12929E-01    0.6261323076E+01    0.5664632864E+02
  5    ***    0.12929E-01    0.6293597938E+01    0.5880075520E+02
  5    ***    0.12929E-01    0.6325872799E+01    0.6260040155E+02
  5    ***    0.12929E-01    0.6358147660E+01    0.6105847775E+02
  5    ***    0.12929E-01    0.6390422521E+01    0.5698955734E+02
  5    ***    0.12929E-01    0.6422697382E+01    0.5839583282E+02
  5    ***    0.12929E-01    0.6454972244E+01    0.6022710243E+02
