  7    ***    0.12929E-01    0.3227486122E-01    0.0000000000E+00
  7    ***    0.12929E-01    0.6454972244E-01    0.0000000000E+00
  7    ***    0.12929E-01    0.9682458366E-01    0.0000000000E+00
  7    ***    0.12929E-01    0.1290994449E+00    0.0000000000E+00
  7    ***    0.12929E-01    0.1613743061E+00    0.0000000000E+00
  7    ***    0.12929E-01    0.1936491673E+00    0.0000000000E+00
  7    ***    0.12929E-01    0.2259240285E+00    0.0000000000E+00
  7    ***    0.12929E-01    0.2581988897E+00    0.0000000000E+00
  7    ***    0.12929E-01    0.2904737510E+00    0.0000000000E+00
  7    ***    0.12929E-01    0.3227486122E+00    0.0000000000E+00
  7    ***    0.12929E-01    0.3550234734E+00    0.0000000000E+00
  7    ***    0.12929E-01    0.3872983346E+00    0.0000000000E+00
  7    ***    0.12929E-01    0.4195731958E+00    0.0000000000E+00
  7    ***    0.12929E-01    0.4518480571E+00    0.0000000000E+00
  7    ***    0.12929E-01    0.4841229183E+00    0.0000000000E+00
  7    ***    0.12929E-01    0.5163977795E+00    0.0000000000E+00
  7    ***    0.12929E-01    0.5486726407E+00    0.0000000000E+00
  7    ***    0.12929E-01    0.5809475019E+00    0.0000000000E+00
  7    ***    0.12929E-01    0.6132223631E+00    0.0000000000E+00
  7    ***    0.12929E-01    0.6454972244E+00    0.0000000000E+00
  7    ***    0.12929E-01    0.6777720856E+00    0.0000000000E+00
  7    ***    0.12929E-01    0.7100469468E+00    0.0000000000E+00
  7    ***    0.12929E-01    0.7423218080E+00    0.0000000000E+00
  7    ***    0.12929E-01    0.7745966692E+00    0.0000000000E+00
  7    ***    0.12929E-01    0.8068715305E+00    0.0000000000E+00
  7    ***    0.12929E-01    0.8391463917E+00    0.0000000000E+00
  7    ***    0.12929E-01    0.8714212529E+00    0.0000000000E+00
  7    ***    0.12929E-01    0.9036961141E+00    0.0000000000E+00
  7    ***    0.12929E-01    0.9359709753E+00    0.0000000000E+00
  7    ***    0.12929E-01    0.9682458366E+00    0.0000000000E+00
  7    ***    0.12929E-01    0.1000520698E+01    0.5487704183E+03
  7    ***    0.12929E-01    0.1032795559E+01    0.3483906757E+03
  7    ***    0.12929E-01    0.1065070420E+01    0.8484084794E+02
  7    ***    0.12929E-01    0.1097345281E+01    0.7561902681E+02
  7    ***    0.12929E-01    0.1129620143E+01    0.6427460844E+02
  7    ***    0.12929E-01    0.1161895004E+01    0.7087102367E+02
  7    ***    0.12929E-01    0.1194169865E+01    0.5567370722E+02
  7    ***    0.12929E-01    0.1226444726E+01    0.5630774563E+02
  7    ***    0.12929E-01    0.1258719588E+01    0.5368110205E+02
  7    ***    0.12929E-01    0.1290994449E+01    0.4855716583E+02
  7    ***    0.12929E-01    0.1323269310E+01    0.4786123168E+02
  7    ***    0.12929E-01    0.1355544171E+01    0.4530891951E+02
  7    ***    0.12929E-01    0.1387819032E+01    0.4539323666E+02
  7    ***    0.12929E-01    0.1420093894E+01    0.4128223112E+02
  7    ***    0.12929E-01    0.1452368755E+01    0.3845469546E+02
  7    ***    0.12929E-01    0.1484643616E+01    0.3834829609E+02
  7    ***    0.12929E-01    0.1516918477E+01    0.3813694705E+02
  7    ***    0.12929E-01    0.1549193338E+01    0.4717687576E+02
  7    ***    0.12929E-01    0.1581468200E+01    0.3967256907E+02
  7    ***    0.12929E-01    0.1613743061E+01    0.3788337781E+02
  7    ***    0.12929E-01    0.1646017922E+01    0.3418837273E+02
  7    ***    0.12929E-01    0.1678292783E+01    0.3601660910E+02
  7    ***    0.12929E-01    0.1710567645E+01    0.3593203256E+02
  7    ***    0.12929E-01    0.1742842506E+01    0.6003026968E+02
  7    ***    0.12929E-01    0.1775117367E+01    0.4435078811E+02
  7    ***    0.12929E-01    0.1807392228E+01    0.4333143878E+02
  7    ***    0.12929E-01    0.1839667089E+01    0.4665690537E+02
  7    ***    0.12929E-01    0.1871941951E+01    0.5245304058E+02
  7    ***    0.12929E-01    0.1904216812E+01    0.5416818084E+02
  7    ***    0.12929E-01    0.1936491673E+01    0.6327251573E+02
  7    ***    0.12929E-01    0.1968766534E+01    0.7160446656E+02
  7    ***    0.12929E-01    0.2001041396E+01    0.1183222544E+03
  7    ***    0.12929E-01    0.2033316257E+01    0.7767372378E+02
  7    ***    0.12929E-01    0.2065591118E+01    0.5667219290E+02
  7    ***    0.12929E-01    0.2097865979E+01    0.5411958970E+02
  7    ***    0.12929E-01    0.2130140840E+01    0.7025949634E+02
  7    ***    0.12929E-01    0.2162415702E+01    0.5186392900E+02
  7    ***    0.12929E-01    0.2194690563E+01    0.5073340859E+02
  7    ***    0.12929E-01    0.2226965424E+01    0.5238683698E+02
  7    ***    0.12929E-01    0.2259240285E+01    0.5180894147E+02
  7    ***    0.12929E-01    0.2291515147E+01    0.4832892229E+02
  7    ***    0.12929E-01    0.2323790008E+01    0.4480378594E+02
  7    ***    0.12929E-01    0.2356064869E+01    0.5253122933E+02
  7    ***    0.12929E-01    0.2388339730E+01    0.4369550242E+02
  7    ***    0.12929E-01    0.2420614591E+01    0.4336876065E+02
  7    ***    0.12929E-01    0.2452889453E+01    0.4607272101E+02
  7    ***    0.12929E-01    0.2485164314E+01    0.4588322584E+02
  7    ***    0.12929E-01    0.2517439175E+01    0.4308314041E+02
  7    ***    0.12929E-01    0.2549714036E+01    0.5188978282E+02
  7    ***    0.12929E-01    0.2581988897E+01    0.4690646514E+02
  7    ***    0.12929E-01    0.2614263759E+01    0.4526089790E+02
  7    ***    0.12929E-01    0.2646538620E+01    0.5960323326E+02
  7    ***    0.12929E-01    0.2678813481E+01    0.5973268284E+02
  7    ***    0.12929E-01    0.2711088342E+01    0.6012740327E+02
  7    ***    0.12929E-01    0.2743363204E+01    0.5841532624E+02
  7    ***    0.12929E-01    0.2775638065E+01    0.5046496104E+02
  7    ***    0.12929E-01    0.2807912926E+01    0.5462712831E+02
  7    ***    0.12929E-01    0.2840187787E+01    0.5459651168E+02
  7    ***    0.12929E-01    0.2872462648E+01    0.5521111951E+02
  7    ***    0.12929E-01    0.2904737510E+01    0.6125206909E+02
  7    ***    0.12929E-01    0.2937012371E+01    0.6311891595E+02
  7    ***    0.12929E-01    0.2969287232E+01    0.5845491453E+02
  7    ***    0.12929E-01    0.3001562093E+01    0.6691871752E+02
  7    ***    0.12929E-01    0.3033836955E+01    0.6429655438E+02
  7    ***    0.12929E-01    0.3066111816E+01    0.5152241290E+02
  7    ***    0.12929E-01    0.3098386677E+01    0.4667389527E+02
  7    ***    0.12929E-01    0.3130661538E+01    0.4584190129E+02
  7    ***    0.12929E-01    0.3162936399E+01    0.4609257741E+02
  7    ***    0.12929E-01    0.3195211261E+01    0.4120901186E+02
  7    ***    0.12929E-01    0.3227486122E+01    0.4552439200E+02
  7    ***    0.12929E-01    0.3259760983E+01    0.4999713969E+02
  7    ***    0.12929E-01    0.3292035844E+01    0.4684517986E+02
  7    ***    0.12929E-01    0.3324310705E+01    0.4520559367E+02
  7    ***    0.12929E-01    0.3356585567E+01    0.4331228782E+02
  7    ***    0.12929E-01    0.3388860428E+01    0.4224474784E+02
  7    ***    0.12929E-01    0.3421135289E+01    0.4199880204E+02
  7    ***    0.12929E-01    0.3453410150E+01    0.4273302750E+02
  7    ***    0.12929E-01    0.3485685012E+01    0.4617299573E+02
  7    ***    0.12929E-01    0.3517959873E+01    0.4826340645E+02
  7    ***    0.12929E-01    0.3550234734E+01    0.4780404033E+02
  7    ***    0.12929E-01    0.3582509595E+01    0.4742673273E+02
  7    ***    0.12929E-01    0.3614784456E+01    0.5405387183E+02
  7    ***    0.12929E-01    0.3647059318E+01    0.6193942560E+02
  7    ***    0.12929E-01    0.3679334179E+01    0.5075906865E+02
  7    ***    0.12929E-01    0.3711609040E+01    0.5008446209E+02
  7    ***    0.12929E-01    0.3743883901E+01    0.5531261246E+02
  7    ***    0.12929E-01    0.3776158763E+01    0.4977546938E+02
  7    ***    0.12929E-01    0.3808433624E+01    0.5333952626E+02
  7    ***    0.12929E-01    0.3840708485E+01    0.5515007540E+02
  7    ***    0.12929E-01    0.3872983346E+01    0.5053748794E+02
  7    ***    0.12929E-01    0.3905258207E+01    0.4967007844E+02
  7    ***    0.12929E-01    0.3937533069E+01    0.4870796217E+02
  7    ***    0.12929E-01    0.3969807930E+01    0.5238471270E+02
  7    ***    0.12929E-01    0.4002082791E+01    0.5048420569E+02
  7    ***    0.12929E-01    0.4034357652E+01    0.4903148332E+02
  7    ***    0.12929E-01    0.4066632514E+01    0.4741523774E+02
  7    ***    0.12929E-01    0.4098907375E+01    0.4672638152E+02
  7    ***    0.12929E-01    0.4131182236E+01    0.4397919180E+02
  7    ***    0.12929E-01    0.4163457097E+01    0.4423145002E+02
  7    ***    0.12929E-01    0.4195731958E+01    0.4451914022E+02
  7    ***    0.12929E-01    0.4228006820E+01    0.4797137313E+02
  7    ***    0.12929E-01    0.4260281681E+01    0.4793964741E+02
  7    ***    0.12929E-01    0.4292556542E+01    0.4870021142E+02
  7    ***    0.12929E-01    0.4324831403E+01    0.5077698379E+02
  7    ***    0.12929E-01    0.4357106264E+01    0.5006624018E+02
  7    ***    0.12929E-01    0.4389381126E+01    0.5527457046E+02
  7    ***    0.12929E-01    0.4421655987E+01    0.5648892808E+02
  7    ***    0.12929E-01    0.4453930848E+01    0.5467059107E+02
  7    ***    0.12929E-01    0.4486205709E+01    0.5562907677E+02
  7    ***    0.12929E-01    0.4518480571E+01    0.5303978238E+02
  7    ***    0.12929E-01    0.4550755432E+01    0.5567092649E+02
  7    ***    0.12929E-01    0.4583030293E+01    0.5933746186E+02
  7    ***    0.12929E-01    0.4615305154E+01    0.5759152849E+02
  7    ***    0.12929E-01    0.4647580015E+01    0.5381854901E+02
  7    ***    0.12929E-01    0.4679854877E+01    0.5409461739E+02
  7    ***    0.12929E-01    0.4712129738E+01    0.5260273231E+02
  7    ***    0.12929E-01    0.4744404599E+01    0.5372462505E+02
  7    ***    0.12929E-01    0.4776679460E+01    0.5278721670E+02
  7    ***    0.12929E-01    0.4808954322E+01    0.5474329862E+02
  7    ***    0.12929E-01    0.4841229183E+01    0.5358677736E+02
  7    ***    0.12929E-01    0.4873504044E+01    0.5469261800E+02
  7    ***    0.12929E-01    0.4905778905E+01    0.5486948079E+02
  7    ***    0.12929E-01    0.4938053766E+01    0.5669380855E+02
  7    ***    0.12929E-01    0.4970328628E+01    0.5420765520E+02
  7    ***    0.12929E-01    0.5002603489E+01    0.5306565745E+02
  7    ***    0.12929E-01    0.5034878350E+01    0.5254098721E+02
  7    ***    0.12929E-01    0.5067153211E+01    0.4840425556E+02
  7    ***    0.12929E-01    0.5099428073E+01    0.4684228075E+02
  7    ***    0.12929E-01    0.5131702934E+01    0.4740788957E+02
  7    ***    0.12929E-01    0.5163977795E+01    0.5114671104E+02
  7    ***    0.12929E-01    0.5196252656E+01    0.5008551520E+02
  7    ***    0.12929E-01    0.5228527517E+01    0.5180626437E+02
  7    ***    0.12929E-01    0.5260802379E+01    0.5186982022E+02
  7    ***    0.12929E-01    0.5293077240E+01    0.5205096708E+02
  7    ***    0.12929E-01    0.5325352101E+01    0.4933822586E+02
  7    ***    0.12929E-01    0.5357626962E+01    0.4812922412E+02
  7    ***    0.12929E-01    0.5389901823E+01    0.5395170953E+02
  7    ***    0.12929E-01    0.5422176685E+01    0.5594652567E+02
  7    ***    0.12929E-01    0.5454451546E+01    0.5482864176E+02
  7    ***    0.12929E-01    0.5486726407E+01    0.5344150689E+02
  7    ***    0.12929E-01    0.5519001268E+01    0.5363586924E+02
  7    ***    0.12929E-01    0.5551276130E+01    0.5328154848E+02
  7    ***    0.12929E-01    0.5583550991E+01    0.5453155801E+02
  7    ***    0.12929E-01    0.5615825852E+01    0.5356559127E+02
  7    ***    0.12929E-01    0.5648100713E+01    0.5409918212E+02
  7    ***    0.12929E-01    0.5680375574E+01    0.5225868427E+02
  7    ***    0.12929E-01    0.5712650436E+01    0.5496355093E+02
  7    ***    0.12929E-01    0.5744925297E+01    0.5241586480E+02
  7    ***    0.12929E-01    0.5777200158E+01    0.5389690756E+02
  7    ***    0.12929E-01    0.5809475019E+01    0.5150271692E+02
  7    ***    0.12929E-01    0.5841749881E+01    0.5012825208E+02
  7    ***    0.12929E-01    0.5874024742E+01    0.5234943680E+02
  7    ***    0.12929E-01    0.5906299603E+01    0.5499836701E+02
  7    ***    0.12929E-01    0.5938574464E+01    0.5419351575E+02
  7    ***    0.12929E-01    0.5970849325E+01    0.5390530478E+02
  7    ***    0.12929E-01    0.6003124187E+01    0.5218154348E+02
  7    ***    0.12929E-01    0.6035399048E+01    0.5026326447E+02
  7    ***    0.12929E-01    0.6067673909E+01    0.5151629057E+02
  7    ***    0.12929E-01    0.6099948770E+01    0.5082691208E+02
  7    ***    0.12929E-01    0.6132223631E+01    0.5112308732E+02
  7    ***    0.12929E-01    0.6164498493E+01    0.5722292749E+02
  7    ***    0.12929E-01    0.6196773354E+01    0.5637625456E+02
  7    ***    0.12929E-01    0.6229048215E+01    0.5570770255E+02
  7    ***    0.12929E-01    0.6261323076E+01    0.5315627048E+02
  7    ***    0.12929E-01    0.6293597938E+01    0.5402987098E+02
  7    ***    0.12929E-01    0.6325872799E+01    0.5382644598E+02
  7    ***    0.12929E-01    0.6358147660E+01    0.5248468352E+02
  7    ***    0.12929E-01    0.6390422521E+01    0.5434895523E+02
  7    ***    0.12929E-01    0.6422697382E+01    0.5613799746E+02
  7    ***    0.12929E-01    0.6454972244E+01    0.5517243717E+02
