  0.17813820500754715        3.5217053460825984     
   9.3132486474153584       -5.4514536193725194     
   4.4040358491579470       -3.4239705425983233     
  -2.4030942195250011        5.9183387233913418     
   5.3645309100924425       -8.9912701880150383     
  -4.3041735595368404        8.5856143055008225     
 -0.78924123570642368       -8.3924390005939369     
   5.4404974847571292        2.4431307873771893     
  -10.196046153937200        5.1578928883475825     
   1.0075543402503366       -2.4736596852023860     
  0.24527416655355647       -1.8229804382436738     
   4.2892906568559770       -4.4179377736713787     
  0.79744033996502539       -9.5389434591569859     
   1.4172958857048650        3.7546065521296925     
  -1.6110915722748840       -11.410403940576169     
   10.867696918577531       -5.9551378839350813     
  -4.7057457523259201      -0.67657011283491442     
   9.4710184179883079        1.5671811755493823     
  -2.7215033510402127        8.4046849522878304     
  0.16574732689349223       -3.0109973393920906     
  -2.8497948089603189        2.6390493816285141     
   2.6187455213701418       -4.9967226021278517     
  -3.6942102919805007       -8.6018378910583362     
  -3.3706729204517116       -9.5468588568449668     
  -9.4032930732950462        2.3051453107237316     
   3.5881526056677084       -5.2308439058791052     
   3.1469685095511335       -10.210960821695153     
  -5.9991058204184116        2.4569374279188665     
   4.9544177350247898        6.8566587548748821     
  -9.1776413907070040        3.2796500924595287     
  -8.0806636877825646       -9.3986838761036395     
   12.269630968860776        1.8191616851688919     
  -12.035589132397320        2.4930999326303547     
 -0.48457685861861960        5.0548949986458140     
   6.6122771919349201       -3.8297386539169640     
   6.3604864478549645        2.8444158478525861     
  -3.6574740868669511       0.75078392303697639     
  -5.0526398023385131        9.2476991429365523     
   8.6713404866335893        2.1652454534583248     
   8.2249480456129493       0.38323977992380021     
  -8.4593903354292852       -6.6668302952150116     
  -10.435428569589458        3.9158774941469350     
   4.4066036288031629        1.7290983650849943     
   8.8908777051374717       -3.7940044858044093     
  -1.1632276584910408        5.9237610944149370     
   9.0169941688672814        8.5245149966367322     
 -0.73977123008949985        12.369550792579718     
  -12.344146268851620       0.70749834586627802     
  0.15279052941251034       -8.7265242139194008     
  -6.7422227104570212       -7.6373241410083548     
   2.0839916339684175        2.7692099660252887     
  -4.9342925229797068        5.1401965135135139     
   2.5073803817597744        12.038381089906473     
  -7.0068760276633499       -10.236276689308541     
   4.5583146343254528       -5.4765247250223341     
 -0.48620702601267163       -9.4964597288102457     
   2.9412416678292450E-002   7.4604158060934429     
  -3.7085818601263449      -0.64084722865287624     
   11.610064789959971        4.3683948947925373     
   1.8858533624542100        5.0263627258679371     
  -11.761491166710915       -2.3449795937791271     
  -5.9125659691430421        4.9409955829688661     
  -11.132961150425984        4.6336425142691002     
   4.8803915236166473        3.2709342557812122     
   8.5254335902957692        5.1865195729714362     
 -0.17356162854463067        10.522748236069980     
   11.327045831010167       -5.0684498866247445     
  -6.9430872880369385        9.9734016609395244     
  -10.216177747220890       -5.9195067676294446     
  -11.908201024132966        3.4864460258991801     
   1.1390156388154495       -10.778104204441391     
   8.6172513722118822      -0.53666751641403188     
  -5.2469108934295638        10.230725030627513     
  -6.7381323858670612        3.1317062491773204     
   4.4297859213010664       -8.6261893256971245     
   10.048701846750539        7.2798198567381336     
   2.8958391723728076        3.3561898326182988     
  -1.2167880908573985       -12.345630106888885     
  -9.0411177260823390       -1.2419409528723202     
 -0.74770182031607213        1.6729245091512428     
  0.24933309203515749       -5.2237809796393435     
   10.168861137417178       0.58670101323061452     
  0.96077718955528424        4.6426048151811514     
  0.71102614998719238        2.6730142070572449     
   6.5819397857568305      -0.34337184908363999     
  -10.148152875124911        6.4762349413092473     
   5.6013377640646871        8.5564021518290065     
   5.7237085191986168      -0.85546225426680367     
  -10.920986739368788       -1.7265413648277246     
   7.7985219619878299        4.5011793729910927     
  -6.7510182166426587        5.4846486940719874     
   10.582165811013251        5.5695539123311217     
   6.0316006811864620       -9.7341225483815457     
  0.12183009871917706       -4.2267947207465681     
   6.5397332786274021        5.7182608227482721     
   9.2244010444767479       0.26339296712187910     
  -3.6157733133987229        1.7470055563766107     
  -7.8471103700900215        8.4554014755102553     
  -8.5862848193065293       -7.6983670111763605     
  -1.6560939770671819       -3.3893178933483581     
 -0.66907416451784352       -3.5686557479036818     
   5.8856889905555967        6.4725321724489779     
  -2.9664381022295636        3.0201965068421467E-002
  -8.7372420451237112        7.7416164387199560     
  -6.3192309806463953       -4.9470808437655123     
   7.6606077095314387       -6.4194760531004196     
   3.3648470946498454      -0.17392457884409973     
  -11.568932333665680       -4.4679681708050607     
   7.3467851434060982        2.9982225644397325     
  -8.8112993173916099        8.7380708686659680     
   3.5884256286892997        7.3400605428709298     
  -5.1316837847738528       -5.9610281521076205     
   2.0016675711623013       -7.3773742554458002     
  -2.3722875144068860       -9.5306166765233638     
  -6.4411595882452968        1.5611712425981499     
   8.3129232317495472       -5.4311654353994037     
  -2.7023410865196955        1.3465557148573186     
  -2.7811793761672057       -8.1982549214930636     
  -4.9213324171561759       -8.9286337864916785     
 -0.57492721843510086       -11.581705643034411     
   4.0009558316738580        8.3096538668765501     
  -2.5190799577082763      -0.86297663454758522     
   10.457774264160596        1.7229084969736279     
   11.700843268689411       -4.1341466618743512     
   1.0231914136619540       -3.5237412209446597     
  -6.0371556836781224        9.5445523745530121     
  -8.0891285766977585       -4.0414230811302199     
   1.2782569608428305        5.9967258887756110     
   9.5898431745553765        2.5653516298974322     
  -9.9229366351984698       -1.7171957880963367     
   4.3137445189162866       -11.636032801042569     
   2.6318382461007204       -9.3567197401782618     
   2.7332717039424503       -5.9905605390569479     
   7.5430257786492705        5.4764921070192321     
  -2.1698346674868509       -4.8800310087047478     
  -2.0399426831572272       -5.9746911347147638     
   10.558321712841613        2.8095362776538524     
  -4.4069127995586959       -2.7865403928037127     
   8.5099426668730995       -2.2872114927573310     
  0.36483845795176972       -7.7488832392428701     
  -3.7984079951045611        7.7223927622390862     
  -7.4198322925158386       -6.7999357762490478     
  -1.2768424400849152       -5.3282267582455809     
   11.343943186948412        2.1927929795892003     
   3.2212108159871580       -4.2001544884029860     
   11.364048200813144        3.3994555890182312     
  -10.937416955005826        5.8622096308662615     
   4.6187488579738929      -0.21697820353341082     
  -3.5628674442957822       -5.1998958367331136     
  -9.6324800998656031       -7.7846077144474766     
   8.1964503517256411       -9.3123142853182603     
   6.0465078318602750       -2.9993663272853941     
  -8.1020384527578546      -0.89809965034369543     
   5.4565512533519120       -6.4289883182810543     
   1.5751111815442063        1.9048508658679550     
   6.1300108322301758        3.8185838761208002     
  -1.7745121750717092       -8.2238005096294895     
   7.1821797671835323       -1.1572095966832368     
  -1.4433630332902299       -9.1696059869774462     
   10.205350447062303       -4.8722024279055356     
  -1.7552990199675784        8.1428773963190562     
   5.4923365905660866        10.785461722664982     
  -6.0502793134632453        10.834998997963158     
   6.8575685333592746       -10.342834183562537     
  -3.9346263070174481        11.769522273681082     
  -1.8024352560929884        3.5512887747820043     
  -3.8095614945749725        10.779378911513273     
  -3.0624138035385675       -1.7021680823523326     
   4.8920616674987407        7.8540927291670108     
  -7.2646534180299556       -4.6016786411065667     
   6.0214003805792524       -5.1968122156206098     
  -1.9671026385535013       0.12849464746407954     
   3.9426749277474205       -9.4994556639050725     
   5.0279385815365671        4.2628183436048710     
  -10.911004948732216       -2.8689138856250720     
  -10.137392450607637       -6.9218167070789027     
   6.1086055511840938        4.8166490399111757     
   9.0700183120982891E-003  -6.4497972188665749     
  -1.7792200361756192        5.1353047886072938     
  -10.772566444593112       -3.8556230306418837     
  -1.3180623986165199       -4.3297052943213101     
   1.3081819581570546        11.821342451961286     
  -9.9071830951338917      -0.71797125079970348     
  -3.6910044650276670        4.4526386931302238     
   1.2490769306085650        10.700085624798772     
  0.44994827444096935        11.301504210122806     
  -10.174165634771082        1.3837004650551712     
   2.8277903594599869        4.3497446350062079     
   9.0415649449750291        6.5286347364083968     
   11.388113151231403        1.1920047173955390     
   4.3127201985452759       0.73389583507732659     
   11.382383130485694        8.2547206253852756E-002
  -4.6226380123655728        1.0038770681420048     
   4.7577383869057535        11.461389226702279     
  -2.2050385303226316       -12.212333610339009     
   9.0812033031728934        7.5271642999701722     
   1.9430598629086164       -2.8212074759952190     
  -2.6685617366624559        7.3924237760600748     
  -9.2015134505862726       -5.9826166948895585     
  -8.9161258496510527      -0.24934583753355732     
