 10    ***    0.12929E-01    0.3227486122E-01    0.0000000000E+00
 10    ***    0.12929E-01    0.6454972244E-01    0.0000000000E+00
 10    ***    0.12929E-01    0.9682458366E-01    0.0000000000E+00
 10    ***    0.12929E-01    0.1290994449E+00    0.0000000000E+00
 10    ***    0.12929E-01    0.1613743061E+00    0.0000000000E+00
 10    ***    0.12929E-01    0.1936491673E+00    0.0000000000E+00
 10    ***    0.12929E-01    0.2259240285E+00    0.0000000000E+00
 10    ***    0.12929E-01    0.2581988897E+00    0.0000000000E+00
 10    ***    0.12929E-01    0.2904737510E+00    0.0000000000E+00
 10    ***    0.12929E-01    0.3227486122E+00    0.0000000000E+00
 10    ***    0.12929E-01    0.3550234734E+00    0.0000000000E+00
 10    ***    0.12929E-01    0.3872983346E+00    0.0000000000E+00
 10    ***    0.12929E-01    0.4195731958E+00    0.0000000000E+00
 10    ***    0.12929E-01    0.4518480571E+00    0.0000000000E+00
 10    ***    0.12929E-01    0.4841229183E+00    0.0000000000E+00
 10    ***    0.12929E-01    0.5163977795E+00    0.0000000000E+00
 10    ***    0.12929E-01    0.5486726407E+00    0.0000000000E+00
 10    ***    0.12929E-01    0.5809475019E+00    0.0000000000E+00
 10    ***    0.12929E-01    0.6132223631E+00    0.0000000000E+00
 10    ***    0.12929E-01    0.6454972244E+00    0.0000000000E+00
 10    ***    0.12929E-01    0.6777720856E+00    0.0000000000E+00
 10    ***    0.12929E-01    0.7100469468E+00    0.0000000000E+00
 10    ***    0.12929E-01    0.7423218080E+00    0.0000000000E+00
 10    ***    0.12929E-01    0.7745966692E+00    0.0000000000E+00
 10    ***    0.12929E-01    0.8068715305E+00    0.0000000000E+00
 10    ***    0.12929E-01    0.8391463917E+00    0.0000000000E+00
 10    ***    0.12929E-01    0.8714212529E+00    0.0000000000E+00
 10    ***    0.12929E-01    0.9036961141E+00    0.0000000000E+00
 10    ***    0.12929E-01    0.9359709753E+00    0.0000000000E+00
 10    ***    0.12929E-01    0.9682458366E+00    0.0000000000E+00
 10    ***    0.12929E-01    0.1000520698E+01    0.4995106589E+04
 10    ***    0.12929E-01    0.1032795559E+01    0.2793689663E+04
 10    ***    0.12929E-01    0.1065070420E+01    0.7833439798E+03
 10    ***    0.12929E-01    0.1097345281E+01    0.6115502558E+03
 10    ***    0.12929E-01    0.1129620143E+01    0.5115987207E+03
 10    ***    0.12929E-01    0.1161895004E+01    0.4517095246E+03
 10    ***    0.12929E-01    0.1194169865E+01    0.4184039560E+03
 10    ***    0.12929E-01    0.1226444726E+01    0.3929319094E+03
 10    ***    0.12929E-01    0.1258719588E+01    0.3585442558E+03
 10    ***    0.12929E-01    0.1290994449E+01    0.3392296954E+03
 10    ***    0.12929E-01    0.1323269310E+01    0.3343747111E+03
 10    ***    0.12929E-01    0.1355544171E+01    0.3111245199E+03
 10    ***    0.12929E-01    0.1387819032E+01    0.3091725200E+03
 10    ***    0.12929E-01    0.1420093894E+01    0.3041022891E+03
 10    ***    0.12929E-01    0.1452368755E+01    0.2944988761E+03
 10    ***    0.12929E-01    0.1484643616E+01    0.2998241270E+03
 10    ***    0.12929E-01    0.1516918477E+01    0.3031022035E+03
 10    ***    0.12929E-01    0.1549193338E+01    0.2929469545E+03
 10    ***    0.12929E-01    0.1581468200E+01    0.2979118011E+03
 10    ***    0.12929E-01    0.1613743061E+01    0.3119977047E+03
 10    ***    0.12929E-01    0.1646017922E+01    0.3194142009E+03
 10    ***    0.12929E-01    0.1678292783E+01    0.3369461574E+03
 10    ***    0.12929E-01    0.1710567645E+01    0.3699718839E+03
 10    ***    0.12929E-01    0.1742842506E+01    0.4869439192E+03
 10    ***    0.12929E-01    0.1775117367E+01    0.4676176647E+03
 10    ***    0.12929E-01    0.1807392228E+01    0.4889606912E+03
 10    ***    0.12929E-01    0.1839667089E+01    0.5023910286E+03
 10    ***    0.12929E-01    0.1871941951E+01    0.5179405608E+03
 10    ***    0.12929E-01    0.1904216812E+01    0.5524771385E+03
 10    ***    0.12929E-01    0.1936491673E+01    0.6034684664E+03
 10    ***    0.12929E-01    0.1968766534E+01    0.7146640951E+03
 10    ***    0.12929E-01    0.2001041396E+01    0.1289702636E+04
 10    ***    0.12929E-01    0.2033316257E+01    0.6751388337E+03
 10    ***    0.12929E-01    0.2065591118E+01    0.5401904240E+03
 10    ***    0.12929E-01    0.2097865979E+01    0.4917191901E+03
 10    ***    0.12929E-01    0.2130140840E+01    0.4694541115E+03
 10    ***    0.12929E-01    0.2162415702E+01    0.4407668107E+03
 10    ***    0.12929E-01    0.2194690563E+01    0.4292269702E+03
 10    ***    0.12929E-01    0.2226965424E+01    0.4155705175E+03
 10    ***    0.12929E-01    0.2259240285E+01    0.4140758199E+03
 10    ***    0.12929E-01    0.2291515147E+01    0.4048793391E+03
 10    ***    0.12929E-01    0.2323790008E+01    0.3945439910E+03
 10    ***    0.12929E-01    0.2356064869E+01    0.3881466362E+03
 10    ***    0.12929E-01    0.2388339730E+01    0.3903076848E+03
 10    ***    0.12929E-01    0.2420614591E+01    0.3832775748E+03
 10    ***    0.12929E-01    0.2452889453E+01    0.3930279673E+03
 10    ***    0.12929E-01    0.2485164314E+01    0.3959458755E+03
 10    ***    0.12929E-01    0.2517439175E+01    0.3939912447E+03
 10    ***    0.12929E-01    0.2549714036E+01    0.4039072667E+03
 10    ***    0.12929E-01    0.2581988897E+01    0.4198135036E+03
 10    ***    0.12929E-01    0.2614263759E+01    0.4254296643E+03
 10    ***    0.12929E-01    0.2646538620E+01    0.4362196793E+03
 10    ***    0.12929E-01    0.2678813481E+01    0.4602552606E+03
 10    ***    0.12929E-01    0.2711088342E+01    0.4798847468E+03
 10    ***    0.12929E-01    0.2743363204E+01    0.4992424993E+03
 10    ***    0.12929E-01    0.2775638065E+01    0.4996340890E+03
 10    ***    0.12929E-01    0.2807912926E+01    0.4911378028E+03
 10    ***    0.12929E-01    0.2840187787E+01    0.4902394235E+03
 10    ***    0.12929E-01    0.2872462648E+01    0.4891196468E+03
 10    ***    0.12929E-01    0.2904737510E+01    0.4936015401E+03
 10    ***    0.12929E-01    0.2937012371E+01    0.5167692416E+03
 10    ***    0.12929E-01    0.2969287232E+01    0.5465773850E+03
 10    ***    0.12929E-01    0.3001562093E+01    0.5785049901E+03
 10    ***    0.12929E-01    0.3033836955E+01    0.4711340371E+03
 10    ***    0.12929E-01    0.3066111816E+01    0.4493983182E+03
 10    ***    0.12929E-01    0.3098386677E+01    0.4400742502E+03
 10    ***    0.12929E-01    0.3130661538E+01    0.4294129008E+03
 10    ***    0.12929E-01    0.3162936399E+01    0.4256145974E+03
 10    ***    0.12929E-01    0.3195211261E+01    0.4391732810E+03
 10    ***    0.12929E-01    0.3227486122E+01    0.4293133410E+03
 10    ***    0.12929E-01    0.3259760983E+01    0.4227205965E+03
 10    ***    0.12929E-01    0.3292035844E+01    0.4144714596E+03
 10    ***    0.12929E-01    0.3324310705E+01    0.4115010834E+03
 10    ***    0.12929E-01    0.3356585567E+01    0.4052616905E+03
 10    ***    0.12929E-01    0.3388860428E+01    0.4112965805E+03
 10    ***    0.12929E-01    0.3421135289E+01    0.4087979948E+03
 10    ***    0.12929E-01    0.3453410150E+01    0.4165131188E+03
 10    ***    0.12929E-01    0.3485685012E+01    0.4113404660E+03
 10    ***    0.12929E-01    0.3517959873E+01    0.4148625159E+03
 10    ***    0.12929E-01    0.3550234734E+01    0.4154923653E+03
 10    ***    0.12929E-01    0.3582509595E+01    0.4272369696E+03
 10    ***    0.12929E-01    0.3614784456E+01    0.4364962058E+03
 10    ***    0.12929E-01    0.3647059318E+01    0.4414983586E+03
 10    ***    0.12929E-01    0.3679334179E+01    0.4572264904E+03
 10    ***    0.12929E-01    0.3711609040E+01    0.4697886960E+03
 10    ***    0.12929E-01    0.3743883901E+01    0.4650774762E+03
 10    ***    0.12929E-01    0.3776158763E+01    0.4644952725E+03
 10    ***    0.12929E-01    0.3808433624E+01    0.4545952798E+03
 10    ***    0.12929E-01    0.3840708485E+01    0.4497791218E+03
 10    ***    0.12929E-01    0.3872983346E+01    0.4465948968E+03
 10    ***    0.12929E-01    0.3905258207E+01    0.4547736930E+03
 10    ***    0.12929E-01    0.3937533069E+01    0.4652071478E+03
 10    ***    0.12929E-01    0.3969807930E+01    0.4564122032E+03
 10    ***    0.12929E-01    0.4002082791E+01    0.4487081729E+03
 10    ***    0.12929E-01    0.4034357652E+01    0.4175571190E+03
 10    ***    0.12929E-01    0.4066632514E+01    0.4096036979E+03
 10    ***    0.12929E-01    0.4098907375E+01    0.4106252890E+03
 10    ***    0.12929E-01    0.4131182236E+01    0.4099691527E+03
 10    ***    0.12929E-01    0.4163457097E+01    0.4143488092E+03
 10    ***    0.12929E-01    0.4195731958E+01    0.4259443464E+03
 10    ***    0.12929E-01    0.4228006820E+01    0.4153746443E+03
 10    ***    0.12929E-01    0.4260281681E+01    0.4062670168E+03
 10    ***    0.12929E-01    0.4292556542E+01    0.4056992829E+03
 10    ***    0.12929E-01    0.4324831403E+01    0.4036445941E+03
 10    ***    0.12929E-01    0.4357106264E+01    0.4068383737E+03
 10    ***    0.12929E-01    0.4389381126E+01    0.4022722820E+03
 10    ***    0.12929E-01    0.4421655987E+01    0.4028772441E+03
 10    ***    0.12929E-01    0.4453930848E+01    0.4121703274E+03
 10    ***    0.12929E-01    0.4486205709E+01    0.4104887520E+03
 10    ***    0.12929E-01    0.4518480571E+01    0.4160380948E+03
 10    ***    0.12929E-01    0.4550755432E+01    0.4101118167E+03
 10    ***    0.12929E-01    0.4583030293E+01    0.4100569183E+03
 10    ***    0.12929E-01    0.4615305154E+01    0.4173366502E+03
 10    ***    0.12929E-01    0.4647580015E+01    0.4159970830E+03
 10    ***    0.12929E-01    0.4679854877E+01    0.4177776504E+03
 10    ***    0.12929E-01    0.4712129738E+01    0.4310917824E+03
 10    ***    0.12929E-01    0.4744404599E+01    0.4198057637E+03
 10    ***    0.12929E-01    0.4776679460E+01    0.4158754271E+03
 10    ***    0.12929E-01    0.4808954322E+01    0.4180341228E+03
 10    ***    0.12929E-01    0.4841229183E+01    0.4204024060E+03
 10    ***    0.12929E-01    0.4873504044E+01    0.4237138163E+03
 10    ***    0.12929E-01    0.4905778905E+01    0.4232500373E+03
 10    ***    0.12929E-01    0.4938053766E+01    0.4118650232E+03
 10    ***    0.12929E-01    0.4970328628E+01    0.4096596393E+03
 10    ***    0.12929E-01    0.5002603489E+01    0.4079574876E+03
 10    ***    0.12929E-01    0.5034878350E+01    0.4012530498E+03
 10    ***    0.12929E-01    0.5067153211E+01    0.4048267166E+03
 10    ***    0.12929E-01    0.5099428073E+01    0.3991456418E+03
 10    ***    0.12929E-01    0.5131702934E+01    0.3979512205E+03
 10    ***    0.12929E-01    0.5163977795E+01    0.3987642566E+03
 10    ***    0.12929E-01    0.5196252656E+01    0.4036415278E+03
 10    ***    0.12929E-01    0.5228527517E+01    0.3942611873E+03
 10    ***    0.12929E-01    0.5260802379E+01    0.3858174386E+03
 10    ***    0.12929E-01    0.5293077240E+01    0.3941793883E+03
 10    ***    0.12929E-01    0.5325352101E+01    0.3952754751E+03
 10    ***    0.12929E-01    0.5357626962E+01    0.3896743857E+03
 10    ***    0.12929E-01    0.5389901823E+01    0.3905824804E+03
 10    ***    0.12929E-01    0.5422176685E+01    0.3994460310E+03
 10    ***    0.12929E-01    0.5454451546E+01    0.3980305500E+03
 10    ***    0.12929E-01    0.5486726407E+01    0.3967159022E+03
 10    ***    0.12929E-01    0.5519001268E+01    0.3945982178E+03
 10    ***    0.12929E-01    0.5551276130E+01    0.3925527439E+03
 10    ***    0.12929E-01    0.5583550991E+01    0.3837580893E+03
 10    ***    0.12929E-01    0.5615825852E+01    0.3862663867E+03
 10    ***    0.12929E-01    0.5648100713E+01    0.3871290308E+03
 10    ***    0.12929E-01    0.5680375574E+01    0.3888524354E+03
 10    ***    0.12929E-01    0.5712650436E+01    0.3883171411E+03
 10    ***    0.12929E-01    0.5744925297E+01    0.3845513391E+03
 10    ***    0.12929E-01    0.5777200158E+01    0.3856325163E+03
 10    ***    0.12929E-01    0.5809475019E+01    0.3871385915E+03
 10    ***    0.12929E-01    0.5841749881E+01    0.3856653162E+03
 10    ***    0.12929E-01    0.5874024742E+01    0.3841128701E+03
 10    ***    0.12929E-01    0.5906299603E+01    0.3885048032E+03
 10    ***    0.12929E-01    0.5938574464E+01    0.3821800225E+03
 10    ***    0.12929E-01    0.5970849325E+01    0.3731137047E+03
 10    ***    0.12929E-01    0.6003124187E+01    0.3704324008E+03
 10    ***    0.12929E-01    0.6035399048E+01    0.3711278222E+03
 10    ***    0.12929E-01    0.6067673909E+01    0.3669917758E+03
 10    ***    0.12929E-01    0.6099948770E+01    0.3683411080E+03
 10    ***    0.12929E-01    0.6132223631E+01    0.3722347724E+03
 10    ***    0.12929E-01    0.6164498493E+01    0.3682542947E+03
 10    ***    0.12929E-01    0.6196773354E+01    0.3748629980E+03
 10    ***    0.12929E-01    0.6229048215E+01    0.3752015362E+03
 10    ***    0.12929E-01    0.6261323076E+01    0.3670772638E+03
 10    ***    0.12929E-01    0.6293597938E+01    0.3680022326E+03
 10    ***    0.12929E-01    0.6325872799E+01    0.3691313566E+03
 10    ***    0.12929E-01    0.6358147660E+01    0.3747380485E+03
 10    ***    0.12929E-01    0.6390422521E+01    0.3728509555E+03
 10    ***    0.12929E-01    0.6422697382E+01    0.3722965257E+03
 10    ***    0.12929E-01    0.6454972244E+01    0.3708541527E+03
