  5    ***    0.12929E-01    0.3227486122E-01    0.0000000000E+00
  5    ***    0.12929E-01    0.6454972244E-01    0.0000000000E+00
  5    ***    0.12929E-01    0.9682458366E-01    0.0000000000E+00
  5    ***    0.12929E-01    0.1290994449E+00    0.0000000000E+00
  5    ***    0.12929E-01    0.1613743061E+00    0.0000000000E+00
  5    ***    0.12929E-01    0.1936491673E+00    0.0000000000E+00
  5    ***    0.12929E-01    0.2259240285E+00    0.0000000000E+00
  5    ***    0.12929E-01    0.2581988897E+00    0.0000000000E+00
  5    ***    0.12929E-01    0.2904737510E+00    0.0000000000E+00
  5    ***    0.12929E-01    0.3227486122E+00    0.0000000000E+00
  5    ***    0.12929E-01    0.3550234734E+00    0.0000000000E+00
  5    ***    0.12929E-01    0.3872983346E+00    0.0000000000E+00
  5    ***    0.12929E-01    0.4195731958E+00    0.0000000000E+00
  5    ***    0.12929E-01    0.4518480571E+00    0.0000000000E+00
  5    ***    0.12929E-01    0.4841229183E+00    0.0000000000E+00
  5    ***    0.12929E-01    0.5163977795E+00    0.0000000000E+00
  5    ***    0.12929E-01    0.5486726407E+00    0.0000000000E+00
  5    ***    0.12929E-01    0.5809475019E+00    0.0000000000E+00
  5    ***    0.12929E-01    0.6132223631E+00    0.0000000000E+00
  5    ***    0.12929E-01    0.6454972244E+00    0.0000000000E+00
  5    ***    0.12929E-01    0.6777720856E+00    0.0000000000E+00
  5    ***    0.12929E-01    0.7100469468E+00    0.0000000000E+00
  5    ***    0.12929E-01    0.7423218080E+00    0.0000000000E+00
  5    ***    0.12929E-01    0.7745966692E+00    0.0000000000E+00
  5    ***    0.12929E-01    0.8068715305E+00    0.0000000000E+00
  5    ***    0.12929E-01    0.8391463917E+00    0.0000000000E+00
  5    ***    0.12929E-01    0.8714212529E+00    0.0000000000E+00
  5    ***    0.12929E-01    0.9036961141E+00    0.0000000000E+00
  5    ***    0.12929E-01    0.9359709753E+00    0.0000000000E+00
  5    ***    0.12929E-01    0.9682458366E+00    0.0000000000E+00
  5    ***    0.12929E-01    0.1000520698E+01    0.6911728687E+03
  5    ***    0.12929E-01    0.1032795559E+01    0.3032816175E+03
  5    ***    0.12929E-01    0.1065070420E+01    0.9696992373E+02
  5    ***    0.12929E-01    0.1097345281E+01    0.8033191349E+02
  5    ***    0.12929E-01    0.1129620143E+01    0.6902803607E+02
  5    ***    0.12929E-01    0.1161895004E+01    0.6590718274E+02
  5    ***    0.12929E-01    0.1194169865E+01    0.5570161384E+02
  5    ***    0.12929E-01    0.1226444726E+01    0.5698680672E+02
  5    ***    0.12929E-01    0.1258719588E+01    0.5693530390E+02
  5    ***    0.12929E-01    0.1290994449E+01    0.5551969093E+02
  5    ***    0.12929E-01    0.1323269310E+01    0.5037627275E+02
  5    ***    0.12929E-01    0.1355544171E+01    0.4469531009E+02
  5    ***    0.12929E-01    0.1387819032E+01    0.4455439649E+02
  5    ***    0.12929E-01    0.1420093894E+01    0.4057975413E+02
  5    ***    0.12929E-01    0.1452368755E+01    0.3861492336E+02
  5    ***    0.12929E-01    0.1484643616E+01    0.4112423813E+02
  5    ***    0.12929E-01    0.1516918477E+01    0.4131320054E+02
  5    ***    0.12929E-01    0.1549193338E+01    0.3958568757E+02
  5    ***    0.12929E-01    0.1581468200E+01    0.3568221009E+02
  5    ***    0.12929E-01    0.1613743061E+01    0.3936496564E+02
  5    ***    0.12929E-01    0.1646017922E+01    0.3989651991E+02
  5    ***    0.12929E-01    0.1678292783E+01    0.4454113328E+02
  5    ***    0.12929E-01    0.1710567645E+01    0.5054154688E+02
  5    ***    0.12929E-01    0.1742842506E+01    0.6444733995E+02
  5    ***    0.12929E-01    0.1775117367E+01    0.6427406671E+02
  5    ***    0.12929E-01    0.1807392228E+01    0.6100538013E+02
  5    ***    0.12929E-01    0.1839667089E+01    0.6324282227E+02
  5    ***    0.12929E-01    0.1871941951E+01    0.7014996309E+02
  5    ***    0.12929E-01    0.1904216812E+01    0.7509719188E+02
  5    ***    0.12929E-01    0.1936491673E+01    0.8193242973E+02
  5    ***    0.12929E-01    0.1968766534E+01    0.9443438818E+02
  5    ***    0.12929E-01    0.2001041396E+01    0.1537493684E+03
  5    ***    0.12929E-01    0.2033316257E+01    0.8000426144E+02
  5    ***    0.12929E-01    0.2065591118E+01    0.6587961966E+02
  5    ***    0.12929E-01    0.2097865979E+01    0.6313688930E+02
  5    ***    0.12929E-01    0.2130140840E+01    0.6450561993E+02
  5    ***    0.12929E-01    0.2162415702E+01    0.6252467755E+02
  5    ***    0.12929E-01    0.2194690563E+01    0.5731275604E+02
  5    ***    0.12929E-01    0.2226965424E+01    0.5953928335E+02
  5    ***    0.12929E-01    0.2259240285E+01    0.6096893820E+02
  5    ***    0.12929E-01    0.2291515147E+01    0.5850039054E+02
  5    ***    0.12929E-01    0.2323790008E+01    0.5658525842E+02
  5    ***    0.12929E-01    0.2356064869E+01    0.5646510047E+02
  5    ***    0.12929E-01    0.2388339730E+01    0.5367354293E+02
  5    ***    0.12929E-01    0.2420614591E+01    0.5406055474E+02
  5    ***    0.12929E-01    0.2452889453E+01    0.5114544227E+02
  5    ***    0.12929E-01    0.2485164314E+01    0.5112930564E+02
  5    ***    0.12929E-01    0.2517439175E+01    0.5317705495E+02
  5    ***    0.12929E-01    0.2549714036E+01    0.5771586746E+02
  5    ***    0.12929E-01    0.2581988897E+01    0.5836081636E+02
  5    ***    0.12929E-01    0.2614263759E+01    0.5705378492E+02
  5    ***    0.12929E-01    0.2646538620E+01    0.5510393279E+02
  5    ***    0.12929E-01    0.2678813481E+01    0.5876965074E+02
  5    ***    0.12929E-01    0.2711088342E+01    0.5935888503E+02
  5    ***    0.12929E-01    0.2743363204E+01    0.6792619962E+02
  5    ***    0.12929E-01    0.2775638065E+01    0.6426062320E+02
  5    ***    0.12929E-01    0.2807912926E+01    0.6328221330E+02
  5    ***    0.12929E-01    0.2840187787E+01    0.6542268564E+02
  5    ***    0.12929E-01    0.2872462648E+01    0.7094461969E+02
  5    ***    0.12929E-01    0.2904737510E+01    0.7240536298E+02
  5    ***    0.12929E-01    0.2937012371E+01    0.7201048935E+02
  5    ***    0.12929E-01    0.2969287232E+01    0.7253708305E+02
  5    ***    0.12929E-01    0.3001562093E+01    0.7423055370E+02
  5    ***    0.12929E-01    0.3033836955E+01    0.6888294025E+02
  5    ***    0.12929E-01    0.3066111816E+01    0.7012653103E+02
  5    ***    0.12929E-01    0.3098386677E+01    0.7180271091E+02
  5    ***    0.12929E-01    0.3130661538E+01    0.6725871402E+02
  5    ***    0.12929E-01    0.3162936399E+01    0.6593160834E+02
  5    ***    0.12929E-01    0.3195211261E+01    0.5982286917E+02
  5    ***    0.12929E-01    0.3227486122E+01    0.6310149591E+02
  5    ***    0.12929E-01    0.3259760983E+01    0.6027427321E+02
  5    ***    0.12929E-01    0.3292035844E+01    0.6143663049E+02
  5    ***    0.12929E-01    0.3324310705E+01    0.5971431356E+02
  5    ***    0.12929E-01    0.3356585567E+01    0.6008214431E+02
  5    ***    0.12929E-01    0.3388860428E+01    0.6066712288E+02
  5    ***    0.12929E-01    0.3421135289E+01    0.5860522492E+02
  5    ***    0.12929E-01    0.3453410150E+01    0.5681158983E+02
  5    ***    0.12929E-01    0.3485685012E+01    0.5657684332E+02
  5    ***    0.12929E-01    0.3517959873E+01    0.5619621688E+02
  5    ***    0.12929E-01    0.3550234734E+01    0.5964574949E+02
  5    ***    0.12929E-01    0.3582509595E+01    0.6245211161E+02
  5    ***    0.12929E-01    0.3614784456E+01    0.6075008411E+02
  5    ***    0.12929E-01    0.3647059318E+01    0.6088009030E+02
  5    ***    0.12929E-01    0.3679334179E+01    0.6142960129E+02
  5    ***    0.12929E-01    0.3711609040E+01    0.6394442514E+02
  5    ***    0.12929E-01    0.3743883901E+01    0.6597475348E+02
  5    ***    0.12929E-01    0.3776158763E+01    0.6822378141E+02
  5    ***    0.12929E-01    0.3808433624E+01    0.6568398999E+02
  5    ***    0.12929E-01    0.3840708485E+01    0.6302374577E+02
  5    ***    0.12929E-01    0.3872983346E+01    0.6437158187E+02
  5    ***    0.12929E-01    0.3905258207E+01    0.6302588578E+02
  5    ***    0.12929E-01    0.3937533069E+01    0.6457787136E+02
  5    ***    0.12929E-01    0.3969807930E+01    0.6600473800E+02
  5    ***    0.12929E-01    0.4002082791E+01    0.6676517645E+02
  5    ***    0.12929E-01    0.4034357652E+01    0.6577074827E+02
  5    ***    0.12929E-01    0.4066632514E+01    0.6423214506E+02
  5    ***    0.12929E-01    0.4098907375E+01    0.6365191210E+02
  5    ***    0.12929E-01    0.4131182236E+01    0.6533366586E+02
  5    ***    0.12929E-01    0.4163457097E+01    0.6682278202E+02
  5    ***    0.12929E-01    0.4195731958E+01    0.6389991080E+02
  5    ***    0.12929E-01    0.4228006820E+01    0.6335561922E+02
  5    ***    0.12929E-01    0.4260281681E+01    0.6611163203E+02
  5    ***    0.12929E-01    0.4292556542E+01    0.6617386265E+02
  5    ***    0.12929E-01    0.4324831403E+01    0.6396145081E+02
  5    ***    0.12929E-01    0.4357106264E+01    0.6392514496E+02
  5    ***    0.12929E-01    0.4389381126E+01    0.6779836135E+02
  5    ***    0.12929E-01    0.4421655987E+01    0.6583161473E+02
  5    ***    0.12929E-01    0.4453930848E+01    0.6801969745E+02
  5    ***    0.12929E-01    0.4486205709E+01    0.6694022432E+02
  5    ***    0.12929E-01    0.4518480571E+01    0.6599305523E+02
  5    ***    0.12929E-01    0.4550755432E+01    0.6745179060E+02
  5    ***    0.12929E-01    0.4583030293E+01    0.6466437219E+02
  5    ***    0.12929E-01    0.4615305154E+01    0.6834213775E+02
  5    ***    0.12929E-01    0.4647580015E+01    0.6607713963E+02
  5    ***    0.12929E-01    0.4679854877E+01    0.6411840498E+02
  5    ***    0.12929E-01    0.4712129738E+01    0.6432878723E+02
  5    ***    0.12929E-01    0.4744404599E+01    0.6523158175E+02
  5    ***    0.12929E-01    0.4776679460E+01    0.6567326411E+02
  5    ***    0.12929E-01    0.4808954322E+01    0.6774148818E+02
  5    ***    0.12929E-01    0.4841229183E+01    0.6551009082E+02
  5    ***    0.12929E-01    0.4873504044E+01    0.6530492155E+02
  5    ***    0.12929E-01    0.4905778905E+01    0.6625888165E+02
  5    ***    0.12929E-01    0.4938053766E+01    0.6506963748E+02
  5    ***    0.12929E-01    0.4970328628E+01    0.6538230220E+02
  5    ***    0.12929E-01    0.5002603489E+01    0.6782699514E+02
  5    ***    0.12929E-01    0.5034878350E+01    0.6612002554E+02
  5    ***    0.12929E-01    0.5067153211E+01    0.6563244764E+02
  5    ***    0.12929E-01    0.5099428073E+01    0.6583658954E+02
  5    ***    0.12929E-01    0.5131702934E+01    0.6295346160E+02
  5    ***    0.12929E-01    0.5163977795E+01    0.6167109358E+02
  5    ***    0.12929E-01    0.5196252656E+01    0.6446003268E+02
  5    ***    0.12929E-01    0.5228527517E+01    0.6378338831E+02
  5    ***    0.12929E-01    0.5260802379E+01    0.6290821943E+02
  5    ***    0.12929E-01    0.5293077240E+01    0.6261690845E+02
  5    ***    0.12929E-01    0.5325352101E+01    0.6278115863E+02
  5    ***    0.12929E-01    0.5357626962E+01    0.6324500090E+02
  5    ***    0.12929E-01    0.5389901823E+01    0.6620539749E+02
  5    ***    0.12929E-01    0.5422176685E+01    0.6677096215E+02
  5    ***    0.12929E-01    0.5454451546E+01    0.6483320649E+02
  5    ***    0.12929E-01    0.5486726407E+01    0.6574873798E+02
  5    ***    0.12929E-01    0.5519001268E+01    0.6386957876E+02
  5    ***    0.12929E-01    0.5551276130E+01    0.6472065921E+02
  5    ***    0.12929E-01    0.5583550991E+01    0.6298143993E+02
  5    ***    0.12929E-01    0.5615825852E+01    0.6228379633E+02
  5    ***    0.12929E-01    0.5648100713E+01    0.6183347391E+02
  5    ***    0.12929E-01    0.5680375574E+01    0.6116192967E+02
  5    ***    0.12929E-01    0.5712650436E+01    0.6084425845E+02
  5    ***    0.12929E-01    0.5744925297E+01    0.6282558439E+02
  5    ***    0.12929E-01    0.5777200158E+01    0.6122391967E+02
  5    ***    0.12929E-01    0.5809475019E+01    0.6215395090E+02
  5    ***    0.12929E-01    0.5841749881E+01    0.6338405126E+02
  5    ***    0.12929E-01    0.5874024742E+01    0.6313023312E+02
  5    ***    0.12929E-01    0.5906299603E+01    0.6011644115E+02
  5    ***    0.12929E-01    0.5938574464E+01    0.5995535836E+02
  5    ***    0.12929E-01    0.5970849325E+01    0.6155716390E+02
  5    ***    0.12929E-01    0.6003124187E+01    0.6226312969E+02
  5    ***    0.12929E-01    0.6035399048E+01    0.6214774383E+02
  5    ***    0.12929E-01    0.6067673909E+01    0.6258227010E+02
  5    ***    0.12929E-01    0.6099948770E+01    0.6180716780E+02
  5    ***    0.12929E-01    0.6132223631E+01    0.6062635916E+02
  5    ***    0.12929E-01    0.6164498493E+01    0.6257521215E+02
  5    ***    0.12929E-01    0.6196773354E+01    0.5871130275E+02
  5    ***    0.12929E-01    0.6229048215E+01    0.5834281234E+02
  5    ***    0.12929E-01    0.6261323076E+01    0.5866771980E+02
  5    ***    0.12929E-01    0.6293597938E+01    0.6047135022E+02
  5    ***    0.12929E-01    0.6325872799E+01    0.6121449171E+02
  5    ***    0.12929E-01    0.6358147660E+01    0.6195525308E+02
  5    ***    0.12929E-01    0.6390422521E+01    0.6036251395E+02
  5    ***    0.12929E-01    0.6422697382E+01    0.6148496212E+02
  5    ***    0.12929E-01    0.6454972244E+01    0.6016583377E+02
