  0.21213299896204665        3.1050966834119920     
   5.7069778606322084       -6.7854742930890311     
   1.1273726478739010       -7.0740179790213782     
 -0.22881012465846254       -7.3382409102964665     
  -2.9133654829367908       -11.539255635015714     
  -11.083050183071174        1.1873010483306801     
  -10.168835301391438        4.3473598096214676     
   12.076482545726162       -1.0506023128295796     
   1.7504664262133889        8.3917700754461624     
   8.2970755517455128        3.4637314598970281     
 -0.88671515429558267        5.8485026543496268     
   6.2982315872549881        10.691398785296279     
  0.18353273162407274        1.1324570656721982     
   5.9111624040422104       -1.1612212306094463     
   8.9282617664422546        5.7462242963554582     
   6.2577472247281216       -10.572156056970636     
  -3.4947505579274321        2.4099753725399693     
   4.4857685468479742      -0.41805161981082567     
   4.4333096012609605        11.586804776617759     
  -12.086383171915390        2.8033916396560499     
   3.8461062998211615       -9.9664408032093608     
   12.377063003374488       0.88173837865272930     
 -0.34150194425266150        6.8943594776479342     
   8.9312830326943402        4.7531450506525008     
  -1.0924102957039685       -6.0543534744282859     
  -3.4530816190654026        3.4035726988971748     
   10.614411559639091       -3.6089105557699690     
   3.3063841038214834        8.8683991467293559     
   10.482133324765469        9.9480815716045889E-002
  -2.2106306810293224       -5.4630702760396632     
   11.057730363031917       -2.6029812257554599     
  -5.7892403229228977       0.34628071049103981     
  -8.1211895593032644        4.1488188337007852     
  -5.5323556809731276       -3.8296100288026000     
   7.7383860048462960       -8.4398134891648766     
   9.2709019531381784       -6.4727510925183109     
  -10.399916211838429      -0.62346795437215852     
  -5.4190874753049325        3.0858212112157881     
  -9.4089491999041233       -3.2696736359496441     
  -2.4462456292432271       -8.0718360666929705     
   2.3634638971410329        9.1976384220282785     
  -5.3411974753622378        8.9594283536678514     
  -2.3201062167877384       -3.9845460444463194     
   10.891560254823546        5.9477012035676253     
  -7.7715331402209555        7.2711398547627883     
  0.78662532543186592       -8.0130421314854328     
 -0.85498955406809207       -11.756756054092207     
   4.4641321883653244       -11.579033816584664     
  -8.7001873734874806      -0.29431172597833888     
   6.7541270913126503      -0.60433167764096707     
  -3.9367952165101001        10.597347176088771     
   5.2957555942476224       -1.9489745010794826     
  -8.3307728263626455        2.1012160413342085     
  -6.3375036223301864        10.557366052435309     
   8.7438524626135035       -8.5963239685166251     
   6.1218616216973638       -9.5614743974188414     
   3.7132716123319915        4.0784764213815103     
   8.2895458092662047       -6.2977904200640564     
   9.6116103916150379       -7.8500743855779147     
  0.42984866699883406       -4.6753546866496674     
   11.013823773817503        2.9953253521951178     
   2.7014751853678258        2.7874708032644158     
 -0.42518621298768039        8.5824550497271197     
  -5.1922671605546284        7.1975085675940544     
   6.5566196262567145       -4.3410574397230937     
   9.0000751880852246        1.7503005866358217     
  -1.6903713881546816       0.83530630863975375     
   9.0329740491389749        2.7876106506168514     
   7.9009167044922863        8.5058253738945684     
  -11.913776904586243       -3.4680739251294854     
   7.1373534255052826       -9.2354541656751099     
  -12.343489915536944       -1.2696168775169949     
  -3.4064447764902646        6.3477008214613457     
  -5.6407110817612836      -0.99623008562440263     
 -0.45363617636967640       -10.012494560938766     
   10.656110779992964        4.2991386002531202     
  0.64136555144367202       -11.734021269330203     
  -6.3599161784454337       -5.4387477285756693     
   6.9322122916971436       0.38446241609990262     
  -6.1202861090696068        9.5836096163959219     
  -8.3501564059766711       -3.7932227169779127     
  -10.214157657842797        2.7060296568427535     
   10.222321912676099      -0.93295293412791280     
   6.8055236104198933       -1.6047252854527585     
   11.704045127664195        4.1229437013548864     
   3.4874196311564716        9.6628341362587092E-002
  -7.5689847874675422        2.8347992551499273     
   4.9060803755817863       -7.5854253443772013     
   4.7740638969913451        2.7477823705792206     
   6.5967043089485413       -6.3335093723971241     
   3.3441892278700984       -5.1497345937200576     
  -2.5142167123516721        11.254280793590066     
   2.7226272584362330        10.367510886558236     
  -2.5864911549557128        2.8156622467468839     
   5.2614265484116647        10.985390063718311     
  -8.1620221159171198       -7.6311196052304373     
   6.7745971762745381       -7.3150156271010376     
  -4.0844534167154558       -10.817440145827348     
   4.3693683886002166        5.9501772614689479     
  -7.5008159661469938       -8.7729507270081353     
  -4.1638211962153076        7.6036422422306913     
  -4.9212845084343426       -2.2305788299213796     
   2.1298379466262181        5.2550970406242410     
  -2.5285616821505323        10.255837136726338     
   8.6261494955837552      -0.62958015858599270     
   5.8794439738906448        2.8980754574170735     
   9.9470124556971644        2.0679835592752656     
  -5.2468763021858980       -4.9066473185612862     
   8.0094071036890426        1.8717452604686071     
  -9.0861229238355641        1.4410413445986925     
   11.985199365267071       -4.6879958129745450E-002
   3.6253135820149551        9.9425680216758661     
  -6.1900021726744763        7.2273999559278383     
   8.0202231158245514        7.4452995971577707     
   1.3747041939504934        9.3163263598729618     
   3.4165850535720375       -11.928136886283058     
   7.4468490929396172       -4.7874837137049067     
   3.9384647970362336        5.0485427028911722     
   11.391950275782181       0.75368321555888629     
   7.2980987917852058        3.6653999478022419     
   10.177305647629783       -6.8955161285433464     
   9.5167321769794100       0.79124448914507262     
   1.0797553293869087       -2.9488959138780966     
   6.7175084310143029       -8.3277605962489289     
   2.1566817947437156       -6.3437628890479996     
  -3.8992628869030463      -0.25115679401780494     
 -0.80613439062525516       -2.0297750799598426     
   7.1608054210583001        1.3549081446435436     
   11.475660642740097       -4.1104112403113664     
  -9.6210951992796208       -4.3370473813997092     
  0.90335175740713414       -10.050699157492513     
  -6.2497720306713287       -8.4866627348950967     
   7.7103808403870726        5.6179736646069962     
   7.6750663832046202       -2.7790261620918719     
   1.6092960103415512       -2.0889879411456733     
   10.974593858237032       -1.6067069539373220     
  -1.6838483917061038        3.2398641746288783     
  -11.196692626410165       -4.1586142064317118     
  0.40992918656950716        7.5507134000533149     
  0.24934655856608384        11.991828649210618     
  -4.0913287850783355        5.2237054111908003     
  -3.6653785198820601       -2.5428430252363308     
 -0.90181657097604984       -3.0233382232531336     
   4.8793226476751483       -4.1022641753840325     
  -5.1929809660639918        9.9486286702898248     
  -4.2664389856727452       -7.5066050888335702     
   8.8779165915513989        8.6710433299415026     
   5.4344318561015772       -11.156698917998328     
  -5.2171804973706317       -7.8114068112409747     
  0.53751886246617131        6.2791986203830881     
  -1.2393406693202731       -7.3869608876593684     
  -8.4878960368072764        3.2207708912287667     
  -2.1934311630443926       -10.741665839933843     
  -2.5965991871292382        1.2510395613950398     
   9.9067957219731237        4.9606696365645639     
   4.9401553520278005        4.6504383291567546     
   2.4948999276709567       -1.1494917377333340E-002
  -1.0918152917279880       -10.780208900583451     
 -0.49969578721381375       -1.0782532942506573     
  -10.346721197686987       -1.6211740292823542     
  -10.960354363284894        5.5906813004157785     
   5.3668234633568668       -5.8243511210963756     
  -5.9730139434207299       -2.0229697479322906     
   3.6129965774007951       -8.9962723493009893     
   2.9845174054914834        4.7592717722822044     
  -10.838875095593373        3.5692590887507740     
  -7.1823056589464462       -7.8263046511602363     
   6.6056346619141310E-002  -9.1242268251708314     
   4.5922533147811588        1.6177038465060904     
   3.5268601679757294       -2.6963188481798737     
  -6.7064451820984337       0.80082876976370965     
   5.5612045122725862       -4.8482087567762733     
  -3.5327041026657464        4.3932277776579838     
   8.3854231063901885       -4.4433664174508083     
  -5.0810709847430582        5.3821323872970730     
   3.4314565202863352        2.1085579371061622     
  -7.4238510298143687        4.8639177965120455     
   2.6218337982395656       -1.1208852837277044     
   10.398456593958455       -5.9288505952621637     
  -7.9966800442351946        9.4897950659661756     
  -8.4531991027773419       -9.0811286123643491     
  -1.9438195912337608        12.073857890230588     
   12.241880137740150       -2.0334752190080199     
  -3.0479074966669626       -7.2775427366813199     
 -0.45140745718059633       -5.2756278173977860     
  -5.9604158817764930        4.8346056907685542     
  -7.5653193923935333      -0.98657827367663076     
  -1.6920200542874122      -0.16583461436415622     
   2.9773118305023525        7.8883060955752899     
   9.9007121241118785        5.9628394166018399     
 -0.47308383097527890        3.9741695946700459     
   2.8515598938661841       -10.027976769304008     
  -7.3488699135992839        3.4646087976885648E-002
  -4.0162244268990008       -4.7743888153571188     
   4.3743087567663492       -5.2340520666762131     
   4.6162440918278849       -10.595606709201768     
   9.7112706312989836       -2.1186386693023356     
   1.7042791927402441       0.64067907301498039     
 -0.69309671405495266       0.63841802185661389     
  -12.371541969285587       0.62551168081078334     
