   2.7499267854208140       0.65749023854049182     
  0.29072444472760084       -7.9192403573567960     
  -10.041715946550886        4.9393108325234572     
  0.38687158818242146        10.747610076251199     
  0.91565784392099359        9.0768197226303435     
   7.8708508478870627        4.1419749516060937     
  -11.134923633837925       -4.1271057859626312     
   4.3552603216529588       0.67843825225679466     
   2.5238192889974163        9.4366196565830816     
  -1.2823551478227746       -12.342321862885353     
  -6.5068997309157961       -4.5144698600456525     
  -6.5163675707683284        4.2423980362954588     
  -6.0137665304324468       -10.855085006888977     
   7.2324639434768097        1.3126145882430380     
  -8.9749538796542634        3.4841501946499487     
   10.833293483479244       -1.9546560197169398     
  -5.2595295717608170       -1.9994586012217579     
   7.0853153082296512        6.9090420942169475     
  -4.6377110829008066        4.9106600699590821     
   5.1973020131271834        1.2253431030570938     
 -0.96823444348270882        11.457264913566844     
  -1.3718187185273605        10.536271437530891     
  0.66133494431149098       -8.8478807227512970     
   3.6768488626557088       -1.1230285180005199     
   5.5135225102275536        9.7488729371266825     
   5.0523944397289933       -8.9068779995233829     
   2.9476368513609916        6.7659131973407947     
  -3.0090801377119729       -2.8036375974974326     
   1.1274467243376296        10.075682152787101     
 -0.14293240723342607       -5.0376069823792262     
   1.6934325798745511       -8.7529157073936990     
  -3.5260496162093489       -10.194488393850836     
  -6.0739187667683421        2.2097810104182600     
   9.2326799039924818        2.7492549424037613     
  -2.3464716100314411        11.706535765736398     
   7.9368891681607439       -9.4334352646413233     
   3.2286002980580397        8.7163013260590034     
   8.9873613114306625       -6.5080371303236024     
   2.0968668366313885       -3.2476585973314549     
  -5.1415307357737108       -5.4290011094074755     
  -6.8502298063830107        5.3398631640133400     
   7.4699683430623978       -1.7369397582655799     
   5.6263247561546779        3.5079065398253948     
   2.0505029984211052       -12.237862491733379     
   9.5249695031160986       -4.6122378817492828     
   10.656256226285548        4.5739869276100862     
   6.1088191553201634       -8.7774662657413458     
   8.1427365535544354        1.7345127902361961     
   5.9653205833309428       -2.8192753123543119     
   2.2991019973200286       -11.232689322447158     
   8.4393731656486928        8.3137865499819856     
  -2.3567761664835540        10.707184593039168     
   3.4406792425949555        4.2907854235856249     
   1.0481263998191008        1.6740875896517993     
  -5.7425477024149840       -3.5210272036890946     
   7.4037570489689486       -3.9005843053931573     
  -2.3956685184763788        7.9987550951126529     
  -9.4647151514589289      -0.57360030460802724     
  -5.5126801870056612        4.0265470090633499     
   3.1290158616624728       -10.288020012015153     
  -10.732249243363208       0.29849084539330284     
 -0.29927486250150320        1.9991134811139617     
  -1.9522370623468104       -9.4131114631320738     
 -0.48326079801107863       -2.3196009566686002     
   6.6379231380192234        10.484427595077630     
  -9.1026405317705592       -3.5575198366842025     
  -7.3988731182318777      -0.12718256398950478     
  -2.9214907396433900       -7.3362035890833210     
   4.1991013921682203       -3.2291498292237155     
   7.0311033672648477        4.6949304271503651     
   11.709196224162694       -3.8151496326162526     
   10.992333775703976        5.5169014234028433     
  -8.4706551937050047        4.3468232244554414     
   5.6718080889750828        10.744997238691168     
  -4.4329249982594341        10.254610601738429     
   11.490579598607004       -3.5990271420107724E-002
  -6.4752644277769873       -7.2501025744058971     
   10.495818028346781       -6.0381092055325203     
  -10.267502810226127       -1.4069505352893172     
  -4.7508642657398248        8.5500684596881911     
   2.0487401743534446       -10.263420065800689     
   6.9145199152242851       -9.3749922194419515     
   11.516984613260551       -2.8315471259785001     
  -4.5100099240918441        3.4313642418204907E-002
  -3.4671959951329767       -1.6656211208666656     
  -1.2867398215471664        6.2314216165013017     
  -7.9695478791679069        3.4139146158952678     
  -8.7935528059672201       -2.6009276359053808     
   2.1450355654964035      -0.14344802868105294     
   5.0443156449604727        6.2028746453157257     
   6.1586859936654124       -5.8960764627817817     
   10.570734854980012       0.83815331236932855     
  -2.5084468340034545       -10.318093471292153     
  -7.1941424265210294       -2.4643994462287466     
   5.7878973490965784       -9.7252190333876598     
  0.88056870032545942       -3.4316110764050216     
  -1.0558712969927324       -1.4989585442495965     
   11.633030821784466       -1.3276113745751557     
  0.90783140178723032        11.918765106208269     
  -11.417169321469062        4.8626016894977093     
 -0.94779741054333122        2.7626293006135030     
  -2.4022604824107763       -5.5410373520085248     
  -2.2410028682635574        5.2072271588292240     
   2.2394585944347245        6.0540383982910813     
  -9.9876825281871895       -7.2269018439113371     
   6.2317108644532162        1.4763767707054283     
   8.8021654708572790       0.98272813140983872     
   1.3311094794239069        7.9854189395032744     
   3.3745506297815351       -6.7072538279265332     
   11.630546916153534        4.3221582406698635     
   2.4103610480717084       -2.2570202628226159     
   5.3195518095200125       -4.6482799465234681     
  -6.1777080439117249       -2.6083724374385038     
   9.4787075513182106       -5.6372972290333170     
  -1.4929330427589611       -5.1205287362937666     
  -4.3732359338603013        2.3189059664553415     
  -1.1227444248710650        4.4569694206238593     
   7.9207997017138965        7.4595845103015836     
  -9.9274040286476488        3.9456790513443263     
  -11.087412299376050        2.1229114255237254     
   1.8578030215906745        4.2441134817155062     
   4.2291462045015269        3.6718836614231782     
  -1.4704429824499485        7.5841545688408472     
   3.5268840681301876       -4.6493410223350171     
   7.2048374420716241        8.1572479196475420     
   6.4134486345130606       -3.7506356514355406     
 -0.70805205831754203      -0.56174888592701211     
  -9.9424917056450575        6.1806841792316618     
  -6.9412565788966996        1.4840377797437232     
  -9.5291446572892031        7.9485927587905145     
  -9.0230301146630492        2.4820393689109097     
   3.2215551457487810      -0.23196419252430092     
  -7.3509551892658660        9.9937946461683946     
  0.92951938570804216        2.8898541810825331     
   10.238434800094998       -7.0123693644646439     
   8.6561088204298322       -7.4519383960249179     
  -2.0511532706315174        3.8685274058410584     
   4.8895029617121013        11.370208078559244     
   5.5206926765938125        7.0823952715143355     
  -4.6026144562366769       -3.3143397881782057     
  -5.5075747241236517       0.29920103164929168     
   8.7643827345348502        4.5903486765862525     
  -6.1800213834946600       -1.6074007531527179     
   5.5209148125402905       -7.9683706933405478     
   2.5794216110782657       -4.9685620208669015     
  -3.7682781846599807        3.1181082080942004     
  -8.1012327972760314       -4.3206571633251523     
   4.4242501445687816       -9.6887661410790287     
   8.3952738604368893       -1.2556529309464073     
   4.2243519182440368        4.9121021229152859     
  -2.7354749935961955        6.0774880489152494     
  -7.7404540143013518       -5.2546342428434807     
   4.3681084388106486       -5.2041223506127938     
  -11.370048749979309        1.1612817493354943     
   1.2354624042003721      -0.65886945071037573     
  -3.3363923843564045        11.533269275536886     
   9.7380467823168146       -3.6291426338330881     
  -6.5297456443845938      -0.67004979508881390     
  0.61670896991736035       -10.452951004212750     
  -10.053330804667265       -6.2284186419299239     
  -9.0787668880737851       -5.9772164569627844     
   10.195854751750742       -2.7401699191118252     
  0.27454756886974452      -0.38136257104807031     
   2.3946399972103616       -7.6780003314421776     
 -0.33521832812057423       -8.7002401875258091     
  -3.7781516325032030        1.4320120206264337     
  -4.1426075187197808       -8.8250635767534860     
  -5.9070220956720068       -6.4261317649800045     
  -8.9573855294155500        5.9995310853392132     
  -2.8962864608796273        9.2018484992718061     
  -1.6947661674962624      -0.72635750252902764     
   3.9438402339868266        9.4145153281730192     
   2.2791242584221529        8.4004743588724775     
  -6.6957735842821187        3.2471685672493504     
  -5.2615574558188145      -0.67168122488791593     
  -3.7442840457829578       -7.9061751617091769     
   4.7385746754647720        10.382284685186727     
  -2.7685248370408506        3.1602767889471868     
   2.1792744715692103        7.4055189105075474     
  0.93398140656018580       -1.6136296369373153     
  -8.3738876543269232       -7.9493005360463567     
   4.4227033398720010       -4.2055318170912575     
 -0.58610560510895948        8.5585572600734494     
   6.1232135188596798E-003  -6.3486894901721209     
  -4.9125444828233800       -10.153535258727132     
  -4.1294262201352883       -4.3190977250617282     
   1.7624910628851103       0.82898993432594426     
   5.0543312619314422       -10.465812852638162     
  -3.8738532827256424        9.4234449815554271     
   3.7236587524410756        10.453169659586022     
   8.1797628564196607        6.4094786252154616     
  -7.4947894818276959        4.5735477594451615     
  -7.2060545497110677       -3.7995262255376026     
  -6.1900075570239599       -9.3573432296390529     
  -2.8159744349796778       -4.6307109366857375     
   7.7193382837461257       -7.0963122868770556     
   6.7768630089024509       -4.6824714286279301     
   5.3867809331749585        2.4956699952716241     
   9.5432507374959421      -0.55622180784316588     
  -1.5195769743057082       -10.472350682200016     
