  0.78058553963835153       -3.9313647337063236     
  -9.6644516668202236        6.9160188329213268     
   9.6100928564262329        6.1594206513863066     
   2.2919462199067078      -0.55965880184327699     
   9.3544073871820252       -4.0872055456610612     
   6.4126606670285193       -1.5836773081298050     
   9.4526041827451852       -9.4999141053418001E-002
   5.3556456918454565       -3.1017873685811028     
  -5.1431341997999223        4.0013523159334534     
  -7.2963851971352796        1.2000623400925963     
   4.2846208774977077       -5.0134677397639997     
  -6.6561804393521031       -3.3371256516996541     
   6.4984532509591046       0.32395492613598131     
  -5.5716929053432889       -6.4563565583237583     
  -5.6521788457847837       0.78882329032925380     
  -1.6140535572606152       -8.7920794106142246     
   9.2824155302566727        2.3082772784918051     
  -10.791798269107458       -3.6758825589831297     
   3.3024148269043279       -4.1918865744117397     
  -11.844138945843266       -1.0510057579393612     
 -0.53313838579035677        9.5162657566146578     
   8.5193098737410260       0.26829478511106652     
  -6.1080117846461830        5.2070110622850256     
   12.080013034671959       -2.8401060440271833     
  -1.1395208097039542       -5.8332428379419659     
   7.1422700799706016       -6.0798883423494221     
   9.7940956421334810        1.4480148711815342     
   8.7416529320590968        8.8073262818951079     
  -8.8583734583235820       -7.6103216884626148     
   3.6298275851286870       0.75103995091957987     
   10.959273817303931        4.7667920814497835     
  -10.853463842142958        3.1699995947369422     
   3.4953925803144057        11.881162515496429     
   9.5769066917749424       -5.7441322460072710     
 -0.18121774984387787       -3.6477464640323132     
  -1.5202102818733598       -2.3952702387647968     
  -7.6694386709287317       -1.6951214729507451     
  -1.5049104473979165        5.3855593030676303     
   7.0798896168490035        3.3484104440178943     
  -10.341652602262467        5.4254598895604828E-002
  -3.9417993819649779      -0.15993979276018397     
   8.9381632321503108        4.8693586017041381     
   7.0559632193096906       -10.154695357047833     
   4.5067129738616076        6.5942257639458974     
   4.3259635500169926       -7.9956772793886781     
  -9.6896347471303805      -0.70661615347050100     
  -3.3299567420979446       -4.3540796845290393     
 -0.76306286343035001       -6.8323577015978172     
  0.10075115053197431       -9.5523834122278224     
   8.1148960409728090        4.1257042591531485     
  -1.6478523855134259       -10.949288078818878     
   1.4283617428628574       -3.3697927311323747E-002
   5.6906320412209981      -0.88912761935544615     
   5.3584087994184264        10.186617368839695     
  -4.3286083213753184       -2.9458011901559873     
   6.1972177964802651       -9.2474399563090177     
 -0.82854539229554436      -0.89146679119314298     
   7.2105626404365770       -2.4588827621420748     
  -6.9997260639345003        5.6589628366802449     
   6.8250357092423357        6.2970704454721700     
   8.9216137402309403       -4.9887287121131827     
   5.5977706904774287       -5.7531147216146774     
   2.8177236866039554        6.0338997250748445     
   2.9945329865782342        10.035295920639614     
   7.6417621351318079       -9.3444780501721745     
   2.9348938101368240       -3.2603247118432681     
   3.2566751923343129       -5.2571694315850239     
 -0.18271073641809024       -10.517071429126640     
   9.2408049073641028        3.3073612375006762     
 -0.82801832716134660        8.5602283188073933     
 -0.26576230717708044        12.021195105598233     
  -7.2589457597948686       -8.9545675847383794     
   10.014412253151106       -4.8384833274281798     
   4.4456181483065702        11.562379696089392     
   3.6297294849875681       -11.073936275197431     
   11.285799959199629       -2.1172692542036691     
  -4.0984244184025584        5.8626072517828467     
  -3.8417078411258148       -2.0060723770804718     
   1.0062661619230593        6.9032884211551675     
  -7.6272403969210751       -3.0997442984943153     
   6.1334404742734714       -7.7580772848986275     
   6.7326156409917637       -3.4175999449815118     
   7.9700921942165328        5.1221424393387815     
   1.6639008960782802       -10.958336866513795     
  -9.0626618483770365       -5.1420463696426015     
  -10.532624919636678       -2.6649734869032513     
  -8.5046605531088275        2.7250871278979458     
   7.7521020917432768      -0.75165870457696649     
   1.6428852953572863        5.3575895640641615     
  -10.839671906636658       -1.0552346878518135     
   9.3585072795763331       -2.1520248844651477     
  -9.7092751976526657       -5.9244566852028937     
  -8.0665048064070479       -5.2573728835209028     
   8.0407500703140169       -8.1266320046971909     
  -5.2585096155168785       -3.3127447788386442     
   2.4858903840815203        11.918321295626901     
  -4.9740408433981083       -4.2722084144542096     
  -2.7269603317202828        2.6485414273586607     
  -6.3221211439414038        1.5332502703915831     
   10.108013755734879        5.2925104997156671     
   2.7758134019400620       -7.8966925804805257     
   2.3535982221552159       -8.9757202212236038     
   8.5714191357040441       -8.9737010398242276     
   5.0319042302230690        1.5628987246297770     
   12.172761456726388        2.0771932938905020     
   3.5684923426254973        3.1310713426334686     
  -5.3028300758960238        7.9627823784926699     
  -1.2376026325022560        1.8958960863725631     
  -5.5563808811078852       -5.4547956153721664     
   12.409891437839740       -8.8646001158828019E-003
   4.5015848321410905       -11.562677226558542     
  -2.6341068752997918       -11.162143254830681     
   4.4105822095321408        2.5909484047072220     
   1.6305571333824573       -5.6277403311835599     
  -6.9368093677508718       -2.3761421525827631     
   11.140622094748425        2.6338582889165694     
  -5.8533005015383459        3.2930774049343259     
  -4.6531837704960060        6.6941114948797109     
   3.0428507830802469       -10.262418323733714     
  -5.4929580747763973        2.3576972470494417     
  -2.8108497384334901        8.3516121200102180     
   5.3740272357580743        11.185981360607967     
  -2.5947094590845183       -8.5966822118751409     
   2.9967802618209549        1.9590785394318326     
   2.3007079216350301       -2.4149800968600337     
   1.0777535992566902        11.039730506496038     
   1.1238962842345899       -9.4932974292239241     
   2.0943847475822985       -9.9443409879651696     
  0.23758172288661986       -6.8075400253262668     
   9.6053693284734685       -7.2178600445139587     
   8.1721424973953880        6.7179243076972188     
  -4.4843649810155091       -6.1917016573100474     
   9.7313259762017452       -1.0551187128904123     
   2.6317015336352871       -6.1931278992024668     
 -0.35532295395849206        5.2665851336222786     
  -1.0524152529199182        7.5856892351028264     
 -0.95165487356071632        10.424889317141215     
   5.2844833610919704       -8.3345367377028765     
   6.2143707423172927       -2.5627979041404867     
   11.427060072813456      -0.19641441741033236     
   3.2161437923458966       -11.984656053832179     
   11.888938728564664        1.1045991450074393     
   6.9419037041224865       -8.5490257706337545     
  -9.8196998457492892        4.0617677919263384     
  -1.6841020101164297       -1.4091967249928767     
   2.5254832464924286        10.917981307958120     
  -7.9238009738423694       0.24953598423581669     
  -3.1302640298615558       0.62851367103478806     
   6.1749799294412453       -10.639170411547779     
   6.3172020146868233       -4.3280683558399256     
   8.7356266455990337      -0.94118184860415011     
  -8.9465669645818622       -1.3847945142489551     
  -5.2747666715842598        10.141217545182382     
   1.7137637259400396        7.6117301709291523     
 -0.38401028847091223        6.5869841232818125     
   9.6189476566419412       -3.1178503304843570     
   8.5291479344907870        7.8289485878730112     
   4.4945155110316799       -7.0101784778828025     
   5.0821478580382253        8.2809782269726568     
   8.6041210155034076       -7.3009702826192386     
  -2.4207895450201127        9.2927885249195725     
   10.355229456973756        3.5138154489708566     
  -3.1958998575902902       -11.991020295737915     
   6.9875083523259329        5.3103509213807243     
   2.6782094179829130        8.0524934144673317     
   12.186166698317512      -0.98885014824402973     
   9.2548130635919996       -8.2433308123698943     
   10.451065077983696       -6.6826857855538924     
   6.4017257522656914        2.6145922558976924     
  -5.3279452435290635E-002   7.5301958345702023     
   6.0382306245704749        1.6822540341961523     
   4.9297988804683488       -5.5053942769222222E-002
  -6.6025138171792985       0.47966366992022252     
   3.9613527333452234        9.3365222291799750     
  -5.0514171823474019       -7.8284090275903049     
   7.4924236896422363       0.21370626222859287     
  -4.1924973834156978        4.8426438560735026     
  -2.0861324327623505       -4.2688118113556923     
  -5.6023628198438713        7.0085134436618022     
   2.2208492321264082       -12.086460011786087     
  -6.2657475977613171        10.404340796322160     
   1.8433902505482966        3.6808773003532314     
   10.573314306879123       -5.6678771638765442     
   5.2974603399738216       -1.8882958828316374     
  -5.7013589907928939       -2.0384402879261230     
   9.7952587914039686        4.3421378364975896     
   2.6011965237897168        2.8785223416890404     
  0.46132782985023524       -1.7548770172355805     
  0.64321694649134598        5.3277782089773558     
  -12.068536492721616        2.8864577143043508     
  -8.1379638894556940        4.0165093295110603     
  -7.6567236140115771        2.1707932451322547     
  -1.1287491921375883       -12.273444977467577     
  -4.1133156126665424        3.8466914832693351     
  -5.8680713337856760      -0.19755211305586814     
  -3.1529542286195515        3.5541086056370621     
   4.6088191016996678       -6.0149561793503299     
  -7.6184402219677292        4.8736551327247772     
   7.9913306748571351        9.4944309453878777     
  -4.7755036256696100        8.8122064478618274     
