   1.3918543670230270        2.1871183130724980     
 -0.39640168842405865        3.4934376761209629     
   2.7407259538092292        1.0644999093244469     
   4.6633470836013418        3.4111605832312866     
   1.0717142049546879       0.42257393045273695     
  -2.7442506655180492        1.6933800588379109     
  -2.6685395983240627        2.9155135019286869     
  -2.2622570920208069       -5.7276132779987003     
  -3.8543213655947728       -3.1997259935847748     
  -1.1436670956369337      -0.27342299663368708     
  -2.7320237655140924       0.44046755392106607     
   1.1464259525677420       -1.7709482417489835     
   3.1830382932167693       0.35359398102622414     
   3.9939087246205518       -2.1369302411220303     
   7.0591506030525730       -2.5929798504162274     
   5.6110758562380880        4.4873529359791418     
   2.6643053064203488        6.8973271263514935     
   1.4350116249937222E-002   8.3190179160409041     
  0.78771506905509925        5.1509239597032366     
   2.4938295687942187        3.8487442647060233     
  -2.1402628732589632        3.8017472061984265     
  0.61954151232560695        3.6712893141808838     
   1.1550575159558099        3.9657202704506527     
   1.8967724954110483E-002  0.13497327629960457     
  -2.5143710071115986        6.4587581272860390     
  -6.9180003559980907       -1.9266672819943196     
  -3.5015237776404899       -2.2418056117806588     
  -4.8584871968582100        1.0245694461059134     
  -2.4019578107449702       -1.5311752146083903     
  0.74342660347185519       -4.3011172647758746     
   1.2183228292130008       -3.5639198826853544     
 -0.40017587500257473       -2.1474553955916194     
  0.16980604550593731       -5.2911733467037854     
   5.5420364351806608       -6.9294636887060017     
   3.0278928031604333       -2.9043874073684988     
   2.7333506648293673       -4.1881671659796238     
   3.9386646188795162       0.12436387673521664     
   4.1264718435095364       -6.6432349950680054     
   6.5778809267840543        4.8613461159536007     
   3.3268326428457256        1.9701411689732260     
   7.6492977777173046        2.7348472583488665     
   4.9886558053356591        6.4077266818635144     
   2.7069707361039574        5.3360080278073267     
   6.8575870873791480        9.9442111522362300     
   4.4116200260551519        9.0454542085798106     
   2.2445331391818284        7.7016313855929290     
   5.4715713478028603        10.625840838293097     
  -1.3257949266297333        6.3498336280980423     
  -3.2596438234628957        6.6193332012173869     
  -1.2093004316699485        4.1982260664168507     
  -2.9454235411492187        5.9357956393215847     
  -3.6582965421135061        1.2010561467024006     
  -8.2188989975287452        5.0166283552577084     
  -2.6986872000556446        1.1429264361521896     
  -10.459267156699987       0.25032728343822502     
  -11.340940687371333       -4.0038858515192981     
  -5.5842485035422245       -3.0912586030296638     
  -6.5296734563279903      -0.91310339941704399     
  -3.9845604047661123       -3.8247080732538317     
  -4.5156149893149360       -5.6457451317925207     
  -1.7695405640417745       -6.4466175740081431     
  -3.5970439057691519       -6.0285482932295533     
  -2.7863352626314017       -8.2428039078349045     
  -2.2845321170546868       -6.9169532264095119     
  -3.5420814994041163       -6.8012540145080411     
   1.3005762483618803       -8.6688743274744393     
   1.0937949230898938       -2.9072955704273888     
   6.6603153426987367       -8.5143153431827887     
   8.9315255020311728       -1.1607689955499174     
   4.4437937944564680       -5.7862727248970787     
   6.0868617817122690       -1.9278506397548012     
   4.2730352080261227       -2.8337037254072155     
   6.1002948321593404      -0.87576705618944284     
   10.896875822099672       -1.1188997632645608     
   11.495109508605903       0.40220559595207783     
   6.7577533540711290        4.0337976110445739     
   4.9831788517927604       0.63545649311140118     
   6.4410502878898397        3.1984151432412813     
   8.3085874422575969        6.4903937379299128     
   6.5874226340145254        8.8369959804518210     
   7.7556600919392151        4.0723678374719627     
   7.9147587473322432        8.1379135367719453     
 -0.38620622378371577        11.743525935095590     
   5.4168586788068440        7.8675227782023462     
   1.5423205134525062        9.9419447926076323     
   3.4210709994370090        13.370536298223250     
 -0.38783574719933839        9.7992607159656639     
  -3.8721013962828521        8.9583013444997963     
  -3.1212845277703440        9.5331410691083693     
  -7.7116798307515486        10.644071426135483     
  -6.8467606948382418        9.2592631878700562     
  -9.4748176287088484        7.8140588322564701     
  -10.439340152725375        2.0685227298599234     
  -7.7865455125884138        3.7705300386207714     
  -11.968455086314517        5.9704606130863018     
  -9.3369500068013913        4.6301042596844555     
  -7.7836073364385463       -9.6970958563899187E-002
  -12.895713598458823       0.95297098537472169     
  -9.0624864334826363       -3.7741693408400061     
  -6.0571858689865108        3.4953764808880026     
  -8.2664645508576591       -2.4270850551532881     
  -9.0570655293319113       -6.1698977328924114     
  -5.8986262145215873       -4.6162769357891520     
  -9.0240521090194115       -4.7456372236481927     
  -4.6770822178247373       -6.3757492811242438     
  -8.6384722424877385       -8.6208574462373821     
  -5.1319747988525863       -9.2369391423094953     
  -5.8856767338712190       -7.8526850856461090     
  -2.1177814053662258       -9.7160870264239243     
  0.38114224235504340       -8.6150609337375652     
 -0.48133739299091416       -6.5351021379199441     
 -0.22760879254988658       -8.8627525394254789     
   5.8870080456075407       -6.3163333383793052     
   6.6680445484947644       -11.241053242649041     
   4.5193114677276256       -11.918643295886341     
   4.6560328891873004       -4.7426431228936510     
   9.0256794235292777       -5.1983479007763007     
   5.0823595688864245       -3.6726458221132199     
   6.7841204437843290       -3.1614011785003386     
   13.058104233776412       -2.2939702447741963     
   7.3596688470236966       -2.2873429389324000     
   12.786430724356634       -1.1401661165076915     
   14.214438087535838      -0.23457494481953428     
   14.907182665609806       0.13880935021130425     
   7.1324625492309215        3.8261808261500998     
   10.562752050419085        5.8934101744248894E-002
   10.061730173348032        1.9316234044060470     
   8.7814004764960227        7.5715346305941988     
   8.5742737091777048        10.518846163945890     
   4.2076631927151258        6.4837335412683608     
   4.9460890775554782        13.412022472335488     
   5.8012172556012693        12.139052025522913     
   4.2630125038622833        9.7610367163517822     
   5.0119915881243200        11.651071338185700     
   2.5503196265468673        11.955242220477441     
  -2.7370680302318577        7.8179312438426143     
  -3.0072036370653792        11.889721021949505     
  -6.9155979206077003        12.529884595823665     
  -1.7229129999993180        8.8586640459889932     
  0.34953937667032731        11.306041134218399     
  -3.9480925226805041        8.3371681223771539     
  -5.7417501875152901        9.8298944450568282     
  -6.8037304219331345        6.0154360903227238     
  -10.007207921023038        7.7402255036414012     
  -8.6455686987767635        6.5296647899965112     
  -10.169600386179093        5.0486811109258110     
  -9.1538714793673552        9.3623091750461107     
  -13.474114429307289        4.6870543125662527     
  -15.264631981228469       -1.0536760106199177     
  -10.679359796360909        1.0228726948759173     
  -11.799782288456074        1.6833637772788641     
  -14.663141796758135       -4.3850749182871960     
  -12.798234709365930       -2.6918747345711354     
  -10.134773718822149       -5.4657675538109514     
  -10.160076289641051       -3.1702766851753617     
  -8.1540515579753325       -1.0323234967133281     
  -7.7274822382569930       -3.1759322089729443     
  -7.6243741734699659       -4.7399408998018719     
  -7.2458452014766364       -9.4683352928125259     
  -9.6507308970271453       -10.344679728205548     
  -11.255120533458792       -7.5106905867109957     
  -6.8617161803221220       -13.660779085593669     
  -5.3875296730909179       -10.939424810210994     
  -1.9642721676178745       -11.830403265309648     
  -2.0360750133516357       -10.714448747193570     
 -0.21077861442975157       -9.6877800601558288     
  -3.6737666941795526       -7.5427306612636151     
  0.20532609658726675       -14.453333129480507     
   2.8860473054688915       -14.843091619097581     
   2.9411121881688880       -10.180174013032723     
   7.8636236324873714       -10.433508429442549     
   5.1351314074435415       -10.745414619678666     
   8.2113597277887518       -12.895246155587648     
   8.1154065266535476       -11.208192257957796     
   12.219268530403742       -5.1582031835143836     
   6.7080810814135878       -5.7347312845581779     
   11.137634733954298       -1.7445995003376518     
   12.228801360412017       -2.3168386215205330     
   8.7947499268776657       -2.3763900396313722     
   8.5059804617320367      -0.22482826254894892     
   13.510935104449496       -3.8937725551408966     
 -0.71717880046527915       -12.581199070765797     
   1.7531780877042245       -12.233550352564849     
   1.1257517512078650       -12.338444419839490     
   7.4776716710182702       -12.979356176796593     
   4.2856890182380818       -12.963820801941889     
   5.8581553586168189       -13.259566945625254     
   14.376361393268455       -4.9141821904444773     
   7.4938225467705202       -11.682046101888099     
   9.4113315314195081       -8.1135941664416773     
   9.3568250495666678       -7.2502883606023376     
   11.136778043402481       -8.0011235302736132     
   9.3612840743160639       -5.7717668028367619     
   12.216743339397189       -6.7768900618497039     
   9.7801770100862679      -0.69599704981891475     
   14.821252012851813       -3.7561312279370669     
   13.227655046213819       -3.1534109991040955     
   13.462219416055609       -1.1206817194105489     
   12.440181407025856        4.2870798830774870     
   10.605367645860385        2.0200818924480455     
