  2    100    0.12929E-02    0.3952847075E-01    0.0000000000E+00
  2    100    0.12929E-02    0.7905694150E-01    0.0000000000E+00
  2    100    0.12929E-02    0.1185854123E+00    0.0000000000E+00
  2    100    0.12929E-02    0.1581138830E+00    0.0000000000E+00
  2    100    0.12929E-02    0.1976423538E+00    0.0000000000E+00
  2    100    0.12929E-02    0.2371708245E+00    0.0000000000E+00
  2    100    0.12929E-02    0.2766992953E+00    0.0000000000E+00
  2    100    0.12929E-02    0.3162277660E+00    0.0000000000E+00
  2    100    0.12929E-02    0.3557562368E+00    0.0000000000E+00
  2    100    0.12929E-02    0.3952847075E+00    0.0000000000E+00
  2    100    0.12929E-02    0.4348131783E+00    0.0000000000E+00
  2    100    0.12929E-02    0.4743416490E+00    0.0000000000E+00
  2    100    0.12929E-02    0.5138701198E+00    0.0000000000E+00
  2    100    0.12929E-02    0.5533985905E+00    0.0000000000E+00
  2    100    0.12929E-02    0.5929270613E+00    0.0000000000E+00
  2    100    0.12929E-02    0.6324555320E+00    0.0000000000E+00
  2    100    0.12929E-02    0.6719840028E+00    0.0000000000E+00
  2    100    0.12929E-02    0.7115124735E+00    0.0000000000E+00
  2    100    0.12929E-02    0.7510409443E+00    0.0000000000E+00
  2    100    0.12929E-02    0.7905694150E+00    0.0000000000E+00
  2    100    0.12929E-02    0.8300978858E+00    0.0000000000E+00
  2    100    0.12929E-02    0.8696263565E+00    0.3158423677E+01
  2    100    0.12929E-02    0.9091548273E+00    0.8770451240E+02
  2    100    0.12929E-02    0.9486832981E+00    0.4723375568E+03
  2    100    0.12929E-02    0.9882117688E+00    0.2239238592E+03
  2    100    0.12929E-02    0.1027740240E+01    0.6425782006E+02
  2    100    0.12929E-02    0.1067268710E+01    0.4433115799E+01
  2    100    0.12929E-02    0.1106797181E+01    0.3358265757E+01
  2    100    0.12929E-02    0.1146325652E+01    0.2835377887E+01
  2    100    0.12929E-02    0.1185854123E+01    0.2347940042E+01
  2    100    0.12929E-02    0.1225382593E+01    0.3873987861E+01
  2    100    0.12929E-02    0.1264911064E+01    0.3039606786E+01
  2    100    0.12929E-02    0.1304439535E+01    0.3531117671E+01
  2    100    0.12929E-02    0.1343968006E+01    0.3973014142E+01
  2    100    0.12929E-02    0.1383496476E+01    0.5078195981E+01
  2    100    0.12929E-02    0.1423024947E+01    0.3385741212E+01
  2    100    0.12929E-02    0.1462553418E+01    0.5804576993E+01
  2    100    0.12929E-02    0.1502081889E+01    0.5287622358E+01
  2    100    0.12929E-02    0.1541610359E+01    0.1075914975E+02
  2    100    0.12929E-02    0.1581138830E+01    0.7211800696E+02
  2    100    0.12929E-02    0.1620667301E+01    0.1643495508E+03
  2    100    0.12929E-02    0.1660195772E+01    0.1458426867E+03
  2    100    0.12929E-02    0.1699724242E+01    0.6033258065E+02
  2    100    0.12929E-02    0.1739252713E+01    0.3081532397E+02
  2    100    0.12929E-02    0.1778781184E+01    0.1471044699E+02
  2    100    0.12929E-02    0.1818309655E+01    0.4153465967E+02
  2    100    0.12929E-02    0.1857838125E+01    0.1176163016E+03
  2    100    0.12929E-02    0.1897366596E+01    0.1466343075E+03
  2    100    0.12929E-02    0.1936895067E+01    0.6940424383E+02
  2    100    0.12929E-02    0.1976423538E+01    0.4911189301E+02
  2    100    0.12929E-02    0.2015952008E+01    0.1730597274E+02
  2    100    0.12929E-02    0.2055480479E+01    0.7832277432E+01
  2    100    0.12929E-02    0.2095008950E+01    0.7359728772E+01
  2    100    0.12929E-02    0.2134537421E+01    0.7552174745E+01
  2    100    0.12929E-02    0.2174065891E+01    0.6491574829E+01
  2    100    0.12929E-02    0.2213594362E+01    0.7610378348E+01
  2    100    0.12929E-02    0.2253122833E+01    0.7030986513E+01
  2    100    0.12929E-02    0.2292651304E+01    0.7570054940E+01
  2    100    0.12929E-02    0.2332179774E+01    0.1128286120E+02
  2    100    0.12929E-02    0.2371708245E+01    0.2119355370E+02
  2    100    0.12929E-02    0.2411236716E+01    0.6568372730E+02
  2    100    0.12929E-02    0.2450765187E+01    0.1172953815E+03
  2    100    0.12929E-02    0.2490293657E+01    0.1707539856E+03
  2    100    0.12929E-02    0.2529822128E+01    0.1109917332E+03
  2    100    0.12929E-02    0.2569350599E+01    0.7944488355E+02
  2    100    0.12929E-02    0.2608879070E+01    0.4084733888E+02
  2    100    0.12929E-02    0.2648407540E+01    0.2241412171E+02
  2    100    0.12929E-02    0.2687936011E+01    0.1657915077E+02
  2    100    0.12929E-02    0.2727464482E+01    0.3111785056E+02
  2    100    0.12929E-02    0.2766992953E+01    0.4447605876E+02
  2    100    0.12929E-02    0.2806521423E+01    0.7384909760E+02
  2    100    0.12929E-02    0.2846049894E+01    0.5443885554E+02
  2    100    0.12929E-02    0.2885578365E+01    0.4973537091E+02
  2    100    0.12929E-02    0.2925106836E+01    0.3427641695E+02
  2    100    0.12929E-02    0.2964635306E+01    0.1427395527E+02
  2    100    0.12929E-02    0.3004163777E+01    0.9983547159E+01
  2    100    0.12929E-02    0.3043692248E+01    0.1001282235E+02
  2    100    0.12929E-02    0.3083220719E+01    0.1312559372E+02
  2    100    0.12929E-02    0.3122749189E+01    0.1900506007E+02
  2    100    0.12929E-02    0.3162277660E+01    0.3708783969E+02
  2    100    0.12929E-02    0.3201806131E+01    0.4949132196E+02
  2    100    0.12929E-02    0.3241334602E+01    0.6808941389E+02
  2    100    0.12929E-02    0.3280863072E+01    0.8083707842E+02
  2    100    0.12929E-02    0.3320391543E+01    0.9667064890E+02
  2    100    0.12929E-02    0.3359920014E+01    0.1009430338E+03
  2    100    0.12929E-02    0.3399448485E+01    0.9743533870E+02
  2    100    0.12929E-02    0.3438976955E+01    0.8629178621E+02
  2    100    0.12929E-02    0.3478505426E+01    0.4813961079E+02
  2    100    0.12929E-02    0.3518033897E+01    0.3662326085E+02
  2    100    0.12929E-02    0.3557562368E+01    0.1963586706E+02
  2    100    0.12929E-02    0.3597090838E+01    0.2088206646E+02
  2    100    0.12929E-02    0.3636619309E+01    0.2193775501E+02
  2    100    0.12929E-02    0.3676147780E+01    0.3486336345E+02
  2    100    0.12929E-02    0.3715676251E+01    0.4605268850E+02
  2    100    0.12929E-02    0.3755204721E+01    0.4327307817E+02
  2    100    0.12929E-02    0.3794733192E+01    0.3955619735E+02
  2    100    0.12929E-02    0.3834261663E+01    0.3015312718E+02
  2    100    0.12929E-02    0.3873790134E+01    0.2673063041E+02
  2    100    0.12929E-02    0.3913318604E+01    0.2321906348E+02
  2    100    0.12929E-02    0.3952847075E+01    0.3840960621E+02
  2    100    0.12929E-02    0.3992375546E+01    0.3719633138E+02
  2    100    0.12929E-02    0.4031904017E+01    0.5878728869E+02
  2    100    0.12929E-02    0.4071432487E+01    0.7484246966E+02
  2    100    0.12929E-02    0.4110960958E+01    0.6129920550E+02
  2    100    0.12929E-02    0.4150489429E+01    0.7045340042E+02
  2    100    0.12929E-02    0.4190017900E+01    0.6211960744E+02
  2    100    0.12929E-02    0.4229546370E+01    0.6786147593E+02
  2    100    0.12929E-02    0.4269074841E+01    0.7561897967E+02
  2    100    0.12929E-02    0.4308603312E+01    0.6863836848E+02
  2    100    0.12929E-02    0.4348131783E+01    0.6227517325E+02
  2    100    0.12929E-02    0.4387660253E+01    0.3681064192E+02
  2    100    0.12929E-02    0.4427188724E+01    0.2811252012E+02
  2    100    0.12929E-02    0.4466717195E+01    0.1789099620E+02
  2    100    0.12929E-02    0.4506245666E+01    0.2022225979E+02
  2    100    0.12929E-02    0.4545774136E+01    0.2524683897E+02
  2    100    0.12929E-02    0.4585302607E+01    0.2268240422E+02
  2    100    0.12929E-02    0.4624831078E+01    0.3552101533E+02
  2    100    0.12929E-02    0.4664359549E+01    0.3904456789E+02
  2    100    0.12929E-02    0.4703888020E+01    0.3964341455E+02
  2    100    0.12929E-02    0.4743416490E+01    0.4453390600E+02
  2    100    0.12929E-02    0.4782944961E+01    0.4591129215E+02
  2    100    0.12929E-02    0.4822473432E+01    0.5516323427E+02
  2    100    0.12929E-02    0.4862001903E+01    0.5851566426E+02
  2    100    0.12929E-02    0.4901530373E+01    0.7299769261E+02
  2    100    0.12929E-02    0.4941058844E+01    0.6226635670E+02
  2    100    0.12929E-02    0.4980587315E+01    0.6398865702E+02
  2    100    0.12929E-02    0.5020115786E+01    0.6038007230E+02
  2    100    0.12929E-02    0.5059644256E+01    0.4517487192E+02
  2    100    0.12929E-02    0.5099172727E+01    0.4877613903E+02
  2    100    0.12929E-02    0.5138701198E+01    0.5005125953E+02
  2    100    0.12929E-02    0.5178229669E+01    0.4978220271E+02
  2    100    0.12929E-02    0.5217758139E+01    0.4918674439E+02
  2    100    0.12929E-02    0.5257286610E+01    0.4723190196E+02
  2    100    0.12929E-02    0.5296815081E+01    0.3674559789E+02
  2    100    0.12929E-02    0.5336343552E+01    0.3452861560E+02
  2    100    0.12929E-02    0.5375872022E+01    0.2367442503E+02
  2    100    0.12929E-02    0.5415400493E+01    0.2324727089E+02
  2    100    0.12929E-02    0.5454928964E+01    0.2744888394E+02
  2    100    0.12929E-02    0.5494457435E+01    0.3544355685E+02
  2    100    0.12929E-02    0.5533985905E+01    0.3763799535E+02
  2    100    0.12929E-02    0.5573514376E+01    0.4827375212E+02
  2    100    0.12929E-02    0.5613042847E+01    0.4944428562E+02
  2    100    0.12929E-02    0.5652571318E+01    0.7132762388E+02
  2    100    0.12929E-02    0.5692099788E+01    0.6574352426E+02
  2    100    0.12929E-02    0.5731628259E+01    0.6914204723E+02
  2    100    0.12929E-02    0.5771156730E+01    0.6165688019E+02
  2    100    0.12929E-02    0.5810685201E+01    0.6193129850E+02
  2    100    0.12929E-02    0.5850213671E+01    0.5014002940E+02
  2    100    0.12929E-02    0.5889742142E+01    0.4437904299E+02
  2    100    0.12929E-02    0.5929270613E+01    0.4203819661E+02
  2    100    0.12929E-02    0.5968799084E+01    0.3524800823E+02
  2    100    0.12929E-02    0.6008327554E+01    0.3535599922E+02
  2    100    0.12929E-02    0.6047856025E+01    0.3656688312E+02
  2    100    0.12929E-02    0.6087384496E+01    0.3830612367E+02
  2    100    0.12929E-02    0.6126912967E+01    0.4087552195E+02
  2    100    0.12929E-02    0.6166441437E+01    0.3880473859E+02
  2    100    0.12929E-02    0.6205969908E+01    0.3938554325E+02
  2    100    0.12929E-02    0.6245498379E+01    0.3526375022E+02
  2    100    0.12929E-02    0.6285026850E+01    0.3051276395E+02
  2    100    0.12929E-02    0.6324555320E+01    0.3039809521E+02
  2    100    0.12929E-02    0.6364083791E+01    0.3828550659E+02
  2    100    0.12929E-02    0.6403612262E+01    0.4092446807E+02
  2    100    0.12929E-02    0.6443140733E+01    0.4620540602E+02
  2    100    0.12929E-02    0.6482669203E+01    0.5913023086E+02
  2    100    0.12929E-02    0.6522197674E+01    0.6187918387E+02
  2    100    0.12929E-02    0.6561726145E+01    0.6361838193E+02
  2    100    0.12929E-02    0.6601254616E+01    0.6200052071E+02
  2    100    0.12929E-02    0.6640783086E+01    0.5539516860E+02
  2    100    0.12929E-02    0.6680311557E+01    0.5085099608E+02
  2    100    0.12929E-02    0.6719840028E+01    0.4085183445E+02
  2    100    0.12929E-02    0.6759368499E+01    0.3885981854E+02
  2    100    0.12929E-02    0.6798896969E+01    0.3891039846E+02
  2    100    0.12929E-02    0.6838425440E+01    0.3930681153E+02
  2    100    0.12929E-02    0.6877953911E+01    0.3391782946E+02
  2    100    0.12929E-02    0.6917482382E+01    0.3046240812E+02
  2    100    0.12929E-02    0.6957010852E+01    0.3245176847E+02
  2    100    0.12929E-02    0.6996539323E+01    0.3470329199E+02
  2    100    0.12929E-02    0.7036067794E+01    0.3480235910E+02
  2    100    0.12929E-02    0.7075596265E+01    0.3881109941E+02
  2    100    0.12929E-02    0.7115124735E+01    0.3979033176E+02
  2    100    0.12929E-02    0.7154653206E+01    0.3614260331E+02
  2    100    0.12929E-02    0.7194181677E+01    0.4134976955E+02
  2    100    0.12929E-02    0.7233710148E+01    0.4183016318E+02
  2    100    0.12929E-02    0.7273238618E+01    0.4495865498E+02
  2    100    0.12929E-02    0.7312767089E+01    0.4117428954E+02
  2    100    0.12929E-02    0.7352295560E+01    0.5426997664E+02
  2    100    0.12929E-02    0.7391824031E+01    0.5380057198E+02
  2    100    0.12929E-02    0.7431352501E+01    0.4981954326E+02
  2    100    0.12929E-02    0.7470880972E+01    0.4978220271E+02
  2    100    0.12929E-02    0.7510409443E+01    0.4304064780E+02
  2    100    0.12929E-02    0.7549937914E+01    0.4193425023E+02
  2    100    0.12929E-02    0.7589466384E+01    0.3922597276E+02
  2    100    0.12929E-02    0.7628994855E+01    0.3597083605E+02
  2    100    0.12929E-02    0.7668523326E+01    0.3437066832E+02
  2    100    0.12929E-02    0.7708051797E+01    0.3283932451E+02
  2    100    0.12929E-02    0.7747580267E+01    0.3376548778E+02
  2    100    0.12929E-02    0.7787108738E+01    0.3014823895E+02
  2    100    0.12929E-02    0.7826637209E+01    0.3628764936E+02
  2    100    0.12929E-02    0.7866165680E+01    0.3698060649E+02
  2    100    0.12929E-02    0.7905694150E+01    0.3285702610E+02
