  2    100    0.35618E+00    0.3952847075E-01    0.0000000000E+00
  2    100    0.35618E+00    0.7905694150E-01    0.0000000000E+00
  2    100    0.35618E+00    0.1185854123E+00    0.0000000000E+00
  2    100    0.35618E+00    0.1581138830E+00    0.0000000000E+00
  2    100    0.35618E+00    0.1976423538E+00    0.0000000000E+00
  2    100    0.35618E+00    0.2371708245E+00    0.0000000000E+00
  2    100    0.35618E+00    0.2766992953E+00    0.0000000000E+00
  2    100    0.35618E+00    0.3162277660E+00    0.0000000000E+00
  2    100    0.35618E+00    0.3557562368E+00    0.0000000000E+00
  2    100    0.35618E+00    0.3952847075E+00    0.0000000000E+00
  2    100    0.35618E+00    0.4348131783E+00    0.0000000000E+00
  2    100    0.35618E+00    0.4743416490E+00    0.1771463714E+00
  2    100    0.35618E+00    0.5138701198E+00    0.2172995490E+00
  2    100    0.35618E+00    0.5533985905E+00    0.6036098582E+00
  2    100    0.35618E+00    0.5929270613E+00    0.7024769902E+00
  2    100    0.35618E+00    0.6324555320E+00    0.1182880609E+01
  2    100    0.35618E+00    0.6719840028E+00    0.2798554797E+01
  2    100    0.35618E+00    0.7115124735E+00    0.3880349089E+01
  2    100    0.35618E+00    0.7510409443E+00    0.4551544607E+01
  2    100    0.35618E+00    0.7905694150E+00    0.6303079866E+01
  2    100    0.35618E+00    0.8300978858E+00    0.7055610355E+01
  2    100    0.35618E+00    0.8696263565E+00    0.8654080875E+01
  2    100    0.35618E+00    0.9091548273E+00    0.9235230831E+01
  2    100    0.35618E+00    0.9486832981E+00    0.1147179800E+02
  2    100    0.35618E+00    0.9882117688E+00    0.1006119085E+02
  2    100    0.35618E+00    0.1027740240E+01    0.8867738947E+01
  2    100    0.35618E+00    0.1067268710E+01    0.1073685271E+02
  2    100    0.35618E+00    0.1106797181E+01    0.8642595698E+01
  2    100    0.35618E+00    0.1146325652E+01    0.8077252972E+01
  2    100    0.35618E+00    0.1185854123E+01    0.7320048366E+01
  2    100    0.35618E+00    0.1225382593E+01    0.7458539847E+01
  2    100    0.35618E+00    0.1264911064E+01    0.7221760804E+01
  2    100    0.35618E+00    0.1304439535E+01    0.7250283028E+01
  2    100    0.35618E+00    0.1343968006E+01    0.7986569244E+01
  2    100    0.35618E+00    0.1383496476E+01    0.7085854858E+01
  2    100    0.35618E+00    0.1423024947E+01    0.7307079904E+01
  2    100    0.35618E+00    0.1462553418E+01    0.7776644818E+01
  2    100    0.35618E+00    0.1502081889E+01    0.7822783763E+01
  2    100    0.35618E+00    0.1541610359E+01    0.8201646938E+01
  2    100    0.35618E+00    0.1581138830E+01    0.7787713266E+01
  2    100    0.35618E+00    0.1620667301E+01    0.8366703313E+01
  2    100    0.35618E+00    0.1660195772E+01    0.8574168950E+01
  2    100    0.35618E+00    0.1699724242E+01    0.8452313339E+01
  2    100    0.35618E+00    0.1739252713E+01    0.9179032672E+01
  2    100    0.35618E+00    0.1778781184E+01    0.8423409482E+01
  2    100    0.35618E+00    0.1818309655E+01    0.8775558708E+01
  2    100    0.35618E+00    0.1857838125E+01    0.8937320159E+01
  2    100    0.35618E+00    0.1897366596E+01    0.8591909798E+01
  2    100    0.35618E+00    0.1936895067E+01    0.8918802364E+01
  2    100    0.35618E+00    0.1976423538E+01    0.9438263238E+01
  2    100    0.35618E+00    0.2015952008E+01    0.8673156503E+01
  2    100    0.35618E+00    0.2055480479E+01    0.8860758307E+01
  2    100    0.35618E+00    0.2095008950E+01    0.9080016868E+01
  2    100    0.35618E+00    0.2134537421E+01    0.8618364121E+01
  2    100    0.35618E+00    0.2174065891E+01    0.8921242951E+01
  2    100    0.35618E+00    0.2213594362E+01    0.9335560578E+01
  2    100    0.35618E+00    0.2253122833E+01    0.9374648683E+01
  2    100    0.35618E+00    0.2292651304E+01    0.9447806477E+01
  2    100    0.35618E+00    0.2332179774E+01    0.9472031622E+01
  2    100    0.35618E+00    0.2371708245E+01    0.9347076187E+01
  2    100    0.35618E+00    0.2411236716E+01    0.9417062065E+01
  2    100    0.35618E+00    0.2450765187E+01    0.9330188967E+01
  2    100    0.35618E+00    0.2490293657E+01    0.9170040966E+01
  2    100    0.35618E+00    0.2529822128E+01    0.9645875648E+01
  2    100    0.35618E+00    0.2569350599E+01    0.9896394188E+01
  2    100    0.35618E+00    0.2608879070E+01    0.9651998096E+01
  2    100    0.35618E+00    0.2648407540E+01    0.9384317928E+01
  2    100    0.35618E+00    0.2687936011E+01    0.8973666559E+01
  2    100    0.35618E+00    0.2727464482E+01    0.9814167586E+01
  2    100    0.35618E+00    0.2766992953E+01    0.9116028740E+01
  2    100    0.35618E+00    0.2806521423E+01    0.8871138502E+01
  2    100    0.35618E+00    0.2846049894E+01    0.9373892257E+01
  2    100    0.35618E+00    0.2885578365E+01    0.8860576436E+01
  2    100    0.35618E+00    0.2925106836E+01    0.9229687475E+01
  2    100    0.35618E+00    0.2964635306E+01    0.9443050870E+01
  2    100    0.35618E+00    0.3004163777E+01    0.9452890148E+01
  2    100    0.35618E+00    0.3043692248E+01    0.9116284183E+01
  2    100    0.35618E+00    0.3083220719E+01    0.9068751338E+01
  2    100    0.35618E+00    0.3122749189E+01    0.9273292854E+01
  2    100    0.35618E+00    0.3162277660E+01    0.9583730108E+01
  2    100    0.35618E+00    0.3201806131E+01    0.9835841386E+01
  2    100    0.35618E+00    0.3241334602E+01    0.9573511571E+01
  2    100    0.35618E+00    0.3280863072E+01    0.1027234231E+02
  2    100    0.35618E+00    0.3320391543E+01    0.1004359817E+02
  2    100    0.35618E+00    0.3359920014E+01    0.1067210803E+02
  2    100    0.35618E+00    0.3399448485E+01    0.1009458066E+02
  2    100    0.35618E+00    0.3438976955E+01    0.1010348698E+02
  2    100    0.35618E+00    0.3478505426E+01    0.1069424209E+02
  2    100    0.35618E+00    0.3518033897E+01    0.9844467561E+01
  2    100    0.35618E+00    0.3557562368E+01    0.9855869906E+01
  2    100    0.35618E+00    0.3597090838E+01    0.1033223339E+02
  2    100    0.35618E+00    0.3636619309E+01    0.9751762546E+01
  2    100    0.35618E+00    0.3676147780E+01    0.9976692130E+01
  2    100    0.35618E+00    0.3715676251E+01    0.1012418353E+02
  2    100    0.35618E+00    0.3755204721E+01    0.9708058553E+01
  2    100    0.35618E+00    0.3794733192E+01    0.9969043444E+01
  2    100    0.35618E+00    0.3834261663E+01    0.9380191022E+01
  2    100    0.35618E+00    0.3873790134E+01    0.9827232808E+01
  2    100    0.35618E+00    0.3913318604E+01    0.9844662307E+01
  2    100    0.35618E+00    0.3952847075E+01    0.9950463015E+01
  2    100    0.35618E+00    0.3992375546E+01    0.9777128338E+01
  2    100    0.35618E+00    0.4031904017E+01    0.9848058377E+01
  2    100    0.35618E+00    0.4071432487E+01    0.9924229401E+01
  2    100    0.35618E+00    0.4110960958E+01    0.1017607489E+02
  2    100    0.35618E+00    0.4150489429E+01    0.1009819076E+02
  2    100    0.35618E+00    0.4190017900E+01    0.1055602074E+02
  2    100    0.35618E+00    0.4229546370E+01    0.1034850845E+02
  2    100    0.35618E+00    0.4269074841E+01    0.1034699597E+02
  2    100    0.35618E+00    0.4308603312E+01    0.1018904567E+02
  2    100    0.35618E+00    0.4348131783E+01    0.1049909065E+02
  2    100    0.35618E+00    0.4387660253E+01    0.1077279721E+02
  2    100    0.35618E+00    0.4427188724E+01    0.1096851143E+02
  2    100    0.35618E+00    0.4466717195E+01    0.1042434225E+02
  2    100    0.35618E+00    0.4506245666E+01    0.1088890912E+02
  2    100    0.35618E+00    0.4545774136E+01    0.1122081732E+02
  2    100    0.35618E+00    0.4585302607E+01    0.1072975316E+02
  2    100    0.35618E+00    0.4624831078E+01    0.1117973538E+02
  2    100    0.35618E+00    0.4664359549E+01    0.1130997918E+02
  2    100    0.35618E+00    0.4703888020E+01    0.1130049342E+02
  2    100    0.35618E+00    0.4743416490E+01    0.1102408800E+02
  2    100    0.35618E+00    0.4782944961E+01    0.1100022613E+02
  2    100    0.35618E+00    0.4822473432E+01    0.1047933782E+02
  2    100    0.35618E+00    0.4862001903E+01    0.1045476912E+02
  2    100    0.35618E+00    0.4901530373E+01    0.9715797141E+01
  2    100    0.35618E+00    0.4941058844E+01    0.1041772436E+02
  2    100    0.35618E+00    0.4980587315E+01    0.1096237266E+02
  2    100    0.35618E+00    0.5020115786E+01    0.1082203287E+02
  2    100    0.35618E+00    0.5059644256E+01    0.1087030342E+02
  2    100    0.35618E+00    0.5099172727E+01    0.1028896454E+02
  2    100    0.35618E+00    0.5138701198E+01    0.1045072396E+02
  2    100    0.35618E+00    0.5178229669E+01    0.1041227005E+02
  2    100    0.35618E+00    0.5217758139E+01    0.1104055218E+02
  2    100    0.35618E+00    0.5257286610E+01    0.1053185314E+02
  2    100    0.35618E+00    0.5296815081E+01    0.1051908865E+02
  2    100    0.35618E+00    0.5336343552E+01    0.1088517257E+02
  2    100    0.35618E+00    0.5375872022E+01    0.1046906729E+02
  2    100    0.35618E+00    0.5415400493E+01    0.1038242122E+02
  2    100    0.35618E+00    0.5454928964E+01    0.1095387272E+02
  2    100    0.35618E+00    0.5494457435E+01    0.1074730621E+02
  2    100    0.35618E+00    0.5533985905E+01    0.1062158638E+02
  2    100    0.35618E+00    0.5573514376E+01    0.1078764665E+02
  2    100    0.35618E+00    0.5613042847E+01    0.1083618334E+02
  2    100    0.35618E+00    0.5652571318E+01    0.1084115074E+02
  2    100    0.35618E+00    0.5692099788E+01    0.1102113784E+02
  2    100    0.35618E+00    0.5731628259E+01    0.1126442515E+02
  2    100    0.35618E+00    0.5771156730E+01    0.1088364579E+02
  2    100    0.35618E+00    0.5810685201E+01    0.1076763763E+02
  2    100    0.35618E+00    0.5850213671E+01    0.1154173664E+02
  2    100    0.35618E+00    0.5889742142E+01    0.1102045271E+02
  2    100    0.35618E+00    0.5929270613E+01    0.1095127953E+02
  2    100    0.35618E+00    0.5968799084E+01    0.1093716999E+02
  2    100    0.35618E+00    0.6008327554E+01    0.1121011081E+02
  2    100    0.35618E+00    0.6047856025E+01    0.1060671159E+02
  2    100    0.35618E+00    0.6087384496E+01    0.1084728205E+02
  2    100    0.35618E+00    0.6126912967E+01    0.1093530093E+02
  2    100    0.35618E+00    0.6166441437E+01    0.1083877573E+02
  2    100    0.35618E+00    0.6205969908E+01    0.1020544208E+02
  2    100    0.35618E+00    0.6245498379E+01    0.1095551893E+02
  2    100    0.35618E+00    0.6285026850E+01    0.1065504689E+02
  2    100    0.35618E+00    0.6324555320E+01    0.1097992823E+02
  2    100    0.35618E+00    0.6364083791E+01    0.1081843744E+02
  2    100    0.35618E+00    0.6403612262E+01    0.1081872561E+02
  2    100    0.35618E+00    0.6443140733E+01    0.1067275092E+02
  2    100    0.35618E+00    0.6482669203E+01    0.1085667089E+02
  2    100    0.35618E+00    0.6522197674E+01    0.1133557298E+02
  2    100    0.35618E+00    0.6561726145E+01    0.1115219362E+02
  2    100    0.35618E+00    0.6601254616E+01    0.1099956613E+02
  2    100    0.35618E+00    0.6640783086E+01    0.1159066064E+02
  2    100    0.35618E+00    0.6680311557E+01    0.1119141038E+02
  2    100    0.35618E+00    0.6719840028E+01    0.1159011053E+02
  2    100    0.35618E+00    0.6759368499E+01    0.1174118531E+02
  2    100    0.35618E+00    0.6798896969E+01    0.1147078705E+02
  2    100    0.35618E+00    0.6838425440E+01    0.1140428973E+02
  2    100    0.35618E+00    0.6877953911E+01    0.1164775680E+02
  2    100    0.35618E+00    0.6917482382E+01    0.1156155014E+02
  2    100    0.35618E+00    0.6957010852E+01    0.1149567236E+02
  2    100    0.35618E+00    0.6996539323E+01    0.1149979377E+02
  2    100    0.35618E+00    0.7036067794E+01    0.1115573037E+02
  2    100    0.35618E+00    0.7075596265E+01    0.1167148138E+02
  2    100    0.35618E+00    0.7115124735E+01    0.1122815218E+02
  2    100    0.35618E+00    0.7154653206E+01    0.1092517123E+02
  2    100    0.35618E+00    0.7194181677E+01    0.1146359880E+02
  2    100    0.35618E+00    0.7233710148E+01    0.1122590307E+02
  2    100    0.35618E+00    0.7273238618E+01    0.1075025868E+02
  2    100    0.35618E+00    0.7312767089E+01    0.1090178293E+02
  2    100    0.35618E+00    0.7352295560E+01    0.1065265646E+02
  2    100    0.35618E+00    0.7391824031E+01    0.1059917874E+02
  2    100    0.35618E+00    0.7431352501E+01    0.1064405624E+02
  2    100    0.35618E+00    0.7470880972E+01    0.1046150348E+02
  2    100    0.35618E+00    0.7510409443E+01    0.1052455104E+02
  2    100    0.35618E+00    0.7549937914E+01    0.1117866446E+02
  2    100    0.35618E+00    0.7589466384E+01    0.1109546816E+02
  2    100    0.35618E+00    0.7628994855E+01    0.1076620493E+02
  2    100    0.35618E+00    0.7668523326E+01    0.1060528483E+02
  2    100    0.35618E+00    0.7708051797E+01    0.1085799482E+02
  2    100    0.35618E+00    0.7747580267E+01    0.1063572920E+02
  2    100    0.35618E+00    0.7787108738E+01    0.1123129030E+02
  2    100    0.35618E+00    0.7826637209E+01    0.1096468768E+02
  2    100    0.35618E+00    0.7866165680E+01    0.1076576953E+02
  2    100    0.35618E+00    0.7905694150E+01    0.1084115074E+02
