  0.76016460809496944       0.78782018242199725     
   4.3264866643997681        11.159992488175629     
   3.4740050600654868        6.2185515584999136     
  -6.9355157003530783       -1.5642398879530939     
  -7.4247168227344691        1.7534101170000000     
 -0.71665387964250704       -4.5855528738670372     
  0.48705951341338172       -9.2477114025325928     
   7.0487212476792562        7.8940454888516625     
   5.2857884368560273E-002  -8.3457852365281067     
  -6.4289937038757037        5.4636110887703753     
   6.2340220261151948        3.2210574822259059     
  -7.5061002830268739       0.49085080989339402     
  0.39491707001057491       -2.8705240415368736     
  -6.3574314744210527        8.4643004533571258     
  -8.4175246549506664        7.9118626236725200     
   12.280258419146699        1.7049507692697652     
   8.9357252756607615       -4.9182830242539364     
   12.169022818662491       -2.4321671815953732     
 -0.64682088967992046        12.365562513429083     
   1.6943684004034689        7.5515715722899648     
   9.3100517153757316       -8.2047748851421840     
  -9.1965138694889514        5.7560102054861115     
  -5.4954045527540210       0.53388979865724551     
  0.13680740384915824       -12.409140742992930     
  -6.2696467555210535        4.4739904505523480     
 -0.22526277125030028      -0.62431640824743517     
   5.2471515516879244        1.6911088871414217     
  -9.2273899229515166        3.6715328024194367     
   7.0387877226962825       -10.220395519549617     
  -11.764045830012865       -2.5164620724872977     
  -4.4076263039591383       -10.771199590152749     
  -8.3559001507478534        5.1782116408096366     
  -6.5965569314768189        3.3306026582715456     
   1.8451337324635690       -3.1208518602338819     
  -2.7068423981712186        4.3604800399322583     
  -10.772879810540161       -3.3533406654424942     
  -1.9310227226792789       -6.0927973428692761     
   4.8465974524288589      -0.35375624621497598     
  -8.9490897521878665       -8.3208475525740617     
   5.7461752494028131        8.5946513938920860E-002
  -1.8636947738562599       -1.9345898150132006     
 -0.60761326235813906       0.51485861991843085     
  -1.5347778787286688        9.7257619764481316     
   2.8422591508817345       -9.6260628988609351     
   8.8813159234023953        7.3484466639056070     
   8.9193109805691595       -7.2852915478303757     
   4.5312510139541207       -4.4331006980008150     
  -4.1714665688356147        2.9914814593314358     
   7.8941775611001939       0.90995287567915262     
   2.2968718037535130        10.204138916873070     
  -7.8052832448745058       -8.6135088127749331     
   7.8754075332181568        7.3323363077048711     
   5.9081650189259269       -7.4467298726078006     
  -2.7998016051682026        7.6547776307836877     
  -4.8905278495867890        11.105809315259588     
   1.5735848239361763       -11.311537250460090     
   1.7092892127182997        11.016758524955355     
   1.1570562523093662       -5.9741311566510324     
   5.8571694523336033        8.3654600594882318     
  -10.800276386437218      -0.17557574235575382     
  -2.7931881405261691        3.2500103434606569     
   4.3294421579084021       -1.2854110010575255     
   3.8018723742653102       -9.3171513022134373     
   11.857734309703984        3.6575458267957708     
   1.1157581046194756       -12.200460146353070     
   1.8487338630113066       -9.7475271783020077     
 -0.13687060456269037        11.099490523300734     
   11.367870418056551      -0.84459951442833192     
  -9.6164619668386422      -0.11155959707904674     
   9.8415681756055182        4.5887756721079986     
   6.1153273570511448       -4.5615806873004949     
   2.0089198735129608       -5.4496349337762950     
  -3.5451846399885771       -6.0770844404254607     
  -5.2633913674353350        8.2325638999160180     
  -5.0213589275543198       -8.4984038134459539     
   2.6421879454439750       -11.720771274710943     
  -6.1804161712630439       -3.3395974305534541     
   1.1115851184202095        3.8651534877849527     
  -6.5844367106504649       -10.519121416864962     
   7.4183528415980202        8.8231608678413185     
  -1.9634947604729207       -4.7980981513979053     
  -8.1775497978759155       -1.4233265954208407     
   11.225439053054114        2.1093965621326904     
  -2.3134084714755150       -11.034704340836718     
  -5.3551802936192017       -11.091191260709735     
   8.9679720107294063        4.0937845031432722     
  -3.0886147012203899       -3.1301923417389923     
  -9.2622811997276600        4.7586402269295132     
   10.624172842449305       0.47872670546429524     
   6.7595464022006597       -3.7967574348180886     
   4.1449059003501265        1.3836981960698411     
  -7.6189558923434415       -7.5610095138899966     
 -0.91299714529156961       -7.9216446240639948     
  -4.7818933832337649        1.2380446756608812     
  -5.9969940314240491       -8.7278587176349678     
  -6.2701978061433641      -0.20955911858092999     
  -6.0092515501993464       -1.1753453862868646     
  -4.6253192560184440       -5.5091195791872689     
   3.7263459834790869       -8.2820111688825122     
  -7.1634892728287776       -6.6664824227117805     
  -2.7973612559390406       -6.7423970671992617     
  -4.3243551024351845       -2.2464016269878271     
   1.2516657362750365        2.8744628320986156     
   5.9693526762547142       -2.4385631574774278     
   9.9131905295157701       -7.3964863038581514     
  -5.2999452131341629        4.7199867500377302     
   7.6425000583183289        5.5223704948861840     
 -0.27847409117165045        7.6494197758946560     
  0.35371189825139399        12.338312688455321     
   5.2754680238540725       -5.1046735396085134     
  -11.112361741620742        3.7347670115026834     
  -3.4490971026960788       -1.7588417150972704     
   5.0619558967181728       -7.9781691778084536     
   4.0298318428003430       -2.8144096644183061     
   12.112578251932025        2.6904303205477107     
  -5.1863767329148178      -0.41809944815088967     
  -1.2815951407094968        7.9319578165486293     
   7.2721529153861493       -6.9403728881560296     
  -8.1472541320336518        2.9692030973458472     
   10.004757516342695        5.6926934950238213     
  -5.1252649670958510       -1.6460110771648602     
   2.1141655220053237       -6.4440142810683572     
   6.1482822444254994        6.3915527227834703     
   4.9713502916550834       -2.4744320147766015     
   9.8054361849081850       -2.0866602163954173     
  -8.7273481135635276      -0.58470939847402714     
   7.3340935057080818        6.4924282118136754     
   5.7824238423164909        7.3680518322206314     
   6.2287821413710782       -5.5552752701040999     
   2.0396951127407497       -8.7594756771980187     
   3.2179047765805500        3.2502204141990605     
  -1.3245551803061626       -6.8903456347973089     
  -3.7713869584110427       -7.1224839701786875     
  -6.2375804837143365        1.3034214217259479     
  -6.5577798056293322        9.4514581888533300     
   5.4632660779575577       -1.5761163887205427     
   2.3186018480209092        8.8096748225873966     
   1.9811929013835556        2.1912422293337723     
  0.41805725032308977        8.8671227291199930     
  -2.7330788467178446       -5.4876001147436320     
   1.6467309134774446        1.2477563322821739     
  -3.0437895119502829        5.4665537021437869     
  -7.9816622283093590       -3.1607638545184611     
   1.7557316897361637        4.6288089292054968     
 -0.54932438853653742        8.6114265622645743     
  -7.3723105621595373        3.9842263462719409     
  -1.7442603622394501        7.0442388054076321     
  -5.0137402876711503       -3.6773534517031621     
   11.464078016692552        1.1277989005704967     
   7.2193907333330500      -0.67950148485246276     
  0.68311645782129427        7.3676860152013051     
   5.2374096461528570        10.723487470340183     
   8.1559335624484124       -7.9392794100425039     
  -8.7026476473087246       -3.8556709467861481     
  0.87077033615470001        10.261455398173249     
   4.2235312323425482        9.1310876911921568     
  -6.5793073103804689        2.3146933182240366     
  -7.6695098626617471        8.8920359507521329     
  0.68346773081163725      -0.20893531181891284     
 -0.43492768244803620       -6.4176733812088491     
  -4.4645881093490880        8.8363496945254596     
   8.1399028675685621        4.6534140998184830     
   3.8001899566698216       0.44470287879846221     
   5.3473629482449754        3.6884882957160339     
  -5.5944233408745179        9.1788462451492734     
   1.8496220579311884       -1.9431067511427700     
   9.7694485843257848       -5.4717439172376396     
   2.8319735521151137       -3.4461144140917579     
  -7.3599068307566498        5.0940783521435922     
  -3.8579912293748504        6.0671279064664896     
  -5.1693497514157078       -4.6665636612938055     
   2.2213909292050751        3.1803908703162245     
   8.1988874485552756       -6.5658004163982513     
  -2.4880084912352416        11.538140941550841     
  -4.1673318330050932       -4.6211308879330470     
 -0.77200906401208114        4.6782288836681651     
   4.9146601239627357       0.74474330468575256     
   6.8417168589587352        2.3030799451809085     
   1.5905239134145435        9.4971127051614648     
  -2.5929806082581726       -1.2434125598184003     
  -1.8253033251042867       -2.9358695831493713     
   3.7738951229233453       -3.7808295766132862     
  -1.1564398440635777       -1.0159968434935638     
   9.2442204586626087        8.2795397633061132     
  -5.6021019412325819        3.2262775635788068     
  -10.643651918879607       -6.3797925247684324     
  -7.7787770298106809       -4.7011567220413966     
 -0.35715827751202411       -1.6163925773313719     
 -0.55533260164714637        10.191512505265417     
   9.6111531721985788       0.89789395935320981     
   6.4479507031459868E-002  -10.497925240967680     
  -9.5241767151396584       -1.1961096696711806     
   3.4056487664174724        2.2675129561305782     
   10.782645847138170       -5.4854921540999699     
   8.6417992334780926        1.5753516408820964     
   11.204270529802855       -2.1621398977616022     
   3.0847113077981261       -5.0066306568779488     
  -3.3486447819773368       0.96385641292282864     
  -6.4068542364918865E-002   1.3530118685592167     
   6.5490424214260896        9.3188053792761245     


