  -9.0414644422358581        6.3566759559753292     
  -10.425940498906154       -1.0228713376876635     
   10.803304771055885       -2.5011377644711597     
   4.1698582459580003        1.7059379938192827     
  -10.310418193965630        1.9807189322908463E-002
  -4.6534010944520716       -5.4228598822304317     
  -12.383805979282624      -0.68037208354876610     
  -8.4369906036827444      -0.83763575529252776     
  -7.7107741651645352        8.4216677675816349     
  -6.9757895304308049       -7.8057350788019608     
   6.4970455144094501        7.3025248685394555     
  -1.3002874907977240        2.4987442535423203     
  -8.1890486933738931       -4.0000101766080833     
  -7.5082874376333368       -6.9530119815288147     
  -2.2891043200586147        11.859706543040744     
  -1.4054040199780629        12.327983704163790     
   4.4166939907548342        11.597393516275059     
  -7.8449807307541208       -3.0128007231070151E-002
  -11.757782935997314       0.58527731099579761     
   3.3245430462351333       -6.8656749034289604     
   6.3286096753825731       -5.2786864559079865     
  0.13328060310693485       0.23921988632390739     
   8.7641901817456525        7.5019601308775705     
  -4.6181519040894372       -5.2350021008815778E-002
  -8.5808026475682642        3.9774547404968237     
  -4.2962600111963383       -8.0110797653545216     
   6.9675688724464351        5.0166294056124334     
   2.3264383104169308       -8.4356672793057079     
   1.9672392675874391        7.9624260043539232     
  -5.6031310147106694      -0.23524000238199635     
   3.8096795544612507        10.316732006372701     
   9.0068079044142824       -3.3360818992258023     
  -2.7736070010188261      -0.84066090861921061     
 -0.35923485044810644        2.8348817127708408     
  -11.112704227960824       -2.7176087041706158     
   3.8616959816163212        4.4207917395922225     
  -4.2348476261038437       0.87116279725484880     
   7.5090448838262853       -6.7357914659298057     
  -1.2699048023958690        6.6383874727200594     
   6.1131581197875109       -3.7732725929611384     
 -0.64021946611563296       -6.3780726344321232     
  -7.1689915110231066       0.85045940030986400     
   8.4940971444305957E-002   7.8118766645143305     
  -1.1534643901640078       -5.5165908378462127     
   2.5132450559174129        10.280008288584243     
   2.6960255016300336       -9.7504964553501980E-002
   4.5255671143972895       -4.1040887673834971     
  0.47911817341835983        3.3788398903644907     
  0.37704303848100912        2.1574194791064203     
   6.6139050211989510        10.026765273138635     
  0.99704584013288400        8.2218379301131854     
   10.522426022122614        6.5763377334757420     
  -2.8555715858848361        8.8939089501502924     
   4.5410878653517397       -6.1138399351181567     
  -9.2138450042517022       -3.3212047745151554     
  -3.9654380222513024        3.4482266411091298     
  -11.622358103127178        1.5761042278204151     
   9.0692239128035226        8.4654586506040257     
  -1.7905919477470402       -6.2999616583226512     
  -5.5212471203430304        2.6845408367713741     
   1.5981726274367718        11.163045118470571     
   5.9908365014285314        3.3661753162129484     
   5.9339651290264541      -0.76288616219163263     
  -5.1507247010923454       -6.9560364972000137     
   6.9584783846606362       -4.4520655618741225     
   8.6875737526818551        3.1005514134142333     
   3.4942557711974604      -0.74450103447399929     
  -8.9282307841379254        4.9263252502164612     
  -2.3677328031974683       -11.322852429135743     
 -0.14993459905743420       -5.5050117506117333     
  -5.2288425719890608       0.73997760020908132     
   4.1044645014328536       -11.527015279982951     
   10.220527962804935       0.84314599872382312     
  -5.9062152144951634        10.914086885659314     
  -7.9886016709888992       -4.9794989746898688     
  -3.6819290656995354      -0.41872312426493674     
  -2.1146903224456133        5.1997886183934527     
   9.2799185528215382        1.1853615746020203     
   1.1325872681784610       0.36159505395999386     
 -0.28933493300281032       -2.7748339096576582     
  -10.691098136309169        1.0832161775924569     
  -4.0907463433088918       -6.8173129794541172     
   3.4102385204428094        7.5324369291945468     
   10.303348855232500        3.5824353797654647     
  -3.3672173053838619       -11.275634867743786     
   2.5015058790727500        7.1125754093009945     
  -8.7994577208239626        2.0135991202838603     
  -1.5096645461824969       -2.0560160246630561     
  -7.4892121802951888        9.3964795122078559     
   9.3492641779331240        4.8678827914803247     
   11.420420562250206      -0.55212401627379637     
  0.69532156914915388        7.0201822309799011     
  -10.917552804289853       -4.7170987418438370     
   8.4267378048188775       -4.9222351518482617     
   3.4203471423087315        1.0259110110464698     
   9.7276366401336585        2.7228820715180286     
  -7.3001153146172602        5.5126386113388275     
   3.8357158839686667       -1.7436532600367982     
   6.4440979362406265       -1.8742941905076720     
  -4.8193509611374878        7.6693711502862900     
  -3.6856970228340353       -5.6768129626863200     
   11.682578648898968        1.2962374047343139     
   9.4251328468990785      -0.39440846981475647     
   11.283824353349804       -1.6217146231881754     
 -0.27132932501226620        6.7129010265868398     
  -7.4364872274582954      -0.94872021118868566     
   5.1981089476017965       -3.3632234696701193     
   2.8068474060774284       -3.0585770701259043     
  -2.2097166564333053       -10.244900846644885     
   1.7503008819618795       -9.7783509713766286     
  -4.5209013153354505        2.6147092359995936     
  -2.8426560589215981        4.5093303490716963     
  -4.1028099529577711        5.8501324767888434     
   2.3025985721870894       -2.1928419663883081     
  0.46638266226438024        5.8287815018580256     
  -4.3516084563453177       -9.6732327403391878     
   7.5910897129488957        9.8100447185563091     
  -1.5431906026100475        4.2716604226881367     
   3.1644339605043252        5.2272314387345178     
  0.35441720226966966       -6.4871348414495378     
  -9.6102915693038078       -7.5613341118751158     
   2.8351433254231688       -9.9235045353241844     
  -9.7277704196099233        5.5447197473234944     
  -6.9399314933268759       -8.8071452687627456     
   2.0773859493253508        5.5829437384645235     
  -10.783701628792608        2.1228584357284297     
  -3.5653658124516685       -3.7663882456838129     
   3.4796114461770173       -8.2037121056455735     
   7.4939900986391219        7.2160280228215097     
   8.3017100481502730       -2.6193219718791587     
   1.0726238567973074       -11.354986743063112     
   4.2196136163140263       -7.3116231733067352     
  -7.0203509243725009       -4.6964328243153437     
   6.8834832348858352        2.9069516207715957     
  -8.4419642133270614       -1.8378502209609318     
   7.3702373559235035       -2.2572177433213829     
   1.3725705211345818        3.8288469566923227     
   4.3773030797391721       -9.5352973635180547     
   6.6427229420230605        9.0260891798392340     
  -3.2912774890533565       -7.9706028196394332     
   5.9190740403724398       -10.906400677111233     
   5.5462370684094919       -9.9773153460276323     
   1.4362111046831749       -3.8952591206574998     
  -3.2631937657103749        6.7036406327420588     
  -7.4001937970348397        1.8255443795525048     
   8.2798746864580366       -5.9919693919359620     
 -0.87435828407422944       -10.233741823577441     
  -8.5296062264817607        2.9761918986595335     
  -5.8393515751306717        1.6274026026592501     
   5.0319665742129365        5.1451398747273807     
   1.1824486815978625        5.1242122898269500     
   7.5588654580153092       -8.5916676828950767     
   3.2380599556854444        3.1614621412048769     
  0.51414785370229688        4.3781438315578827     
  -11.699631603948747       -1.5249413714136622     
  -5.0848184972612058        6.0733684465421689     
  -8.3269202800869717       -2.8371437274388405     
  -2.4977081267498087       -3.7907072066713972     
  0.93539374691861321       -1.6105405486260111     
 -0.70584181588929373        5.8117890370119776     
  -11.338339814684437        3.5175396910831629     
  -3.5841857226747287       -1.4333533176320952     
  -8.4315070180851208       -7.3636922274814687     
   6.3979828588998595       -8.3175370022406607     
  -7.2252280591676330       -3.7168788613384778     
   4.4979537216428280      -0.60633058567553100     
   4.5908341739241560       -8.2418582673833587     
   5.4016617361288075        8.9516730897756904     
  -2.0197144467504931        3.1930448100816564     
   3.2777146272882303        2.1616485589818009     
   12.380861997888822      -0.83002580244564661     
  -1.1062552798472722       -4.5168751458259626     
   4.1296202911203466        2.7071051564357695     
   8.9230450205608065        2.1288375183508732     
  -7.3801722688846798        2.8818505496263955     
   8.8668445855682911        5.7453520233602537     
   6.5560145603453659       -2.8768512422374006     
   8.4387532918308601      -0.57081205983691674     
  -1.2856742031955595       -7.3155233426551538     
  -2.3077807050097663        6.2140470113180255     
  -1.4325899932773214        10.045910417183643     
   4.7119070973266242       -10.532170951688549     
   1.7862143526558594       -7.1844416665816118     
  -4.5072308250447657       -1.0462948790508464     
  -6.4881976067332650        2.4295541200575910     
   4.3457927015461690       -2.6453141228173478     
  -8.9540028183455505       -5.3073001038897436     
   6.0171232901652054        5.3294482484619712     
  0.52888415165647773       -8.9219299957143132     
   9.9786826799651003       -3.0912514641969451     
   1.6953904249961718        8.9379580560996938     
   1.4378907706290855        2.7876014012600434     
  -9.3920269656825521       -2.1510164893821595     
   5.3334786954833175        4.1871555754685739     
   1.0310948944777043       -4.9877353478052937     
  -8.2874775898479172        5.6941011889833719     
  0.61563178256984774       -3.3087530056009573     
  -6.4410333834515789       -1.4353585290388067     
  -2.6403373899555356       -1.8311705974066008     
  -2.5489929662263315        9.8485762778388093     


