  3    ***    0.12929E-01    0.3227486122E-01    0.0000000000E+00
  3    ***    0.12929E-01    0.6454972244E-01    0.0000000000E+00
  3    ***    0.12929E-01    0.9682458366E-01    0.0000000000E+00
  3    ***    0.12929E-01    0.1290994449E+00    0.0000000000E+00
  3    ***    0.12929E-01    0.1613743061E+00    0.0000000000E+00
  3    ***    0.12929E-01    0.1936491673E+00    0.0000000000E+00
  3    ***    0.12929E-01    0.2259240285E+00    0.0000000000E+00
  3    ***    0.12929E-01    0.2581988897E+00    0.0000000000E+00
  3    ***    0.12929E-01    0.2904737510E+00    0.0000000000E+00
  3    ***    0.12929E-01    0.3227486122E+00    0.0000000000E+00
  3    ***    0.12929E-01    0.3550234734E+00    0.0000000000E+00
  3    ***    0.12929E-01    0.3872983346E+00    0.0000000000E+00
  3    ***    0.12929E-01    0.4195731958E+00    0.0000000000E+00
  3    ***    0.12929E-01    0.4518480571E+00    0.0000000000E+00
  3    ***    0.12929E-01    0.4841229183E+00    0.0000000000E+00
  3    ***    0.12929E-01    0.5163977795E+00    0.0000000000E+00
  3    ***    0.12929E-01    0.5486726407E+00    0.0000000000E+00
  3    ***    0.12929E-01    0.5809475019E+00    0.0000000000E+00
  3    ***    0.12929E-01    0.6132223631E+00    0.0000000000E+00
  3    ***    0.12929E-01    0.6454972244E+00    0.0000000000E+00
  3    ***    0.12929E-01    0.6777720856E+00    0.0000000000E+00
  3    ***    0.12929E-01    0.7100469468E+00    0.0000000000E+00
  3    ***    0.12929E-01    0.7423218080E+00    0.0000000000E+00
  3    ***    0.12929E-01    0.7745966692E+00    0.0000000000E+00
  3    ***    0.12929E-01    0.8068715305E+00    0.0000000000E+00
  3    ***    0.12929E-01    0.8391463917E+00    0.0000000000E+00
  3    ***    0.12929E-01    0.8714212529E+00    0.0000000000E+00
  3    ***    0.12929E-01    0.9036961141E+00    0.0000000000E+00
  3    ***    0.12929E-01    0.9359709753E+00    0.0000000000E+00
  3    ***    0.12929E-01    0.9682458366E+00    0.0000000000E+00
  3    ***    0.12929E-01    0.1000520698E+01    0.3278529209E+03
  3    ***    0.12929E-01    0.1032795559E+01    0.5620362293E+03
  3    ***    0.12929E-01    0.1065070420E+01    0.1054007283E+03
  3    ***    0.12929E-01    0.1097345281E+01    0.8185219951E+02
  3    ***    0.12929E-01    0.1129620143E+01    0.6014119310E+02
  3    ***    0.12929E-01    0.1161895004E+01    0.5075742546E+02
  3    ***    0.12929E-01    0.1194169865E+01    0.4654824242E+02
  3    ***    0.12929E-01    0.1226444726E+01    0.4446492021E+02
  3    ***    0.12929E-01    0.1258719588E+01    0.4717269835E+02
  3    ***    0.12929E-01    0.1290994449E+01    0.4582373005E+02
  3    ***    0.12929E-01    0.1323269310E+01    0.4378686513E+02
  3    ***    0.12929E-01    0.1355544171E+01    0.4297720372E+02
  3    ***    0.12929E-01    0.1387819032E+01    0.3889821706E+02
  3    ***    0.12929E-01    0.1420093894E+01    0.4001777254E+02
  3    ***    0.12929E-01    0.1452368755E+01    0.4197970921E+02
  3    ***    0.12929E-01    0.1484643616E+01    0.4092275847E+02
  3    ***    0.12929E-01    0.1516918477E+01    0.3905696530E+02
  3    ***    0.12929E-01    0.1549193338E+01    0.3733406396E+02
  3    ***    0.12929E-01    0.1581468200E+01    0.3643827810E+02
  3    ***    0.12929E-01    0.1613743061E+01    0.4119637283E+02
  3    ***    0.12929E-01    0.1646017922E+01    0.4021924202E+02
  3    ***    0.12929E-01    0.1678292783E+01    0.3894382390E+02
  3    ***    0.12929E-01    0.1710567645E+01    0.4604034194E+02
  3    ***    0.12929E-01    0.1742842506E+01    0.6170571012E+02
  3    ***    0.12929E-01    0.1775117367E+01    0.6758215330E+02
  3    ***    0.12929E-01    0.1807392228E+01    0.6607080881E+02
  3    ***    0.12929E-01    0.1839667089E+01    0.7086873841E+02
  3    ***    0.12929E-01    0.1871941951E+01    0.7124827059E+02
  3    ***    0.12929E-01    0.1904216812E+01    0.7443554262E+02
  3    ***    0.12929E-01    0.1936491673E+01    0.8107647037E+02
  3    ***    0.12929E-01    0.1968766534E+01    0.9089878085E+02
  3    ***    0.12929E-01    0.2001041396E+01    0.1499896887E+03
  3    ***    0.12929E-01    0.2033316257E+01    0.9573131630E+02
  3    ***    0.12929E-01    0.2065591118E+01    0.7356316916E+02
  3    ***    0.12929E-01    0.2097865979E+01    0.6541095435E+02
  3    ***    0.12929E-01    0.2130140840E+01    0.6094443696E+02
  3    ***    0.12929E-01    0.2162415702E+01    0.5699518010E+02
  3    ***    0.12929E-01    0.2194690563E+01    0.5885196118E+02
  3    ***    0.12929E-01    0.2226965424E+01    0.5756157989E+02
  3    ***    0.12929E-01    0.2259240285E+01    0.5575140407E+02
  3    ***    0.12929E-01    0.2291515147E+01    0.5959844677E+02
  3    ***    0.12929E-01    0.2323790008E+01    0.6006129142E+02
  3    ***    0.12929E-01    0.2356064869E+01    0.5605766382E+02
  3    ***    0.12929E-01    0.2388339730E+01    0.5165021805E+02
  3    ***    0.12929E-01    0.2420614591E+01    0.5278902424E+02
  3    ***    0.12929E-01    0.2452889453E+01    0.5329055578E+02
  3    ***    0.12929E-01    0.2485164314E+01    0.5248742782E+02
  3    ***    0.12929E-01    0.2517439175E+01    0.5315076871E+02
  3    ***    0.12929E-01    0.2549714036E+01    0.5392696609E+02
  3    ***    0.12929E-01    0.2581988897E+01    0.5619550836E+02
  3    ***    0.12929E-01    0.2614263759E+01    0.5806604990E+02
  3    ***    0.12929E-01    0.2646538620E+01    0.5866587900E+02
  3    ***    0.12929E-01    0.2678813481E+01    0.5858445226E+02
  3    ***    0.12929E-01    0.2711088342E+01    0.6240856058E+02
  3    ***    0.12929E-01    0.2743363204E+01    0.7254301141E+02
  3    ***    0.12929E-01    0.2775638065E+01    0.6676242722E+02
  3    ***    0.12929E-01    0.2807912926E+01    0.6383566772E+02
  3    ***    0.12929E-01    0.2840187787E+01    0.6560894239E+02
  3    ***    0.12929E-01    0.2872462648E+01    0.7033461566E+02
  3    ***    0.12929E-01    0.2904737510E+01    0.6761399897E+02
  3    ***    0.12929E-01    0.2937012371E+01    0.7033347107E+02
  3    ***    0.12929E-01    0.2969287232E+01    0.7353897646E+02
  3    ***    0.12929E-01    0.3001562093E+01    0.7719272829E+02
  3    ***    0.12929E-01    0.3033836955E+01    0.6587618847E+02
  3    ***    0.12929E-01    0.3066111816E+01    0.6361616756E+02
  3    ***    0.12929E-01    0.3098386677E+01    0.6331266963E+02
  3    ***    0.12929E-01    0.3130661538E+01    0.6229769777E+02
  3    ***    0.12929E-01    0.3162936399E+01    0.5979916434E+02
  3    ***    0.12929E-01    0.3195211261E+01    0.6012275909E+02
  3    ***    0.12929E-01    0.3227486122E+01    0.5732777046E+02
  3    ***    0.12929E-01    0.3259760983E+01    0.5832830710E+02
  3    ***    0.12929E-01    0.3292035844E+01    0.5929909336E+02
  3    ***    0.12929E-01    0.3324310705E+01    0.5852181603E+02
  3    ***    0.12929E-01    0.3356585567E+01    0.5737574142E+02
  3    ***    0.12929E-01    0.3388860428E+01    0.5515990495E+02
  3    ***    0.12929E-01    0.3421135289E+01    0.5738870790E+02
  3    ***    0.12929E-01    0.3453410150E+01    0.5751934364E+02
  3    ***    0.12929E-01    0.3485685012E+01    0.5869930403E+02
  3    ***    0.12929E-01    0.3517959873E+01    0.5808319309E+02
  3    ***    0.12929E-01    0.3550234734E+01    0.6028760175E+02
  3    ***    0.12929E-01    0.3582509595E+01    0.6127220455E+02
  3    ***    0.12929E-01    0.3614784456E+01    0.6096933253E+02
  3    ***    0.12929E-01    0.3647059318E+01    0.6174023435E+02
  3    ***    0.12929E-01    0.3679334179E+01    0.6463345340E+02
  3    ***    0.12929E-01    0.3711609040E+01    0.6567024852E+02
  3    ***    0.12929E-01    0.3743883901E+01    0.6728878079E+02
  3    ***    0.12929E-01    0.3776158763E+01    0.6532975710E+02
  3    ***    0.12929E-01    0.3808433624E+01    0.7018313092E+02
  3    ***    0.12929E-01    0.3840708485E+01    0.6807802325E+02
  3    ***    0.12929E-01    0.3872983346E+01    0.6594848106E+02
  3    ***    0.12929E-01    0.3905258207E+01    0.6534201946E+02
  3    ***    0.12929E-01    0.3937533069E+01    0.6393234415E+02
  3    ***    0.12929E-01    0.3969807930E+01    0.6293649054E+02
  3    ***    0.12929E-01    0.4002082791E+01    0.5982060838E+02
  3    ***    0.12929E-01    0.4034357652E+01    0.5375218512E+02
  3    ***    0.12929E-01    0.4066632514E+01    0.6098563786E+02
  3    ***    0.12929E-01    0.4098907375E+01    0.5919104438E+02
  3    ***    0.12929E-01    0.4131182236E+01    0.5700118683E+02
  3    ***    0.12929E-01    0.4163457097E+01    0.5602650336E+02
  3    ***    0.12929E-01    0.4195731958E+01    0.5802432816E+02
  3    ***    0.12929E-01    0.4228006820E+01    0.6040521586E+02
  3    ***    0.12929E-01    0.4260281681E+01    0.5962053096E+02
  3    ***    0.12929E-01    0.4292556542E+01    0.6003925038E+02
  3    ***    0.12929E-01    0.4324831403E+01    0.5777360199E+02
  3    ***    0.12929E-01    0.4357106264E+01    0.5896471730E+02
  3    ***    0.12929E-01    0.4389381126E+01    0.5952183448E+02
  3    ***    0.12929E-01    0.4421655987E+01    0.6107818710E+02
  3    ***    0.12929E-01    0.4453930848E+01    0.6261190186E+02
  3    ***    0.12929E-01    0.4486205709E+01    0.6346156841E+02
  3    ***    0.12929E-01    0.4518480571E+01    0.6060437690E+02
  3    ***    0.12929E-01    0.4550755432E+01    0.6004978306E+02
  3    ***    0.12929E-01    0.4583030293E+01    0.6164818918E+02
  3    ***    0.12929E-01    0.4615305154E+01    0.5947145551E+02
  3    ***    0.12929E-01    0.4647580015E+01    0.6028500880E+02
  3    ***    0.12929E-01    0.4679854877E+01    0.6340644819E+02
  3    ***    0.12929E-01    0.4712129738E+01    0.6446179919E+02
  3    ***    0.12929E-01    0.4744404599E+01    0.6557922395E+02
  3    ***    0.12929E-01    0.4776679460E+01    0.6552824428E+02
  3    ***    0.12929E-01    0.4808954322E+01    0.6328300627E+02
  3    ***    0.12929E-01    0.4841229183E+01    0.6387489355E+02
  3    ***    0.12929E-01    0.4873504044E+01    0.6286842329E+02
  3    ***    0.12929E-01    0.4905778905E+01    0.6212400472E+02
  3    ***    0.12929E-01    0.4938053766E+01    0.6064126860E+02
  3    ***    0.12929E-01    0.4970328628E+01    0.6092969642E+02
  3    ***    0.12929E-01    0.5002603489E+01    0.6283622577E+02
  3    ***    0.12929E-01    0.5034878350E+01    0.5998227401E+02
  3    ***    0.12929E-01    0.5067153211E+01    0.6089420667E+02
  3    ***    0.12929E-01    0.5099428073E+01    0.5998372966E+02
  3    ***    0.12929E-01    0.5131702934E+01    0.5938035782E+02
  3    ***    0.12929E-01    0.5163977795E+01    0.6038747654E+02
  3    ***    0.12929E-01    0.5196252656E+01    0.6043009069E+02
  3    ***    0.12929E-01    0.5228527517E+01    0.5974686418E+02
  3    ***    0.12929E-01    0.5260802379E+01    0.5932904512E+02
  3    ***    0.12929E-01    0.5293077240E+01    0.6272904698E+02
  3    ***    0.12929E-01    0.5325352101E+01    0.6039722076E+02
  3    ***    0.12929E-01    0.5357626962E+01    0.6226025974E+02
  3    ***    0.12929E-01    0.5389901823E+01    0.6396633119E+02
  3    ***    0.12929E-01    0.5422176685E+01    0.6081752209E+02
  3    ***    0.12929E-01    0.5454451546E+01    0.6055330810E+02
  3    ***    0.12929E-01    0.5486726407E+01    0.6061070937E+02
  3    ***    0.12929E-01    0.5519001268E+01    0.6235812020E+02
  3    ***    0.12929E-01    0.5551276130E+01    0.6030181270E+02
  3    ***    0.12929E-01    0.5583550991E+01    0.6036557851E+02
  3    ***    0.12929E-01    0.5615825852E+01    0.6065170138E+02
  3    ***    0.12929E-01    0.5648100713E+01    0.6444854012E+02
  3    ***    0.12929E-01    0.5680375574E+01    0.6404648832E+02
  3    ***    0.12929E-01    0.5712650436E+01    0.6317576565E+02
  3    ***    0.12929E-01    0.5744925297E+01    0.6279115312E+02
  3    ***    0.12929E-01    0.5777200158E+01    0.6290160001E+02
  3    ***    0.12929E-01    0.5809475019E+01    0.6313565760E+02
  3    ***    0.12929E-01    0.5841749881E+01    0.6313575192E+02
  3    ***    0.12929E-01    0.5874024742E+01    0.6311900897E+02
  3    ***    0.12929E-01    0.5906299603E+01    0.6193037146E+02
  3    ***    0.12929E-01    0.5938574464E+01    0.6099892908E+02
  3    ***    0.12929E-01    0.5970849325E+01    0.6152403897E+02
  3    ***    0.12929E-01    0.6003124187E+01    0.6018201794E+02
  3    ***    0.12929E-01    0.6035399048E+01    0.5929131795E+02
  3    ***    0.12929E-01    0.6067673909E+01    0.5970848357E+02
  3    ***    0.12929E-01    0.6099948770E+01    0.5979700287E+02
  3    ***    0.12929E-01    0.6132223631E+01    0.6085749077E+02
  3    ***    0.12929E-01    0.6164498493E+01    0.5882700880E+02
  3    ***    0.12929E-01    0.6196773354E+01    0.6013679913E+02
  3    ***    0.12929E-01    0.6229048215E+01    0.5890369917E+02
  3    ***    0.12929E-01    0.6261323076E+01    0.6099442524E+02
  3    ***    0.12929E-01    0.6293597938E+01    0.6152398220E+02
  3    ***    0.12929E-01    0.6325872799E+01    0.5979732074E+02
  3    ***    0.12929E-01    0.6358147660E+01    0.6219888569E+02
  3    ***    0.12929E-01    0.6390422521E+01    0.6433373197E+02
  3    ***    0.12929E-01    0.6422697382E+01    0.6295768655E+02
  3    ***    0.12929E-01    0.6454972244E+01    0.6009435365E+02
