  -8.3347474626993669        5.8653025233156058     
  -12.214337460659461       -2.1868689436757345     
   7.4151042098911901       -2.1965236176807048     
   2.4966037401718579        1.7593438581550502     
  -10.986425786707375       -1.5788397572652877     
  -3.4068186642043754       -6.8239046277960025     
  -12.408376954719348       -4.8050534429630734E-003
  -8.9954924629362409      -0.61946012778747095     
  -7.0192860569530371        9.9650862237215687     
  -9.3496573983439273       -7.9429733688043278     
   6.0741826450920851        7.9839012674448169     
 -0.96296084124205139        2.5763003503521920     
  -6.3821945021809912       -3.8392841168894467     
  -5.3929874389023835       -5.7317766101514245     
  -4.0845776163881666        11.717401866820696     
  -2.8087907932435364E-002   12.291125179745926     
  0.96863236727989921        12.370615717482123     
  -9.9240140475237766       0.23940053209564890     
  -11.986590310303935        3.2078652308325535     
  0.62727450372847326       -8.5777434530631353     
   6.3046864618810847       -5.6968245870452581     
  0.94102682626104539       0.79185540521204045     
   7.2305546885013587        6.5109057595719877     
  -6.9207060105011502       -1.8175901299080721     
  -8.7926092085808882        2.9744078673028511     
  -8.6873054301647876       -8.6922860445946331     
   6.9649972180420274        7.4837305803724776     
   3.9770511660389229       -9.6675270242978524     
   2.0573688046105700        6.2733599626213952     
  -2.3999880210957989       -1.1050470550782705     
   2.3764181039427110        7.2396562643425240     
   7.9968984765118947       -1.2918466339771695     
  -1.8587197703362017        3.7095564837551810E-002
  0.88278499694423229        2.6242158706121375     
  -10.735946948240601       -5.8796415633454178     
   3.7197141712776074        5.0214157743018575     
  -2.5853146766102113       0.72370577580545814     
   5.0559841587866394       -5.3385490634275508     
   6.2536374803419101E-002   6.6417590503962813     
   3.5304119507654481       -2.1209792843668844     
  0.64849463487402292       -6.8640431629361798     
  -9.1427906369910446       0.86415625146516806     
  -1.6967705172548491        8.2221109727171111     
  -3.6827042921702544       -5.8606370002038473     
   1.0832036431637564        6.5056443213344428     
   3.7834768703429607       -1.0486994533749276     
   1.4885541058411254       -3.9964898507888273     
  0.49064084531218360        3.8924587902327792     
  0.15441879727863497        1.8924422226434261     
   6.1001429667731095        8.9875305469267985     
   1.0843904807079288        8.5839985671112586     
   8.4911354515828386        4.0170232276205491     
  -2.3359402967055192        11.326571700175332     
   2.9792376985530460       -5.4520215713962781     
  -10.690897590921962       -4.0326389560326303     
  -4.7538377132911220        6.2669024267180893     
  -11.028450705734363        1.5256623922202399     
   10.502125393318098        5.7964797414229494     
  -2.2601287825781236       -6.1099154112983554     
  -6.1671204289373893        3.1278390238044551     
  -1.2423620289077522        11.389442076550759     
   4.5010779291445555       0.82723282408103660     
   5.4506545521129608       -2.5650048944036485     
  -6.1601960312051602       -7.0789250925631269     
   5.5215061800401379       -3.7323084005125140     
   8.3580356395498381       0.87580584965430375     
   2.9153971964937968       0.85063178140474272     
  -7.7176809474405657        5.0764810295563816     
  -2.2123172994735842       -12.204862476351684     
  -1.0609710163152617       -3.7841795343810967     
  -6.2600550683120044       -6.0322383497035538E-002
   3.4017479476669688       -11.934588260916883     
   8.9415207915577426        6.2524719839474802E-002
  -6.1730074592866231        9.4325660886502725     
  -9.9820473132534229       -2.7385269503179601     
  -4.1156789619814553       0.12110481236005512     
  -1.3353368704509920        5.9098731162180158     
   11.202023336609306        2.7582703651744249     
   2.0677290161021524       -2.0246246675643138     
   1.0852417296295154       -1.2090239964381244     
  -11.688927667540083       0.69038696673533972     
  -2.2888177328614496       -7.1092025132588814     
   5.1883008547474487        7.0374682046075501     
   10.059207986685569        4.0961232792492597     
  -3.4151180545273707       -11.928358820393903     
   1.3127131197111190        4.5350850490672121     
  -6.4933287614222124        2.1816066077528600     
  -4.2027123135398465      -0.87596440319513003     
  -7.9278026895029452        9.5476000489975767     
   9.8171549806529921        5.0668682289674143     
   10.927110985136133      -0.22602573169396056     
  -3.1663712378588782        9.5167135019103313     
  -9.7059148022901116       -5.7578712859842902     
   9.7212313626566331       -4.9177629717021922     
   3.4963177882781320        1.7663067319830219     
   11.283346676277748        5.1505149755272566     
  -6.6723297660705789        4.8009039354505703     
   5.4909858240717453       0.59811132353395358     
   4.5288731035445311       -2.1768920882961451     
  -4.2707802715868954        7.6122374691534525     
  -4.3913908133785462       -4.0066380486573401     
   12.409552798096524        3.7076281448322305E-002
   9.9293250922255272       -9.1609049215773314E-002
   9.3106641857394159       -2.0173267744826595     
  -2.5938922844334744        8.6918877220529733     
  -7.9104535242754492       -1.9765506838417490     
   5.9044907090574954       -4.7498642256398194     
   2.1718667420734028       -4.8353474726927876     
  -1.2309171346821539       -10.658221897749755     
   2.9164215764933017       -9.4312585990436748     
  -3.4825323890689641        1.1636003834010129     
  -3.6413533877628264        4.6477009858117198     
  -2.6312410851100361        7.4361354820955814     
   1.7655925469678306       -2.9822987894648545     
  0.48082753480894763        7.7600315245408291     
  -4.5101565318853680       -10.489523219301955     
   9.3777766580528397        8.0973235033894255     
 -0.96298887009789147        3.5808045942827733     
   4.4550443735835152        5.7012011898663904     
 -0.97066858408484025       -5.5991685883589630     
  -10.071863525526979       -7.2476542643338693     
   1.7221012159885212       -11.363526883260704     
  -11.181320327501499        5.3781897993146170     
  -5.3275339938314152       -9.7519887427737526     
   2.3027024473617086        5.1451373779077709     
  -9.7892890749245396        3.0673910130458069     
  -3.4161962613081420       -1.5059758609266660     
   2.3667317202168108       -10.266510562756309     
   9.2489921275850353        7.1056933885950029     
   7.6894680238030579       -4.5748131483742114     
  0.29071624117458744       -12.405527931278383     
   3.0343842065774398       -8.4138088705689906     
  -9.3552743237399749       -4.6914897594670348     
   5.6767438161554233        3.2216326942357423     
  -8.3786902326305999       0.21604631297457266     
   8.9713585731088852      -0.93850704160158205     
  -1.6979809319638044        4.9732781149782248     
  0.44369360904036437       -9.5816760514142061     
   8.6916844186399196        8.8551854954739433     
  -5.4257788064853791       -8.7275229842711433     
   3.4263781340622530       -10.503420050094665     
   4.8998918971467900       -10.075308393185905     
  0.80547086401999690       -3.2598255347687783     
  -1.6411716273064545        7.1754745619814653     
  -6.6306517507342679       0.86889396860908252     
   8.9140715917126947       -7.2771572330749841     
  -3.1079275607826031       -10.091407656034809     
  -8.3114852058698023        1.4197778737851452     
  -4.4772295956915036        1.0538561090401593     
   3.1414211928094788        5.8386968633403296     
   2.8945901168957677        4.0129889379914543     
   9.9058432183673801       -7.4111587165179653     
   1.3819170225484612        5.5357136645688136     
 -0.50358576830032031        5.2598461490878385     
  -12.364944621597944       -1.0344386293166341     
  -4.6846285244339532        3.7901018471114027     
  -7.9107756018548239       -2.9937241905451382     
   8.5463657130603499E-002  -1.1644281251775301     
   1.1533155634744521      -0.19611911791917849     
  -2.6987854889295377        4.9839198936160765     
  -11.267802703000065        2.5035556279358384     
  -6.0626046519191608       -1.0971044895781805     
  -8.1026897901194541       -6.6180425900514859     
   6.3580943942891901       -6.6985001191076607     
  -5.3814512501454077       -3.8483560149605478     
   6.7636403852215530       -1.4382641386432682     
   5.8841183955173806       -9.7460103454317792     
   4.7765846488422765        11.452617294765245     
  -3.0790717956358433        3.7772432502094939     
   1.8799075680862527        2.5466822307874302     
   12.218240098052469       -2.1722567494627341     
 -0.41904201191689805       -6.4544683662494071     
   2.9638085480955998      -0.39969052460262783     
   9.2967529954192560        3.4138444690076151     
  -7.3319198165153017        1.6226365304103627     
   6.6874881425410386        4.6176510823438788     
   8.3174776675772293       -3.5751338836814845     
   7.9467053038771862       -4.0603121313555125E-002
   1.6487214530332042       -6.8485037807456965     
  -3.3918274688491019        8.0888712049571723     
  -2.6180936702770996        10.353336451670321     
   4.1129382249261690       -11.231284390173894     
   1.2093826384839119       -5.9419432254975622     
  -5.1184718205397646       -1.4274392916325840     
  -5.6086279583020113       0.70399260182590995     
   2.7469444384072199       -2.7577688336942074     
  -11.677454760251100       -4.1948113296381777     
   4.5264748918586717        4.4105113759179506     
  0.12122481967272093       -7.7143213439112515     
   10.542671210403359       -4.3457972198391097     
   2.0111017768869699        8.2082713769936237     
   2.7870933460107929        3.0051464901343743     
  -9.7396373241135556       -3.7246589777823371     
   6.2988950581170062        1.1885761283844074     
  0.33206200348143372       -4.1410827325386599     
  -9.9323167854048862        7.0379267691958791     
   2.4477292039391298       -3.7129821682280761     
  -7.9997174524995085      -0.70913752587197143     
  -1.8493310056514096       -3.1623686055848461     
  -4.3919177239083265        10.763528584719420     
