   10.415855896996854        3.9391754329578768     
   2.5149892098123887        8.0764772185734746     
   10.057414557054361       -5.5293255936773873     
   3.8613869705836557        3.6459830274897067     
  -6.6660976436538082        2.2773484661036005     
  -10.796160492258581        5.7801061761343666     
   3.8900098462687187        10.616957386274759     
 -0.46856283108400693       -10.489751263378885     
   10.481600370513082        2.9194804453521210     
   8.0342578311566690      -0.86479016656630825     
  -2.4914656431713467        12.157229604322779     
  -9.3203524190049301        7.9983815385615182     
   2.9518883783491572       -1.3930960439815570     
   6.7141003548853009       -8.2825538882510550     
 -0.73157077721817709       0.16003705845731839     
  -3.2368725535670144       -1.7500565459069286     
  -11.484460715550975       -6.1337830363420977E-002
   7.5239915158160056       0.25290895131688285     
   7.5644857747987730       -7.7533581674607719     
  -5.0514211580523520       -2.6795112345927752     
   4.0309532090049860       0.49899788313005156     
  0.66754270949364136       -6.6695702193905708     
  -3.8053203221984244        4.0229115960775115     
  -4.4771815913772048        9.3849177748300363     
   7.8195934776221225        4.8180596647951415     
   4.9729271480055033       0.83486383080350490     
   2.8888445426656135      -0.21754281978386839     
   1.5727479846998709       -6.2408645764263193     
   5.3404931843242771        3.2215103159064453     
   8.9495338735867147        6.1692822840923727     
  -3.2163578598156772       -4.8332498516694642     
  -8.0706419118396138       -4.8157622620926936     
   1.4648483398092462        4.5589495607156314     
  -11.836727496219892       -3.7266612294691099     
   9.4408434153314573       -1.2418437141611456     
  -5.1204528333925605        7.5296958133250689     
  -11.241292229087840        1.9968306977626464     
   3.8520215400608788      -0.48743351096137721     
   2.4843515112003485        9.0805955878258171     
   2.7163751276655859       -11.793472772453292     
  -6.4855583024907757       -6.2574532588093161     
  -1.2577880433957938        1.0102762030167081     
  -4.0970041970820130        10.487393245760941     
   4.7304820345242833       -8.2379821435008953     
  -8.7325249035268442        5.6363357551569013     
  -2.1961117213733803        9.0225032814043296     
 -0.75948115169772401        10.728025780249284     
  -9.4520045149079390        6.9463381529648887     
  -10.386413708067192        4.8670089340414080     
   5.8514719693424295        1.3133017008353376     
   6.5166829565193778        9.5168897874102267     
   9.0567098403104005        2.6608747850501220     
  0.25345955087272198        10.999883951152789     
  -9.0598940642478460       -3.3539850261113093     
   1.4435047137401318        6.6320905621654909     
   6.9212531025437123       -4.1601196585312090     
   6.6898933608491165        5.2725224514150639     
   2.5087458244542078       -10.789998094698925     
   1.0543893128049391        10.348064693254340     
  -9.5924181773220258        3.5960840910028935     
  -10.816224131332252        1.0921291362330656     
  -5.0581128726735498       -4.6718513053340329     
   5.7252628309662859       -8.1346020864288757     
  -7.4539000643115383       -3.9427483148895615     
   5.1397705816762880       -7.3241116959041630     
  -1.0560404291238754       -7.5797761117456526     
  -4.8417038443659663        3.7901495464557611     
   8.6088833165079635        8.9376502803131679     
  -3.1568487537033119        5.4015227867264173     
  -1.5858959229396838        10.160587438369488     
  -6.0457874920993397       -2.5742931794186932     
  -2.7092695319707296       -11.106950052174573     
   3.0651861023764222       0.77361357029867539     
 -0.59397166832346315        11.884061457058914     
   7.5011935508153966       -1.7110743378938931     
   11.272713289893668       -5.1804114183629100     
   9.9626544218270094        6.1648936526289519     
  -1.7016600492180158      -0.10466757521551358     
 -0.19729598985850538       -2.9268998920730382     
  -3.4095108164077175        11.758595199381155     
   4.1392971986885430       -7.4312064391909951     
   9.2178744630444349        5.1179456838162167     
 -0.17622969490116755       -12.408143534941379     
   5.2806663033445007        5.0724320038879247     
  -4.2312679551849062       0.93158961206396929     
   3.2083968957092459        4.4029375753278170     
   9.6110122203551427       -4.1131564628768320     
   7.6110483932936663        8.9983914460961536     
  -7.9752430634025115       -9.4300505354022164     
  -1.1590462681891678       -9.7616687065745111     
 -0.41370886127272644        5.1322829980534745     
   4.3318704802432686       -10.633058257842634     
   2.0379106678383012        9.9776880665536218     
  -5.3162163783157288       -5.2430621632106968E-002
  -2.5640818651477826        9.9530305082676396     
  -3.5373650227739191      -0.79443320308753884     
  -7.4736710855732778       -5.6543590382926556     
  0.79963702522545466       -8.6471967756439394     
   4.7950813524504721      -0.14873840014609446     
  -7.3302623738784511        7.8703156574912754     
  -12.404652946954011       0.33129153301109465     
 -0.41443567737407999        2.7362977322733038     
   5.7452924416831745       0.16211239861080082     
   5.3253270811331372       -9.0508078753187426     
   2.0677118738406728      -0.79085052496776875     
  -12.239594474477034        2.0468006271588481     
  -11.058134740327739       -3.0962985895069841     
   8.5019101892339926       -1.8063492865546935     
  -9.6229013048270655        1.1372197903596524     
   12.312244100380948       -1.5420984165579084     
  0.31596348281540798        9.6732140217800318     
  -9.7325920447631606        5.6254617354104850     
 -0.75469922140887036       -5.1623782864696137     
   6.0875291525095721        4.4712378827779791     
   4.3219385827276522        7.2944687537542645     
  -2.7254129568579644       -12.106838349031461     
   2.0422787468173520       -1.8076843030255594     
  -4.4620390511626642       -11.117465530813192     
  0.40235444232391004        11.988528779539619     
   1.2366779340186789        3.5853697824828932     
   4.4399992307203542        2.7866634959681038     
  -3.9771745862360630       -9.7086881210921341     
  -12.293847682429174       -1.6924726099299916     
  -4.3157568042824144       -6.4900800131734215E-002
   2.5769358814110683        6.8818805432834109     
  -2.7439094575331597      -0.10908814969053592     
  -4.8695388945677029       -9.2487406654348501     
  -6.9665252655760241        6.9342546721776568     
  -5.3365999232926908        11.203291829165513     
  -7.8842669525744622       -7.5405099592482001     
  -4.6738740536325158       -7.0586393875832707     
   4.6350460081112930        11.286822427215695     
   4.5604110857695490        4.3674129839714606     
   2.7159947091583740        11.861136920955635     
  -10.497861478001155       -2.2661048695602011     
   1.6025882407772829       -7.2570995537257170     
  -2.1888740732814189       -2.0344600449025294     
 -0.18695067579637772       -9.5281869044993606     
 -0.16140734933878617      -0.71866794211678853     
  -5.9885866829904657        8.0255783408133077     
  -7.2667959770634898       -8.3286728831615502     
 -0.45725300601975943        6.1404952610202885     
   1.4851030207206450        9.1415475150797114     
  -3.0753976194173318        7.6664567808297823     
   7.3368962783083207       -5.7791046323910837     
   10.709035981280172       -3.9331050022195719     
  -11.954136508049226       -2.6360183864094839     
  -12.281527793520620      -0.68179965923082531     
   9.8467852515686598       -3.1410161602495390     
  -3.5288351273899647       -6.1008473404284311     
  -4.1260874418132527        3.0748024838757932     
   1.2923140786871201       -10.047110609609748     
   3.1053808378348422       -2.9970850829150115     
   7.7732715568681936        2.0466012015557604     
  -7.1466604072686417        8.8602591356067659     
  -3.1407401305213765       -7.0240275969082067     
  -9.8370341826518187E-002  -7.8834950833101294     
  -9.2436632893150676       -8.2801757866075008     
   9.4082465019780539       -2.2420691029818025     
  0.47026054722086630        4.6640629807055403     
   2.1847301627126376        5.9623846578299267     
   8.1566403165055981        8.0451467915415158     
   3.3474436353063370        7.5244341422369292     
  -9.3939957443556086       -5.2575287380485962     
  -8.1014244991877398        9.1772861894102533     
   7.7394604493104380       -4.7344740768502414     
  -3.1485826427746662        6.4011355021850616     
   1.2436817883463960       -12.346887068322275     
   6.1282196735231587       -10.231421713783314     
   9.9776852813279628        7.3782293733379429     
   6.6120638358173274       0.66384958149253914     
   1.2642753204066626        5.5400159854698989     
   11.738126415481197        3.1791336747660055     
   2.5021825411929495       -6.6114436796455767     
  -1.4129367123672281       -6.6389059560105146     
  -8.5976446197552665       -6.8381968232279000     
   9.6185783077061870        3.9123935629990468E-002
  0.21232843659433270        1.9369472499122986     
  -8.9547610246027087       -4.3486618976539457     
  -5.4328173182170278        1.0691906368859996     
   3.9473458983368213       -1.4879769948060639     
   11.354859567667576        1.2160335160552265     
  -8.2577638098226540       -8.4680499752056555     
   10.874900298515154      -0.84551077746078918     
 -0.68184638959788368        9.7315703260928252     
  -6.0134390822508266       -1.5740395179205082     
  -2.3953876100665070        3.4286363757096221     
   2.4785185356999921        10.889821102865746     
   4.5005735532011926        6.3094415287024246     
 -0.25793139673082538        1.0453568793039569     
  -3.9681958913894939       -4.1744350769388356     
   8.4291159260465474       -7.2524174697010464     
  -7.0334165023414492       -3.0320466897755249     
  -10.118337995193512       -3.4418035584019671     
  -10.326147146638498       -5.6213887396644893     
  -4.0282337634701575       -8.7087277732972090     
  -5.8144805082567119       -9.5797247105441112     
  -7.4119567554577950       -6.6579360397259775     
   5.2522709374685030       -2.1698956274164125     
  0.23376242721381066        3.4973655423031893     
