  4    ***    0.12929E-01    0.3227486122E-01    0.0000000000E+00
  4    ***    0.12929E-01    0.6454972244E-01    0.0000000000E+00
  4    ***    0.12929E-01    0.9682458366E-01    0.0000000000E+00
  4    ***    0.12929E-01    0.1290994449E+00    0.0000000000E+00
  4    ***    0.12929E-01    0.1613743061E+00    0.0000000000E+00
  4    ***    0.12929E-01    0.1936491673E+00    0.0000000000E+00
  4    ***    0.12929E-01    0.2259240285E+00    0.0000000000E+00
  4    ***    0.12929E-01    0.2581988897E+00    0.0000000000E+00
  4    ***    0.12929E-01    0.2904737510E+00    0.0000000000E+00
  4    ***    0.12929E-01    0.3227486122E+00    0.0000000000E+00
  4    ***    0.12929E-01    0.3550234734E+00    0.0000000000E+00
  4    ***    0.12929E-01    0.3872983346E+00    0.0000000000E+00
  4    ***    0.12929E-01    0.4195731958E+00    0.0000000000E+00
  4    ***    0.12929E-01    0.4518480571E+00    0.0000000000E+00
  4    ***    0.12929E-01    0.4841229183E+00    0.0000000000E+00
  4    ***    0.12929E-01    0.5163977795E+00    0.0000000000E+00
  4    ***    0.12929E-01    0.5486726407E+00    0.0000000000E+00
  4    ***    0.12929E-01    0.5809475019E+00    0.0000000000E+00
  4    ***    0.12929E-01    0.6132223631E+00    0.0000000000E+00
  4    ***    0.12929E-01    0.6454972244E+00    0.0000000000E+00
  4    ***    0.12929E-01    0.6777720856E+00    0.0000000000E+00
  4    ***    0.12929E-01    0.7100469468E+00    0.0000000000E+00
  4    ***    0.12929E-01    0.7423218080E+00    0.0000000000E+00
  4    ***    0.12929E-01    0.7745966692E+00    0.0000000000E+00
  4    ***    0.12929E-01    0.8068715305E+00    0.0000000000E+00
  4    ***    0.12929E-01    0.8391463917E+00    0.0000000000E+00
  4    ***    0.12929E-01    0.8714212529E+00    0.0000000000E+00
  4    ***    0.12929E-01    0.9036961141E+00    0.0000000000E+00
  4    ***    0.12929E-01    0.9359709753E+00    0.0000000000E+00
  4    ***    0.12929E-01    0.9682458366E+00    0.0000000000E+00
  4    ***    0.12929E-01    0.1000520698E+01    0.2606058351E+04
  4    ***    0.12929E-01    0.1032795559E+01    0.2874077561E+04
  4    ***    0.12929E-01    0.1065070420E+01    0.6256659946E+03
  4    ***    0.12929E-01    0.1097345281E+01    0.5063464630E+03
  4    ***    0.12929E-01    0.1129620143E+01    0.4640644444E+03
  4    ***    0.12929E-01    0.1161895004E+01    0.4073218834E+03
  4    ***    0.12929E-01    0.1194169865E+01    0.3877066739E+03
  4    ***    0.12929E-01    0.1226444726E+01    0.3569688341E+03
  4    ***    0.12929E-01    0.1258719588E+01    0.3551313124E+03
  4    ***    0.12929E-01    0.1290994449E+01    0.3348458833E+03
  4    ***    0.12929E-01    0.1323269310E+01    0.3131729148E+03
  4    ***    0.12929E-01    0.1355544171E+01    0.3013804023E+03
  4    ***    0.12929E-01    0.1387819032E+01    0.2966857849E+03
  4    ***    0.12929E-01    0.1420093894E+01    0.2887882907E+03
  4    ***    0.12929E-01    0.1452368755E+01    0.2713345000E+03
  4    ***    0.12929E-01    0.1484643616E+01    0.2752883812E+03
  4    ***    0.12929E-01    0.1516918477E+01    0.2686453295E+03
  4    ***    0.12929E-01    0.1549193338E+01    0.2788796679E+03
  4    ***    0.12929E-01    0.1581468200E+01    0.2918632570E+03
  4    ***    0.12929E-01    0.1613743061E+01    0.2877572815E+03
  4    ***    0.12929E-01    0.1646017922E+01    0.2731842597E+03
  4    ***    0.12929E-01    0.1678292783E+01    0.2814279687E+03
  4    ***    0.12929E-01    0.1710567645E+01    0.3255224851E+03
  4    ***    0.12929E-01    0.1742842506E+01    0.8670213926E+03
  4    ***    0.12929E-01    0.1775117367E+01    0.6367599455E+03
  4    ***    0.12929E-01    0.1807392228E+01    0.5223998616E+03
  4    ***    0.12929E-01    0.1839667089E+01    0.5328045523E+03
  4    ***    0.12929E-01    0.1871941951E+01    0.5533875497E+03
  4    ***    0.12929E-01    0.1904216812E+01    0.5797092294E+03
  4    ***    0.12929E-01    0.1936491673E+01    0.6413874660E+03
  4    ***    0.12929E-01    0.1968766534E+01    0.7393628378E+03
  4    ***    0.12929E-01    0.2001041396E+01    0.1398070848E+04
  4    ***    0.12929E-01    0.2033316257E+01    0.1033569007E+04
  4    ***    0.12929E-01    0.2065591118E+01    0.5894196796E+03
  4    ***    0.12929E-01    0.2097865979E+01    0.5205398062E+03
  4    ***    0.12929E-01    0.2130140840E+01    0.4927961885E+03
  4    ***    0.12929E-01    0.2162415702E+01    0.4683377121E+03
  4    ***    0.12929E-01    0.2194690563E+01    0.4649154031E+03
  4    ***    0.12929E-01    0.2226965424E+01    0.4397193177E+03
  4    ***    0.12929E-01    0.2259240285E+01    0.4402660826E+03
  4    ***    0.12929E-01    0.2291515147E+01    0.4197464426E+03
  4    ***    0.12929E-01    0.2323790008E+01    0.3997722865E+03
  4    ***    0.12929E-01    0.2356064869E+01    0.3917714174E+03
  4    ***    0.12929E-01    0.2388339730E+01    0.3962945091E+03
  4    ***    0.12929E-01    0.2420614591E+01    0.3824162155E+03
  4    ***    0.12929E-01    0.2452889453E+01    0.3680556082E+03
  4    ***    0.12929E-01    0.2485164314E+01    0.3846015608E+03
  4    ***    0.12929E-01    0.2517439175E+01    0.3953055565E+03
  4    ***    0.12929E-01    0.2549714036E+01    0.3930336388E+03
  4    ***    0.12929E-01    0.2581988897E+01    0.4047972848E+03
  4    ***    0.12929E-01    0.2614263759E+01    0.4252525180E+03
  4    ***    0.12929E-01    0.2646538620E+01    0.5246184356E+03
  4    ***    0.12929E-01    0.2678813481E+01    0.7490290760E+03
  4    ***    0.12929E-01    0.2711088342E+01    0.6024451081E+03
  4    ***    0.12929E-01    0.2743363204E+01    0.6790811811E+03
  4    ***    0.12929E-01    0.2775638065E+01    0.5381142175E+03
  4    ***    0.12929E-01    0.2807912926E+01    0.5242155358E+03
  4    ***    0.12929E-01    0.2840187787E+01    0.5405171067E+03
  4    ***    0.12929E-01    0.2872462648E+01    0.5228540207E+03
  4    ***    0.12929E-01    0.2904737510E+01    0.5406388499E+03
  4    ***    0.12929E-01    0.2937012371E+01    0.5507710685E+03
  4    ***    0.12929E-01    0.2969287232E+01    0.5646337307E+03
  4    ***    0.12929E-01    0.3001562093E+01    0.6746049815E+03
  4    ***    0.12929E-01    0.3033836955E+01    0.5944980124E+03
  4    ***    0.12929E-01    0.3066111816E+01    0.4653616432E+03
  4    ***    0.12929E-01    0.3098386677E+01    0.4520627004E+03
  4    ***    0.12929E-01    0.3130661538E+01    0.4377305195E+03
  4    ***    0.12929E-01    0.3162936399E+01    0.4379212737E+03
  4    ***    0.12929E-01    0.3195211261E+01    0.4352126658E+03
  4    ***    0.12929E-01    0.3227486122E+01    0.4256382214E+03
  4    ***    0.12929E-01    0.3259760983E+01    0.4180077098E+03
  4    ***    0.12929E-01    0.3292035844E+01    0.4093835191E+03
  4    ***    0.12929E-01    0.3324310705E+01    0.4005797935E+03
  4    ***    0.12929E-01    0.3356585567E+01    0.4044153245E+03
  4    ***    0.12929E-01    0.3388860428E+01    0.4044442368E+03
  4    ***    0.12929E-01    0.3421135289E+01    0.4030436762E+03
  4    ***    0.12929E-01    0.3453410150E+01    0.4173069507E+03
  4    ***    0.12929E-01    0.3485685012E+01    0.4558079129E+03
  4    ***    0.12929E-01    0.3517959873E+01    0.4420406061E+03
  4    ***    0.12929E-01    0.3550234734E+01    0.4370455783E+03
  4    ***    0.12929E-01    0.3582509595E+01    0.4449355754E+03
  4    ***    0.12929E-01    0.3614784456E+01    0.5204592168E+03
  4    ***    0.12929E-01    0.3647059318E+01    0.5680481834E+03
  4    ***    0.12929E-01    0.3679334179E+01    0.5304753444E+03
  4    ***    0.12929E-01    0.3711609040E+01    0.4921710240E+03
  4    ***    0.12929E-01    0.3743883901E+01    0.4924780322E+03
  4    ***    0.12929E-01    0.3776158763E+01    0.4816670662E+03
  4    ***    0.12929E-01    0.3808433624E+01    0.4770909845E+03
  4    ***    0.12929E-01    0.3840708485E+01    0.4743284696E+03
  4    ***    0.12929E-01    0.3872983346E+01    0.4523399241E+03
  4    ***    0.12929E-01    0.3905258207E+01    0.4612402706E+03
  4    ***    0.12929E-01    0.3937533069E+01    0.4567649933E+03
  4    ***    0.12929E-01    0.3969807930E+01    0.4554809194E+03
  4    ***    0.12929E-01    0.4002082791E+01    0.4833732793E+03
  4    ***    0.12929E-01    0.4034357652E+01    0.4506020316E+03
  4    ***    0.12929E-01    0.4066632514E+01    0.4238396320E+03
  4    ***    0.12929E-01    0.4098907375E+01    0.4189350642E+03
  4    ***    0.12929E-01    0.4131182236E+01    0.4173349683E+03
  4    ***    0.12929E-01    0.4163457097E+01    0.4193902433E+03
  4    ***    0.12929E-01    0.4195731958E+01    0.4152314366E+03
  4    ***    0.12929E-01    0.4228006820E+01    0.4114876050E+03
  4    ***    0.12929E-01    0.4260281681E+01    0.4056395953E+03
  4    ***    0.12929E-01    0.4292556542E+01    0.4006947308E+03
  4    ***    0.12929E-01    0.4324831403E+01    0.3958010570E+03
  4    ***    0.12929E-01    0.4357106264E+01    0.4058159955E+03
  4    ***    0.12929E-01    0.4389381126E+01    0.4360399102E+03
  4    ***    0.12929E-01    0.4421655987E+01    0.4350692172E+03
  4    ***    0.12929E-01    0.4453930848E+01    0.4372462015E+03
  4    ***    0.12929E-01    0.4486205709E+01    0.4377149342E+03
  4    ***    0.12929E-01    0.4518480571E+01    0.4227337832E+03
  4    ***    0.12929E-01    0.4550755432E+01    0.4279172335E+03
  4    ***    0.12929E-01    0.4583030293E+01    0.4567537660E+03
  4    ***    0.12929E-01    0.4615305154E+01    0.4936917088E+03
  4    ***    0.12929E-01    0.4647580015E+01    0.4798453880E+03
  4    ***    0.12929E-01    0.4679854877E+01    0.4590781929E+03
  4    ***    0.12929E-01    0.4712129738E+01    0.4494334325E+03
  4    ***    0.12929E-01    0.4744404599E+01    0.4463169576E+03
  4    ***    0.12929E-01    0.4776679460E+01    0.4292034396E+03
  4    ***    0.12929E-01    0.4808954322E+01    0.4196254579E+03
  4    ***    0.12929E-01    0.4841229183E+01    0.4175816907E+03
  4    ***    0.12929E-01    0.4873504044E+01    0.4215006637E+03
  4    ***    0.12929E-01    0.4905778905E+01    0.4255763258E+03
  4    ***    0.12929E-01    0.4938053766E+01    0.4276014291E+03
  4    ***    0.12929E-01    0.4970328628E+01    0.4199450923E+03
  4    ***    0.12929E-01    0.5002603489E+01    0.4263316940E+03
  4    ***    0.12929E-01    0.5034878350E+01    0.4190964171E+03
  4    ***    0.12929E-01    0.5067153211E+01    0.4009671330E+03
  4    ***    0.12929E-01    0.5099428073E+01    0.4066605845E+03
  4    ***    0.12929E-01    0.5131702934E+01    0.4058171900E+03
  4    ***    0.12929E-01    0.5163977795E+01    0.4091162129E+03
  4    ***    0.12929E-01    0.5196252656E+01    0.4107367643E+03
  4    ***    0.12929E-01    0.5228527517E+01    0.4144501150E+03
  4    ***    0.12929E-01    0.5260802379E+01    0.4083392832E+03
  4    ***    0.12929E-01    0.5293077240E+01    0.4110500069E+03
  4    ***    0.12929E-01    0.5325352101E+01    0.4162665125E+03
  4    ***    0.12929E-01    0.5357626962E+01    0.4254020258E+03
  4    ***    0.12929E-01    0.5389901823E+01    0.4285120188E+03
  4    ***    0.12929E-01    0.5422176685E+01    0.4235030370E+03
  4    ***    0.12929E-01    0.5454451546E+01    0.4155491171E+03
  4    ***    0.12929E-01    0.5486726407E+01    0.4152789085E+03
  4    ***    0.12929E-01    0.5519001268E+01    0.4206813327E+03
  4    ***    0.12929E-01    0.5551276130E+01    0.4173553017E+03
  4    ***    0.12929E-01    0.5583550991E+01    0.4257240647E+03
  4    ***    0.12929E-01    0.5615825852E+01    0.4320472372E+03
  4    ***    0.12929E-01    0.5648100713E+01    0.4287307648E+03
  4    ***    0.12929E-01    0.5680375574E+01    0.4150166012E+03
  4    ***    0.12929E-01    0.5712650436E+01    0.4008576488E+03
  4    ***    0.12929E-01    0.5744925297E+01    0.3982607218E+03
  4    ***    0.12929E-01    0.5777200158E+01    0.3916071126E+03
  4    ***    0.12929E-01    0.5809475019E+01    0.3941126813E+03
  4    ***    0.12929E-01    0.5841749881E+01    0.3899710526E+03
  4    ***    0.12929E-01    0.5874024742E+01    0.3772549143E+03
  4    ***    0.12929E-01    0.5906299603E+01    0.3737980144E+03
  4    ***    0.12929E-01    0.5938574464E+01    0.3678420269E+03
  4    ***    0.12929E-01    0.5970849325E+01    0.3726057891E+03
  4    ***    0.12929E-01    0.6003124187E+01    0.3740510093E+03
  4    ***    0.12929E-01    0.6035399048E+01    0.3745522563E+03
  4    ***    0.12929E-01    0.6067673909E+01    0.3618743714E+03
  4    ***    0.12929E-01    0.6099948770E+01    0.3647530717E+03
  4    ***    0.12929E-01    0.6132223631E+01    0.3696116974E+03
  4    ***    0.12929E-01    0.6164498493E+01    0.3645702546E+03
  4    ***    0.12929E-01    0.6196773354E+01    0.3603952735E+03
  4    ***    0.12929E-01    0.6229048215E+01    0.3718679635E+03
  4    ***    0.12929E-01    0.6261323076E+01    0.3660349840E+03
  4    ***    0.12929E-01    0.6293597938E+01    0.3683531100E+03
  4    ***    0.12929E-01    0.6325872799E+01    0.3782804457E+03
  4    ***    0.12929E-01    0.6358147660E+01    0.3832962917E+03
  4    ***    0.12929E-01    0.6390422521E+01    0.3809068550E+03
  4    ***    0.12929E-01    0.6422697382E+01    0.3741233198E+03
  4    ***    0.12929E-01    0.6454972244E+01    0.3634202208E+03
