  0.83698127474465456        1.2818276150382184     
  -2.0845860525079600       -11.824503291827277     
  -11.381156108980541        5.8360769909887038     
   2.0444317363452011        14.903572164416088     
   2.2220987348653893        9.5360397038250397     
   13.525271202654185        2.9333338321349833     
  -12.732265322391477       -3.9671641587794526     
   4.0670664253303839        6.4181227070500113E-002
   4.1010837810432115        9.1643763551985913     
  -2.8381903159703366       -14.466127699722275     
  -5.6731582117775323       -6.4427569103036664     
  -6.7623062270671541        1.8361165228441791     
  -6.2210259180715672       -12.057042845016793     
   7.9518529572702823       0.78455364949633766     
  -9.8436437981183023        6.3395938413609629     
   12.821692701427034       -2.9827619919536934     
  -6.5629737696960921       -5.4737943305653891     
   8.5608133818248753        9.6896312637809014     
  -5.2123780643763657        3.7961210350580084     
   2.8679810001920933       0.93241689814807460     
   1.1467958791243733        9.6197821678289728     
  -1.8507724234201159        11.449563972274555     
   1.6792808003982906       -13.413550154277022     
   6.9569189411264114       -1.4454318291890362     
   8.6151484791591155        12.657284914616289     
   6.7484796987621820       -12.363702131018648     
   2.8399318624980490        7.4195762709497846     
  -1.7025446359490124        1.4137107671331750     
  0.70526826771307149        10.518225405970250     
 -0.46528787019480350       -9.6147800656908480     
   2.9154408562441856       -9.3565875874926974     
  -2.5269587909044238       -9.8554243953481020     
  -8.7206117424000080      -0.31919127877601861     
   11.229811274933715        3.7145785960731588     
  -5.6740189701979720        14.040677837249987     
   11.344304697711149       -8.0278312475713580     
   3.1064451665784576        9.0686113362478178     
   10.428609699886804       -8.5624928707874588     
   3.3160247749916456       -4.0327330224686246     
  -4.6787197455857852       -2.7644267197870236     
  -9.4610196052507582        5.3426010795092154     
   8.3887170146825483       -4.3872803965889364     
   7.4583239313740393        2.8305940617052552     
   3.9335511275007971       -13.764198286212521     
   12.879710515644762       -4.1740293106925641     
   14.496893927905226        4.9269370198126401     
   8.6389064279456367       -10.418983032326487     
   6.6050090126244703        3.3946403088557950     
   7.4671343159044214       -4.7770521696861250     
   2.7079231538141380       -13.676762565812766     
   11.026317045876631        8.8220248484967989     
  -7.6251818227981696        8.7952807914338322     
   6.3045646470865178        5.8055784217852482     
 -0.38033097552021783        2.6276522313528918     
  -6.1183314984717398       -7.3394102767351574     
   8.2532380076155185       -5.3972164862658953     
  -3.2930473621135401        10.820781706032589     
  -12.699521705758581       -1.8820275311703698     
  -8.8891954555021169        1.8107586532239739     
   2.0328136977176752       -11.932527607527836     
  -13.633662030463583        2.5254165984725279     
  -2.3573055851414879        2.1706006469566641     
  -4.0152043622938525       -8.4431859485531575     
  -2.1370569944329471E-002  -2.7071721664927031     
   8.4376927111396025        11.662784020703077     
  -11.812393093250096       -3.5678126099548884     
  -9.8809596308362515       -4.3246566120089263     
  -4.2109429616588177       -6.7685485334057036     
   7.7198053620844185       -3.5631336262792166     
   10.666153510777786        7.3306070859182970     
   15.259805934563856       -1.2522601873049450     
   13.836660686599030        6.2985865142421433     
  -13.057717141293374        7.9956314130498249     
   6.0085416700477214        14.083037571579107     
  -4.7583336503261151        11.147131252796765     
   15.262769346660827        1.0886160453988973     
  -5.9273618716122867       -8.3375795203655869     
   12.086155917870270       -9.3909071762247081     
  -13.923994616111665       0.21984968370540842     
  -4.7760572732577318        7.0239998950056721     
   5.6117605238522241       -10.572059498055305     
   10.082826800706275       -10.345932720620469     
   15.180719763423539      -0.25420036372155386     
  -6.9062708000139397       -1.4520658939496838     
  -3.6209425044738985       -1.0988196051425978     
  -4.7563285186783197        8.0337774380043658     
  -14.157846951328551        5.1418973582691772     
  -8.8608845719847871       -4.2928864234545410     
   4.5825444068138799       -1.7052734040496480     
   3.5201680762729097        8.1553472421697677     
   7.2890873426828779       -7.2239675454481169     
   12.562491640434105       -1.0169370331931054     
  -3.7518903272505972       -11.707984724584849     
  -9.6230685330524395       -3.2136559877147319     
   6.9102683104906921       -13.351375630792841     
   2.8686095374118024       -2.7870866889745134     
  -3.0669828684553666       -4.5300562337091570     
   10.993175888764089       -1.6901864293041056     
   3.0037192904958760        14.593108020172568     
  -12.346654120181498        6.8929668190998861     
  -2.0529167119978520        3.1267569640512609     
  -2.4774434138888570       -5.3392803205143817     
  -1.9188874029180056        4.2083847376837520     
   5.2978284186791162        5.7064270682912532     
  -13.193727578891465       -7.4372078252622273     
   5.6645275953762599        1.2176599522930562     
   10.306432183458069        3.3197031470697724     
   3.8136996737531259        7.1937779195990164     
   4.5823767765432164       -10.801554522153195     
   13.534749247712284        4.6521063119821457     
   4.7183475514723563       -2.7045023059267543     
   4.2626269073579737       -6.7763983188468808     
  -4.7510715781954431       -5.9256630617510364     
   13.261741980524024       -7.6470617859554384     
  -4.0922720637451606       -5.0582931528129018     
  -5.8443663702449289        3.0215491703139925     
  -1.8751430764877197        7.2848685305203604     
   10.654333740480121        10.575361945338598     
  -10.888731415826323        4.2615108826534218     
  -15.079981983337358        2.6509011463324974     
   3.4024691576613604        6.1415577292874488     
   3.9924439741510347        3.5832016869879100     
 -0.53656139669542791        6.6535699750226209     
 -0.32234656556280872       -7.7139524614559472     
   8.6876821158638258        10.694276976639665     
   6.4678312992200953       -4.8023803511007062     
 -0.88649344040476907       0.60626854596826540     
  -10.925995223627721        6.8039028153743208     
  -10.375977875521755       0.10983043486462790     
  -9.0993002182681550        7.0071335559631276     
  -11.604467268470252        2.8985215553441277     
   3.6186272578410916       -1.9741522815695602     
  -10.515786791780458        10.683373474162016     
   9.8450998181505243E-003   4.8647135836757203     
   11.630887464586777       -6.9684987674882866     
   11.087359895219818       -9.3134496079450422     
 -0.98776989826367723        4.7806392306971226     
   5.0486664206106200        13.291002727534295     
   7.3497728322355913        8.1030512508194015     
  -7.3719972510040810      -0.56750771809823175     
  -8.1307484941516819       -1.2504002702222090     
   11.499757749231431        9.7955178953219946     
  -7.8373659751816547       -3.6925517600656432     
   7.7702873402808850       -8.4954935020218141     
   3.7022474996912811       -5.4565761620755655     
  -9.0774201161186010        3.5146356065100974     
  -8.3648964690046128       -6.1448251477893381     
   6.7832242495235766       -9.1295165922652632     
   10.050231371853569      -0.60517021384676606     
   6.4348915399540925        6.7983413672725650     
  -5.8493940554111301        6.2892643325161508     
  -7.8739771934903020       -7.9617800416477102     
   4.4617492543842596       -7.8636096051720763     
  -14.295711452645648      -0.70899616122969311     
   1.7394576791846985      -0.94004634130179709     
  -3.2246288378689623        12.094412326812407     
   15.118740314278666       -2.2419962794615023     
  -8.5278294450208207       0.87665496299759216     
  -5.6255230817315885E-002  -12.986694114702935     
  -10.364471465880987       -5.5157687325823925     
  -12.223603751943761       -5.7177789234789058     
   9.2685328855213598       -5.3895678333796351     
 -0.16495510169754829        1.3214532696919559     
   5.9045389177429914       -8.6490431598196356     
  -1.5427480205516007       -7.9558602895912589     
  -4.0876696684974281        4.0763875613865181     
  -4.7421518822881170       -11.520721008768080     
  -8.0830421349212909       -9.3433090768345188     
  -10.524758673151872        8.2384788948177761     
  -5.7574279878529495        11.209052428946888     
  -3.0783025725545223       0.86625577474340620     
   5.3674021494464057        12.153793147410294     
  -1.4818349051138076        9.8819552308313181     
  -10.450860247884552        5.1818950610579950     
  -8.8490777814687522       -2.5373702423963076     
  -6.8949065825212541       -9.5928628658907282     
   4.0181424142950037        13.383808798050181     
  -4.4396273938846935        3.1190089432759693     
   4.5185529911137525        8.2290558073876969     
   1.1668451785821015      -0.12008149170126703     
  -10.883295503899383       -8.8119053113346020     
   2.8238712409016462       -5.9812240911171548     
  -2.5911127571525356        8.5132908512906571     
  -8.8557065665961304E-002  -8.6871614623015443     
  -4.7548492319673601       -10.279132688962079     
  -3.0488552611731974       -1.9819620260392194     
 -0.89960603331555233      -0.57280374117709865     
   4.9962930253772173       -13.722939352665785     
  -8.3666379840729306        8.0968058867844768     
   4.6139672644697507        11.018561249067611     
   9.6814478107638831        10.807694243897339     
  -7.7041317977184107        4.6012566071850651     
  -7.4761959912074092       -4.6531031888686423     
  -8.7427993290317865       -12.440651286009659     
   2.2259233792120927       -3.9714178625569230     
   8.6890951735856632       -7.3217321126627759     
   9.2687922615726848       -8.2395299639181818     
   1.8686706603393111       0.99447476641021493     
   13.349070363549171       -1.6365810976679660     
  -1.4806523236868741       -14.505734271296349     


