  8    ***    0.12929E-01    0.3952847075E-01    0.0000000000E+00
  8    ***    0.12929E-01    0.7905694150E-01    0.0000000000E+00
  8    ***    0.12929E-01    0.1185854123E+00    0.0000000000E+00
  8    ***    0.12929E-01    0.1581138830E+00    0.0000000000E+00
  8    ***    0.12929E-01    0.1976423538E+00    0.0000000000E+00
  8    ***    0.12929E-01    0.2371708245E+00    0.0000000000E+00
  8    ***    0.12929E-01    0.2766992953E+00    0.0000000000E+00
  8    ***    0.12929E-01    0.3162277660E+00    0.0000000000E+00
  8    ***    0.12929E-01    0.3557562368E+00    0.0000000000E+00
  8    ***    0.12929E-01    0.3952847075E+00    0.0000000000E+00
  8    ***    0.12929E-01    0.4348131783E+00    0.0000000000E+00
  8    ***    0.12929E-01    0.4743416490E+00    0.0000000000E+00
  8    ***    0.12929E-01    0.5138701198E+00    0.0000000000E+00
  8    ***    0.12929E-01    0.5533985905E+00    0.0000000000E+00
  8    ***    0.12929E-01    0.5929270613E+00    0.0000000000E+00
  8    ***    0.12929E-01    0.6324555320E+00    0.0000000000E+00
  8    ***    0.12929E-01    0.6719840028E+00    0.0000000000E+00
  8    ***    0.12929E-01    0.7115124735E+00    0.0000000000E+00
  8    ***    0.12929E-01    0.7510409443E+00    0.0000000000E+00
  8    ***    0.12929E-01    0.7905694150E+00    0.0000000000E+00
  8    ***    0.12929E-01    0.8300978858E+00    0.0000000000E+00
  8    ***    0.12929E-01    0.8696263565E+00    0.0000000000E+00
  8    ***    0.12929E-01    0.9091548273E+00    0.0000000000E+00
  8    ***    0.12929E-01    0.9486832981E+00    0.0000000000E+00
  8    ***    0.12929E-01    0.9882117688E+00    0.4822719582E+02
  8    ***    0.12929E-01    0.1027740240E+01    0.4590452972E+03
  8    ***    0.12929E-01    0.1067268710E+01    0.7510671911E+02
  8    ***    0.12929E-01    0.1106797181E+01    0.5543607812E+02
  8    ***    0.12929E-01    0.1146325652E+01    0.4967867978E+02
  8    ***    0.12929E-01    0.1185854123E+01    0.4150329309E+02
  8    ***    0.12929E-01    0.1225382593E+01    0.4415010303E+02
  8    ***    0.12929E-01    0.1264911064E+01    0.4449466955E+02
  8    ***    0.12929E-01    0.1304439535E+01    0.4139138524E+02
  8    ***    0.12929E-01    0.1343968006E+01    0.4167610753E+02
  8    ***    0.12929E-01    0.1383496476E+01    0.3922807981E+02
  8    ***    0.12929E-01    0.1423024947E+01    0.4114536354E+02
  8    ***    0.12929E-01    0.1462553418E+01    0.3947856532E+02
  8    ***    0.12929E-01    0.1502081889E+01    0.3710389799E+02
  8    ***    0.12929E-01    0.1541610359E+01    0.3748064461E+02
  8    ***    0.12929E-01    0.1581138830E+01    0.3641142759E+02
  8    ***    0.12929E-01    0.1620667301E+01    0.3482493543E+02
  8    ***    0.12929E-01    0.1660195772E+01    0.3599841926E+02
  8    ***    0.12929E-01    0.1699724242E+01    0.3483183947E+02
  8    ***    0.12929E-01    0.1739252713E+01    0.3961970225E+02
  8    ***    0.12929E-01    0.1778781184E+01    0.3901930806E+02
  8    ***    0.12929E-01    0.1818309655E+01    0.4051979914E+02
  8    ***    0.12929E-01    0.1857838125E+01    0.4696474123E+02
  8    ***    0.12929E-01    0.1897366596E+01    0.5015044854E+02
  8    ***    0.12929E-01    0.1936895067E+01    0.5544498801E+02
  8    ***    0.12929E-01    0.1976423538E+01    0.7556097953E+02
  8    ***    0.12929E-01    0.2015952008E+01    0.8490280645E+02
  8    ***    0.12929E-01    0.2055480479E+01    0.5945410596E+02
  8    ***    0.12929E-01    0.2095008950E+01    0.5614865131E+02
  8    ***    0.12929E-01    0.2134537421E+01    0.5118978277E+02
  8    ***    0.12929E-01    0.2174065891E+01    0.4982688626E+02
  8    ***    0.12929E-01    0.2213594362E+01    0.5176770223E+02
  8    ***    0.12929E-01    0.2253122833E+01    0.4886836096E+02
  8    ***    0.12929E-01    0.2292651304E+01    0.5068748175E+02
  8    ***    0.12929E-01    0.2332179774E+01    0.5016926553E+02
  8    ***    0.12929E-01    0.2371708245E+01    0.4757992750E+02
  8    ***    0.12929E-01    0.2411236716E+01    0.4710775863E+02
  8    ***    0.12929E-01    0.2450765187E+01    0.4495053170E+02
  8    ***    0.12929E-01    0.2490293657E+01    0.4460073243E+02
  8    ***    0.12929E-01    0.2529822128E+01    0.4802619461E+02
  8    ***    0.12929E-01    0.2569350599E+01    0.4797645565E+02
  8    ***    0.12929E-01    0.2608879070E+01    0.4925525559E+02
  8    ***    0.12929E-01    0.2648407540E+01    0.4682968663E+02
  8    ***    0.12929E-01    0.2687936011E+01    0.4739343404E+02
  8    ***    0.12929E-01    0.2727464482E+01    0.4502621129E+02
  8    ***    0.12929E-01    0.2766992953E+01    0.4552151972E+02
  8    ***    0.12929E-01    0.2806521423E+01    0.4752464426E+02
  8    ***    0.12929E-01    0.2846049894E+01    0.4956671093E+02
  8    ***    0.12929E-01    0.2885578365E+01    0.5214252539E+02
  8    ***    0.12929E-01    0.2925106836E+01    0.5202439457E+02
  8    ***    0.12929E-01    0.2964635306E+01    0.5326755722E+02
  8    ***    0.12929E-01    0.3004163777E+01    0.5518832916E+02
  8    ***    0.12929E-01    0.3043692248E+01    0.5093402010E+02
  8    ***    0.12929E-01    0.3083220719E+01    0.4873468110E+02
  8    ***    0.12929E-01    0.3122749189E+01    0.4792354703E+02
  8    ***    0.12929E-01    0.3162277660E+01    0.4525365607E+02
  8    ***    0.12929E-01    0.3201806131E+01    0.4450591694E+02
  8    ***    0.12929E-01    0.3241334602E+01    0.4558457946E+02
  8    ***    0.12929E-01    0.3280863072E+01    0.4471102841E+02
  8    ***    0.12929E-01    0.3320391543E+01    0.4402105010E+02
  8    ***    0.12929E-01    0.3359920014E+01    0.4407066296E+02
  8    ***    0.12929E-01    0.3399448485E+01    0.4337254521E+02
  8    ***    0.12929E-01    0.3438976955E+01    0.4360906772E+02
  8    ***    0.12929E-01    0.3478505426E+01    0.4277696835E+02
  8    ***    0.12929E-01    0.3518033897E+01    0.4379752209E+02
  8    ***    0.12929E-01    0.3557562368E+01    0.4593336136E+02
  8    ***    0.12929E-01    0.3597090838E+01    0.4630371259E+02
  8    ***    0.12929E-01    0.3636619309E+01    0.4644332573E+02
  8    ***    0.12929E-01    0.3676147780E+01    0.4684420344E+02
  8    ***    0.12929E-01    0.3715676251E+01    0.4521021699E+02
  8    ***    0.12929E-01    0.3755204721E+01    0.4721809974E+02
  8    ***    0.12929E-01    0.3794733192E+01    0.4545798483E+02
  8    ***    0.12929E-01    0.3834261663E+01    0.4653503618E+02
  8    ***    0.12929E-01    0.3873790134E+01    0.4605078903E+02
  8    ***    0.12929E-01    0.3913318604E+01    0.4673456987E+02
  8    ***    0.12929E-01    0.3952847075E+01    0.4706336965E+02
  8    ***    0.12929E-01    0.3992375546E+01    0.4598020618E+02
  8    ***    0.12929E-01    0.4031904017E+01    0.4568776539E+02
  8    ***    0.12929E-01    0.4071432487E+01    0.4576540501E+02
  8    ***    0.12929E-01    0.4110960958E+01    0.4563815406E+02
  8    ***    0.12929E-01    0.4150489429E+01    0.4718987215E+02
  8    ***    0.12929E-01    0.4190017900E+01    0.4459918764E+02
  8    ***    0.12929E-01    0.4229546370E+01    0.4639294361E+02
  8    ***    0.12929E-01    0.4269074841E+01    0.4570239060E+02
  8    ***    0.12929E-01    0.4308603312E+01    0.4481803197E+02
  8    ***    0.12929E-01    0.4348131783E+01    0.4462578637E+02
  8    ***    0.12929E-01    0.4387660253E+01    0.4487334012E+02
  8    ***    0.12929E-01    0.4427188724E+01    0.4520171672E+02
  8    ***    0.12929E-01    0.4466717195E+01    0.4521037838E+02
  8    ***    0.12929E-01    0.4506245666E+01    0.4503341699E+02
  8    ***    0.12929E-01    0.4545774136E+01    0.4526876248E+02
  8    ***    0.12929E-01    0.4585302607E+01    0.4293665060E+02
  8    ***    0.12929E-01    0.4624831078E+01    0.4276627658E+02
  8    ***    0.12929E-01    0.4664359549E+01    0.4496251306E+02
  8    ***    0.12929E-01    0.4703888020E+01    0.4574636866E+02
  8    ***    0.12929E-01    0.4743416490E+01    0.4742630846E+02
  8    ***    0.12929E-01    0.4782944961E+01    0.4339792081E+02
  8    ***    0.12929E-01    0.4822473432E+01    0.4504718016E+02
  8    ***    0.12929E-01    0.4862001903E+01    0.4429141317E+02
  8    ***    0.12929E-01    0.4901530373E+01    0.4699542624E+02
  8    ***    0.12929E-01    0.4941058844E+01    0.4618706277E+02
  8    ***    0.12929E-01    0.4980587315E+01    0.4494248142E+02
  8    ***    0.12929E-01    0.5020115786E+01    0.4549977710E+02
  8    ***    0.12929E-01    0.5059644256E+01    0.4356110321E+02
  8    ***    0.12929E-01    0.5099172727E+01    0.4502941286E+02
  8    ***    0.12929E-01    0.5138701198E+01    0.4580909411E+02
  8    ***    0.12929E-01    0.5178229669E+01    0.4598362343E+02
  8    ***    0.12929E-01    0.5217758139E+01    0.4627943341E+02
  8    ***    0.12929E-01    0.5257286610E+01    0.4654002840E+02
  8    ***    0.12929E-01    0.5296815081E+01    0.4659834195E+02
  8    ***    0.12929E-01    0.5336343552E+01    0.4623169075E+02
  8    ***    0.12929E-01    0.5375872022E+01    0.4586543986E+02
  8    ***    0.12929E-01    0.5415400493E+01    0.4490260369E+02
  8    ***    0.12929E-01    0.5454928964E+01    0.4425008997E+02
  8    ***    0.12929E-01    0.5494457435E+01    0.4557799204E+02
  8    ***    0.12929E-01    0.5533985905E+01    0.4548005569E+02
  8    ***    0.12929E-01    0.5573514376E+01    0.4499685945E+02
  8    ***    0.12929E-01    0.5613042847E+01    0.4665125697E+02
  8    ***    0.12929E-01    0.5652571318E+01    0.4741514281E+02
  8    ***    0.12929E-01    0.5692099788E+01    0.4788918631E+02
  8    ***    0.12929E-01    0.5731628259E+01    0.4890649667E+02
  8    ***    0.12929E-01    0.5771156730E+01    0.4880839096E+02
  8    ***    0.12929E-01    0.5810685201E+01    0.4556430389E+02
  8    ***    0.12929E-01    0.5850213671E+01    0.4422874506E+02
  8    ***    0.12929E-01    0.5889742142E+01    0.4588806763E+02
  8    ***    0.12929E-01    0.5929270613E+01    0.4774321821E+02
  8    ***    0.12929E-01    0.5968799084E+01    0.4687551940E+02
  8    ***    0.12929E-01    0.6008327554E+01    0.4613581389E+02
  8    ***    0.12929E-01    0.6047856025E+01    0.4490263631E+02
  8    ***    0.12929E-01    0.6087384496E+01    0.4493305209E+02
  8    ***    0.12929E-01    0.6126912967E+01    0.4492791241E+02
  8    ***    0.12929E-01    0.6166441437E+01    0.4598400825E+02
  8    ***    0.12929E-01    0.6205969908E+01    0.4908765570E+02
  8    ***    0.12929E-01    0.6245498379E+01    0.4707294595E+02
  8    ***    0.12929E-01    0.6285026850E+01    0.4523360879E+02
  8    ***    0.12929E-01    0.6324555320E+01    0.4666575933E+02
  8    ***    0.12929E-01    0.6364083791E+01    0.4680232887E+02
  8    ***    0.12929E-01    0.6403612262E+01    0.4472552830E+02
  8    ***    0.12929E-01    0.6443140733E+01    0.4427478310E+02
  8    ***    0.12929E-01    0.6482669203E+01    0.4603078940E+02
  8    ***    0.12929E-01    0.6522197674E+01    0.4719577780E+02
  8    ***    0.12929E-01    0.6561726145E+01    0.4460877448E+02
  8    ***    0.12929E-01    0.6601254616E+01    0.4637599796E+02
  8    ***    0.12929E-01    0.6640783086E+01    0.4721805684E+02
  8    ***    0.12929E-01    0.6680311557E+01    0.4797758031E+02
  8    ***    0.12929E-01    0.6719840028E+01    0.4618416668E+02
  8    ***    0.12929E-01    0.6759368499E+01    0.4627572323E+02
  8    ***    0.12929E-01    0.6798896969E+01    0.4620783047E+02
  8    ***    0.12929E-01    0.6838425440E+01    0.4368035861E+02
  8    ***    0.12929E-01    0.6877953911E+01    0.4522507724E+02
  8    ***    0.12929E-01    0.6917482382E+01    0.4626954938E+02
  8    ***    0.12929E-01    0.6957010852E+01    0.4815723266E+02
  8    ***    0.12929E-01    0.6996539323E+01    0.4587990654E+02
  8    ***    0.12929E-01    0.7036067794E+01    0.4693364202E+02
  8    ***    0.12929E-01    0.7075596265E+01    0.4775492364E+02
  8    ***    0.12929E-01    0.7115124735E+01    0.4798067861E+02
  8    ***    0.12929E-01    0.7154653206E+01    0.4729350121E+02
  8    ***    0.12929E-01    0.7194181677E+01    0.4770263859E+02
  8    ***    0.12929E-01    0.7233710148E+01    0.4774636665E+02
  8    ***    0.12929E-01    0.7273238618E+01    0.4689777221E+02
  8    ***    0.12929E-01    0.7312767089E+01    0.4732080456E+02
  8    ***    0.12929E-01    0.7352295560E+01    0.4702543811E+02
  8    ***    0.12929E-01    0.7391824031E+01    0.4727940086E+02
  8    ***    0.12929E-01    0.7431352501E+01    0.4696929751E+02
  8    ***    0.12929E-01    0.7470880972E+01    0.4542324292E+02
  8    ***    0.12929E-01    0.7510409443E+01    0.4511545715E+02
  8    ***    0.12929E-01    0.7549937914E+01    0.4487506598E+02
  8    ***    0.12929E-01    0.7589466384E+01    0.4613005601E+02
  8    ***    0.12929E-01    0.7628994855E+01    0.4779884559E+02
  8    ***    0.12929E-01    0.7668523326E+01    0.4708156894E+02
  8    ***    0.12929E-01    0.7708051797E+01    0.4723053179E+02
  8    ***    0.12929E-01    0.7747580267E+01    0.4627688445E+02
  8    ***    0.12929E-01    0.7787108738E+01    0.4616924259E+02
  8    ***    0.12929E-01    0.7826637209E+01    0.4559164588E+02
  8    ***    0.12929E-01    0.7866165680E+01    0.4590247714E+02
  8    ***    0.12929E-01    0.7905694150E+01    0.4788827310E+02
