  6    ***    0.12929E-01    0.3952847075E-01    0.0000000000E+00
  6    ***    0.12929E-01    0.7905694150E-01    0.0000000000E+00
  6    ***    0.12929E-01    0.1185854123E+00    0.0000000000E+00
  6    ***    0.12929E-01    0.1581138830E+00    0.0000000000E+00
  6    ***    0.12929E-01    0.1976423538E+00    0.0000000000E+00
  6    ***    0.12929E-01    0.2371708245E+00    0.0000000000E+00
  6    ***    0.12929E-01    0.2766992953E+00    0.0000000000E+00
  6    ***    0.12929E-01    0.3162277660E+00    0.0000000000E+00
  6    ***    0.12929E-01    0.3557562368E+00    0.0000000000E+00
  6    ***    0.12929E-01    0.3952847075E+00    0.0000000000E+00
  6    ***    0.12929E-01    0.4348131783E+00    0.0000000000E+00
  6    ***    0.12929E-01    0.4743416490E+00    0.0000000000E+00
  6    ***    0.12929E-01    0.5138701198E+00    0.0000000000E+00
  6    ***    0.12929E-01    0.5533985905E+00    0.0000000000E+00
  6    ***    0.12929E-01    0.5929270613E+00    0.0000000000E+00
  6    ***    0.12929E-01    0.6324555320E+00    0.0000000000E+00
  6    ***    0.12929E-01    0.6719840028E+00    0.0000000000E+00
  6    ***    0.12929E-01    0.7115124735E+00    0.0000000000E+00
  6    ***    0.12929E-01    0.7510409443E+00    0.0000000000E+00
  6    ***    0.12929E-01    0.7905694150E+00    0.0000000000E+00
  6    ***    0.12929E-01    0.8300978858E+00    0.0000000000E+00
  6    ***    0.12929E-01    0.8696263565E+00    0.0000000000E+00
  6    ***    0.12929E-01    0.9091548273E+00    0.0000000000E+00
  6    ***    0.12929E-01    0.9486832981E+00    0.0000000000E+00
  6    ***    0.12929E-01    0.9882117688E+00    0.5845468734E+02
  6    ***    0.12929E-01    0.1027740240E+01    0.5312920713E+03
  6    ***    0.12929E-01    0.1067268710E+01    0.9258293283E+02
  6    ***    0.12929E-01    0.1106797181E+01    0.6980748011E+02
  6    ***    0.12929E-01    0.1146325652E+01    0.6492777094E+02
  6    ***    0.12929E-01    0.1185854123E+01    0.6350947623E+02
  6    ***    0.12929E-01    0.1225382593E+01    0.6265173471E+02
  6    ***    0.12929E-01    0.1264911064E+01    0.5809744886E+02
  6    ***    0.12929E-01    0.1304439535E+01    0.5543227917E+02
  6    ***    0.12929E-01    0.1343968006E+01    0.5278433074E+02
  6    ***    0.12929E-01    0.1383496476E+01    0.4948288642E+02
  6    ***    0.12929E-01    0.1423024947E+01    0.4975318018E+02
  6    ***    0.12929E-01    0.1462553418E+01    0.4638080270E+02
  6    ***    0.12929E-01    0.1502081889E+01    0.4773346759E+02
  6    ***    0.12929E-01    0.1541610359E+01    0.4599977465E+02
  6    ***    0.12929E-01    0.1581138830E+01    0.4488679765E+02
  6    ***    0.12929E-01    0.1620667301E+01    0.4552224348E+02
  6    ***    0.12929E-01    0.1660195772E+01    0.4606161373E+02
  6    ***    0.12929E-01    0.1699724242E+01    0.4291666092E+02
  6    ***    0.12929E-01    0.1739252713E+01    0.4968853911E+02
  6    ***    0.12929E-01    0.1778781184E+01    0.5076935389E+02
  6    ***    0.12929E-01    0.1818309655E+01    0.5071317771E+02
  6    ***    0.12929E-01    0.1857838125E+01    0.5577063021E+02
  6    ***    0.12929E-01    0.1897366596E+01    0.5698394751E+02
  6    ***    0.12929E-01    0.1936895067E+01    0.6523186847E+02
  6    ***    0.12929E-01    0.1976423538E+01    0.7792054534E+02
  6    ***    0.12929E-01    0.2015952008E+01    0.8669122476E+02
  6    ***    0.12929E-01    0.2055480479E+01    0.6268459076E+02
  6    ***    0.12929E-01    0.2095008950E+01    0.5916238911E+02
  6    ***    0.12929E-01    0.2134537421E+01    0.5759961175E+02
  6    ***    0.12929E-01    0.2174065891E+01    0.5692899308E+02
  6    ***    0.12929E-01    0.2213594362E+01    0.5707783761E+02
  6    ***    0.12929E-01    0.2253122833E+01    0.5742573258E+02
  6    ***    0.12929E-01    0.2292651304E+01    0.5580110700E+02
  6    ***    0.12929E-01    0.2332179774E+01    0.5658842421E+02
  6    ***    0.12929E-01    0.2371708245E+01    0.5625364899E+02
  6    ***    0.12929E-01    0.2411236716E+01    0.5494221551E+02
  6    ***    0.12929E-01    0.2450765187E+01    0.5283426534E+02
  6    ***    0.12929E-01    0.2490293657E+01    0.5029398061E+02
  6    ***    0.12929E-01    0.2529822128E+01    0.5082798997E+02
  6    ***    0.12929E-01    0.2569350599E+01    0.4967147636E+02
  6    ***    0.12929E-01    0.2608879070E+01    0.5366137717E+02
  6    ***    0.12929E-01    0.2648407540E+01    0.5174139166E+02
  6    ***    0.12929E-01    0.2687936011E+01    0.5331887081E+02
  6    ***    0.12929E-01    0.2727464482E+01    0.5605971485E+02
  6    ***    0.12929E-01    0.2766992953E+01    0.5699227829E+02
  6    ***    0.12929E-01    0.2806521423E+01    0.5678106565E+02
  6    ***    0.12929E-01    0.2846049894E+01    0.5447684497E+02
  6    ***    0.12929E-01    0.2885578365E+01    0.5925159253E+02
  6    ***    0.12929E-01    0.2925106836E+01    0.5904597863E+02
  6    ***    0.12929E-01    0.2964635306E+01    0.5797996774E+02
  6    ***    0.12929E-01    0.3004163777E+01    0.5678030019E+02
  6    ***    0.12929E-01    0.3043692248E+01    0.5407634201E+02
  6    ***    0.12929E-01    0.3083220719E+01    0.5589329931E+02
  6    ***    0.12929E-01    0.3122749189E+01    0.5207576771E+02
  6    ***    0.12929E-01    0.3162277660E+01    0.5291551517E+02
  6    ***    0.12929E-01    0.3201806131E+01    0.5081570198E+02
  6    ***    0.12929E-01    0.3241334602E+01    0.5200024866E+02
  6    ***    0.12929E-01    0.3280863072E+01    0.5089254209E+02
  6    ***    0.12929E-01    0.3320391543E+01    0.5381254175E+02
  6    ***    0.12929E-01    0.3359920014E+01    0.5354537333E+02
  6    ***    0.12929E-01    0.3399448485E+01    0.5069528586E+02
  6    ***    0.12929E-01    0.3438976955E+01    0.5346919176E+02
  6    ***    0.12929E-01    0.3478505426E+01    0.5375835628E+02
  6    ***    0.12929E-01    0.3518033897E+01    0.5331205036E+02
  6    ***    0.12929E-01    0.3557562368E+01    0.5405174535E+02
  6    ***    0.12929E-01    0.3597090838E+01    0.5492516224E+02
  6    ***    0.12929E-01    0.3636619309E+01    0.5436941584E+02
  6    ***    0.12929E-01    0.3676147780E+01    0.5561693861E+02
  6    ***    0.12929E-01    0.3715676251E+01    0.5686682715E+02
  6    ***    0.12929E-01    0.3755204721E+01    0.5454046219E+02
  6    ***    0.12929E-01    0.3794733192E+01    0.5421822843E+02
  6    ***    0.12929E-01    0.3834261663E+01    0.5516227864E+02
  6    ***    0.12929E-01    0.3873790134E+01    0.5757741575E+02
  6    ***    0.12929E-01    0.3913318604E+01    0.6009518301E+02
  6    ***    0.12929E-01    0.3952847075E+01    0.5732777046E+02
  6    ***    0.12929E-01    0.3992375546E+01    0.5832492869E+02
  6    ***    0.12929E-01    0.4031904017E+01    0.5595061971E+02
  6    ***    0.12929E-01    0.4071432487E+01    0.5274814051E+02
  6    ***    0.12929E-01    0.4110960958E+01    0.5253374060E+02
  6    ***    0.12929E-01    0.4150489429E+01    0.5413643967E+02
  6    ***    0.12929E-01    0.4190017900E+01    0.5117739081E+02
  6    ***    0.12929E-01    0.4229546370E+01    0.5083075130E+02
  6    ***    0.12929E-01    0.4269074841E+01    0.5193080209E+02
  6    ***    0.12929E-01    0.4308603312E+01    0.5485061196E+02
  6    ***    0.12929E-01    0.4348131783E+01    0.5471557992E+02
  6    ***    0.12929E-01    0.4387660253E+01    0.5231535804E+02
  6    ***    0.12929E-01    0.4427188724E+01    0.5387420993E+02
  6    ***    0.12929E-01    0.4466717195E+01    0.5583391189E+02
  6    ***    0.12929E-01    0.4506245666E+01    0.5346334718E+02
  6    ***    0.12929E-01    0.4545774136E+01    0.5512552696E+02
  6    ***    0.12929E-01    0.4585302607E+01    0.5650023446E+02
  6    ***    0.12929E-01    0.4624831078E+01    0.5593947885E+02
  6    ***    0.12929E-01    0.4664359549E+01    0.5584482824E+02
  6    ***    0.12929E-01    0.4703888020E+01    0.5635347480E+02
  6    ***    0.12929E-01    0.4743416490E+01    0.5534205825E+02
  6    ***    0.12929E-01    0.4782944961E+01    0.5347394762E+02
  6    ***    0.12929E-01    0.4822473432E+01    0.5260907033E+02
  6    ***    0.12929E-01    0.4862001903E+01    0.5382044186E+02
  6    ***    0.12929E-01    0.4901530373E+01    0.5495171286E+02
  6    ***    0.12929E-01    0.4941058844E+01    0.5519212189E+02
  6    ***    0.12929E-01    0.4980587315E+01    0.5536376955E+02
  6    ***    0.12929E-01    0.5020115786E+01    0.5440540832E+02
  6    ***    0.12929E-01    0.5059644256E+01    0.5301469879E+02
  6    ***    0.12929E-01    0.5099172727E+01    0.5039848732E+02
  6    ***    0.12929E-01    0.5138701198E+01    0.5338101854E+02
  6    ***    0.12929E-01    0.5178229669E+01    0.5130163442E+02
  6    ***    0.12929E-01    0.5217758139E+01    0.5267758315E+02
  6    ***    0.12929E-01    0.5257286610E+01    0.5205451695E+02
  6    ***    0.12929E-01    0.5296815081E+01    0.5466568944E+02
  6    ***    0.12929E-01    0.5336343552E+01    0.5369378957E+02
  6    ***    0.12929E-01    0.5375872022E+01    0.5503652322E+02
  6    ***    0.12929E-01    0.5415400493E+01    0.5611084278E+02
  6    ***    0.12929E-01    0.5454928964E+01    0.5537187598E+02
  6    ***    0.12929E-01    0.5494457435E+01    0.5280496711E+02
  6    ***    0.12929E-01    0.5533985905E+01    0.5390625460E+02
  6    ***    0.12929E-01    0.5573514376E+01    0.5353707971E+02
  6    ***    0.12929E-01    0.5613042847E+01    0.5311073561E+02
  6    ***    0.12929E-01    0.5652571318E+01    0.5380546507E+02
  6    ***    0.12929E-01    0.5692099788E+01    0.5495899307E+02
  6    ***    0.12929E-01    0.5731628259E+01    0.5396773400E+02
  6    ***    0.12929E-01    0.5771156730E+01    0.5415687213E+02
  6    ***    0.12929E-01    0.5810685201E+01    0.5196555554E+02
  6    ***    0.12929E-01    0.5850213671E+01    0.5043006906E+02
  6    ***    0.12929E-01    0.5889742142E+01    0.5143030360E+02
  6    ***    0.12929E-01    0.5929270613E+01    0.5174036710E+02
  6    ***    0.12929E-01    0.5968799084E+01    0.5004747918E+02
  6    ***    0.12929E-01    0.6008327554E+01    0.5086458914E+02
  6    ***    0.12929E-01    0.6047856025E+01    0.5087837390E+02
  6    ***    0.12929E-01    0.6087384496E+01    0.5069290577E+02
  6    ***    0.12929E-01    0.6126912967E+01    0.5163501418E+02
  6    ***    0.12929E-01    0.6166441437E+01    0.5199293469E+02
  6    ***    0.12929E-01    0.6205969908E+01    0.5170844100E+02
  6    ***    0.12929E-01    0.6245498379E+01    0.5097054103E+02
  6    ***    0.12929E-01    0.6285026850E+01    0.5079034213E+02
  6    ***    0.12929E-01    0.6324555320E+01    0.4925853804E+02
  6    ***    0.12929E-01    0.6364083791E+01    0.5018705705E+02
  6    ***    0.12929E-01    0.6403612262E+01    0.5029677254E+02
  6    ***    0.12929E-01    0.6443140733E+01    0.5142895287E+02
  6    ***    0.12929E-01    0.6482669203E+01    0.4990995183E+02
  6    ***    0.12929E-01    0.6522197674E+01    0.5051884271E+02
  6    ***    0.12929E-01    0.6561726145E+01    0.5094804569E+02
  6    ***    0.12929E-01    0.6601254616E+01    0.5341539401E+02
  6    ***    0.12929E-01    0.6640783086E+01    0.5306811746E+02
  6    ***    0.12929E-01    0.6680311557E+01    0.5136684071E+02
  6    ***    0.12929E-01    0.6719840028E+01    0.5174084946E+02
  6    ***    0.12929E-01    0.6759368499E+01    0.5199895365E+02
  6    ***    0.12929E-01    0.6798896969E+01    0.5223029064E+02
  6    ***    0.12929E-01    0.6838425440E+01    0.5079376957E+02
  6    ***    0.12929E-01    0.6877953911E+01    0.5005091196E+02
  6    ***    0.12929E-01    0.6917482382E+01    0.5142574390E+02
  6    ***    0.12929E-01    0.6957010852E+01    0.4975138178E+02
  6    ***    0.12929E-01    0.6996539323E+01    0.4975805713E+02
  6    ***    0.12929E-01    0.7036067794E+01    0.4912194029E+02
  6    ***    0.12929E-01    0.7075596265E+01    0.4907119892E+02
  6    ***    0.12929E-01    0.7115124735E+01    0.4897184299E+02
  6    ***    0.12929E-01    0.7154653206E+01    0.5009251202E+02
  6    ***    0.12929E-01    0.7194181677E+01    0.5075560746E+02
  6    ***    0.12929E-01    0.7233710148E+01    0.4974448065E+02
  6    ***    0.12929E-01    0.7273238618E+01    0.5122007931E+02
  6    ***    0.12929E-01    0.7312767089E+01    0.4984566043E+02
  6    ***    0.12929E-01    0.7352295560E+01    0.4896927336E+02
  6    ***    0.12929E-01    0.7391824031E+01    0.4982451455E+02
  6    ***    0.12929E-01    0.7431352501E+01    0.5028673729E+02
  6    ***    0.12929E-01    0.7470880972E+01    0.5031896717E+02
  6    ***    0.12929E-01    0.7510409443E+01    0.4849822058E+02
  6    ***    0.12929E-01    0.7549937914E+01    0.4974790855E+02
  6    ***    0.12929E-01    0.7589466384E+01    0.4975053316E+02
  6    ***    0.12929E-01    0.7628994855E+01    0.4985190302E+02
  6    ***    0.12929E-01    0.7668523326E+01    0.4910646946E+02
  6    ***    0.12929E-01    0.7708051797E+01    0.4873528927E+02
  6    ***    0.12929E-01    0.7747580267E+01    0.5104941610E+02
  6    ***    0.12929E-01    0.7787108738E+01    0.5077234373E+02
  6    ***    0.12929E-01    0.7826637209E+01    0.4920184408E+02
  6    ***    0.12929E-01    0.7866165680E+01    0.4841688471E+02
  6    ***    0.12929E-01    0.7905694150E+01    0.4694541634E+02
