   6.9091997627432136        7.0849741703503772     
   1.7349932918642550        7.7147890846446847     
   9.5190127022246767       -7.4373312756457786     
   3.1385236127452476        8.5629860590373728     
  -9.1452940126680780       -1.6872225910079983     
  -5.2396670015063975        8.2957412531215908     
  -9.0326112198025485E-002   12.500733819926536     
  -4.9233245683943192       -8.0963915311821459     
   7.3696062442709671        6.2335723119296951     
   6.2927967034923995        4.6484985407537103     
 -0.44311484172664939        11.600474835978162     
  -3.2538305663534026        11.211142337838316     
   3.8816883893164791        3.8637600226328477     
   7.7557306565388373       -10.512780429929121     
   2.3334368248251680        3.1885180108105149     
  -6.5436168572677955       -3.7444638068113463     
  -11.770342625806101       -3.7896146252618670     
   4.0864850153323919        5.5000718754181621     
   8.7142320240053355       -10.274326706859407     
  -6.9256348862919630       -4.5260361310312520     
   3.2080696937407485        7.0736386661650306     
  -4.8909476367186278       -7.1499560565466593     
  -3.0229717464865606        7.0930491299303471     
  -2.6446087987316238        10.452953448324468     
   3.1144942565609508        10.186160769793462     
   2.6540304367556393        7.7837413020642297     
   2.0764599053279720        4.1320826199685676     
  -4.0778845415398681       -6.6360079339535911     
   4.5713454652380054        7.8455114587940455     
   6.9205046492960980        8.7093404139351112     
  -4.1585412574758385       -4.7239670740464774     
  -7.8459015207181348       -4.5597185260471482     
 -0.30638763059738883        5.2857323787279977     
  -9.6066292794283665       -4.9958028548555378     
   5.3290196528372222        4.6869476060095332     
  -2.1476877604923015        7.2750671251406773     
  -11.412879520875762       -2.8697801332308903     
   2.7816632019291525        4.7828647072163593     
   2.2212702304511800        10.098568349425154     
  -4.0982486611427182       -8.5690918898300961     
  -7.1097942071108164       -7.6300688220429516     
   1.9360719523322198        5.0389933654118284     
  -2.3174551300813131        11.384868954892690     
   5.1655274040213541       -10.258724477385494     
  -3.9624907233524653        9.3819437657855786     
  0.56702433566621635        10.044485628626290     
 -0.85536596653536745        10.729657018568087     
  -5.4963590936449673        10.016879501593511     
  -4.5973075113719819        7.5515009658733092     
   4.5570910508192037        6.2665492526818882     
   4.5133570611759399        11.095362120801228     
   5.4465985922048894        6.2692650306149513     
   1.3480426002454033        11.709360194968671     
  -9.2727768790415279       -4.0916081533970923     
  0.37424438994621234        6.7832692693005026     
   7.6137545319865554       -7.9113803842005019     
   4.0470993248258740        8.5950482001900816     
   5.4322786247593102       -9.3050845165287868     
  0.95763411797249631        9.2512217397544703     
  -8.1907870752990881       -1.5509242644944525     
  -11.067754947418091       -1.9426076082648283     
  -7.6151328419918638       -6.1383966441455673     
   7.0744906386150310       -9.7918015301000985     
  -8.1615835063819642       -5.4599936606602606     
   6.6629363596564763       -8.1336656792085797     
  -6.5512979618142619       -9.1053075947335067     
  -2.6369828228316496        5.4192470353015914     
   4.9982623862324891        10.267459847220852     
 -0.59391963598345909        6.9275820027790251     
 -0.80907185665821568        9.1585681635792096     
  -8.0510669969194026       -3.1652982653179871     
  -5.7442851519654425       -9.6155271589834967     
   2.5926079731319431        5.6474611815727656     
  0.89958830604536522        12.558580595094542     
   5.2703556227315973        2.9950338578703484     
   6.9327288839641561       -7.1898969066173191     
   5.4860950474734542        7.8800955299078987     
  -3.2750129085311155       -5.1346990914088222     
   1.3897926435060386        3.4639901053421145     
  -1.3718778023238132        11.506454834165188     
   5.0199592887196482       -7.6570024673820036     
   6.4205190316565481        7.8937536828736690     
  -4.1290610816393132       -9.5494041135396586     
   3.5838438870299600        9.3827620289202915     
  -7.2394635664726179       -1.3971164538131160     
   1.6553399814354930        6.8416742709106435     
   9.9226814561485703       -9.1203007210664868     
   5.4547191752536177        9.4505374469756571     
  -7.4550956269575570       -9.4575217404795726     
  -4.9528455810674972       -9.0543185259107890     
   1.1701406050660834        5.3582885042508250     
   6.7948272524207658       -10.745772546951766     
   1.3456672472199178        8.4597189049617736     
  -6.1396872681808423       -2.9159182533779751     
  0.47443258930654253        8.4522377018662365     
  -7.6467986068408402       -2.3078111028645334     
  -7.3095923896543011       -5.2788070225965562     
   6.1207035887237922       -10.022079229213784     
   3.3159297175101914        3.0405148880195982     
  -3.0105452236568588        9.5414611554833169     
  -11.153655798845465       -4.5240729819384731     
  -1.7251493435399745        5.6905312256329701     
   3.6686560738259852        6.2908563481137696     
   5.7090545935554626       -8.3629378044342833     
   2.9694717561933412        3.9124210088869225     
  -8.7775701909253776      -0.78371486263445245     
  -10.209203490676929       -4.2904716046204374     
   7.8844361882977312       -6.9589837330959297     
  -10.104622750727840       -1.7749058621752993     
   8.8371351057330667       -6.7191193026091165     
 -0.35807741451147634        9.9762188209318587     
  -3.9370715747330860        6.8392024247346228     
  -3.2392651326523594       -7.1009064675131599     
   4.9926588661381786        8.6444009050442947     
   4.0399126324780195        10.230351127019992     
  -8.3920115614511506       -9.7388229575514877     
  -3.3986521056358447       -4.1472395393951835     
  -8.1982347915512275       -8.7983035631158799     
   8.4828572952335771E-002   10.818590166298305     
   1.7980994204655909        5.9785289024118846     
   2.4917531124859065        6.5461559163467982     
  -7.2925799293697393       -8.5152134278196474     
  -9.8852874640617259       -3.3907746139796835     
  -4.1497384636960888        5.8772318768182137     
   1.7937940657335834        9.2888770909178522     
  -5.5895281855335810       -3.6587523624129981     
  -8.0098400793376943       -7.8881525061721334     
  -2.4645964986935209        8.8115909132010870     
  -1.9214227459831197        12.291440417633423     
  -10.287301046430326       -6.8298772392018314     
  -6.3444236618029359       -6.2405282052998210     
   2.2873995167184780        11.800434893776474     
   5.0052275269883593        7.0692929777081446     
   3.2537637692428723        11.875529247237697     
  -8.7113134535571000       -4.7903585356333203     
  -4.8728554858588247       -5.3099570294634546     
  -5.7358150248574535       -2.0337701742907166     
  -5.7177003195393921       -7.6696104915210821     
  -4.0670602529155468       -5.6915784427663292     
  -1.8598472566466377        8.1405365019841813     
  -9.8663486875934652       -8.4181603554508566     
  -1.2296191256945885        4.0563411130252396     
  0.82463972246674744        7.6728662684527791     
  -1.2998661650018328        9.9038779504165806     
   8.5645527788380065       -7.6777031386852821     
   10.190510636825882       -8.1650610162531123     
  -9.3525206785485153       -6.6034678953071895     
  -10.525958865935133       -5.2041441098683556     
   7.1999500290144010       -6.2401480811113563     
  -5.1694737751943372       -2.8279615789222401     
  -3.2298900893863194        6.1648153415958893     
  -4.0853243757759365       -7.5983461951706115     
  -4.2063763966776095       -2.8438256651410536     
   6.3988923971781624        6.2577352200226875     
  -3.5958510005496920        10.290204073959062     
  -5.6069843373305126       -5.8189517949162797     
  -5.6435998509653986       -6.7301394262957759     
  -9.1345569156368942       -9.0851487176434027     
   5.7645945987068208        3.8361495053880432     
  0.46585037133167079        4.8317222662029922     
   2.2250957807812077        8.5111633996642073     
   6.4038384206048615        9.5482879538031575     
   2.6852873485156996        9.3212871378355349     
  -8.7200188537635359       -7.2535249876046795     
  -4.2148819709782410        11.053499812821915     
   5.9786311099992346       -7.4090857474852383     
  -1.4905255759199143        6.6262726172941688     
  -3.2489961679067760       -8.0811225449395305     
   8.0205769574036783       -9.5573108314404251     
   5.9361336307149832        7.0713390514434646     
   4.0979414914180738        7.0548562934176342     
  0.43631851167854424        5.8179764383141706     
   6.7286541194417246        3.7766900026149584     
   6.3966013309653933       -9.0759050423480154     
  -3.2248701064517293       -6.1257387711452447     
  -10.910960779897326       -6.0858583269586068     
   5.8724948105712320        5.4726294180092063     
 -0.35427706196302078        3.4326042455374282     
  -8.4599964198919757       -6.3579111210588772     
  -6.6969172809537181       -2.1734775598929086     
   4.4086071360679338        4.6886228575667204     
   7.2710844709545812        4.6015729452747607     
  -7.8325610862483348       -7.0147606046733939     
   4.8160290652897535        3.8532631726654638     
   8.9647425415034163E-002   9.2252406431389673     
  -7.0989841805720726       -3.0443620807957084     
 -0.86724178296668941        5.9914308230793427     
   1.8538469743085673        10.916851106755628     
   4.5035442161633776        9.4227527068352206     
  -1.9569779681054016        4.7290676931235200     
  -6.0088626773008098       -4.4626174474592153     
   8.9657581383436575       -9.3214162520819599     
  -6.3859738035662890       -5.2941337342713934     
  -9.0352927110266243       -5.6904192456187870     
  -9.9434136171974927       -5.9120149163442139     
  -5.0282641282804281       -4.3637327498673688     
  -8.9277450596107482       -8.1475282798353241     
  -6.9955296730105641       -6.7629337419470232     
   4.2933471787120085        3.0087968979201656     
  0.50896288808245327        3.8782568111291607     


