 -0.89942515395778544       -6.0001273492694649     
   2.3730320689646964       -4.3170344250148647     
  -1.3279477894900633        2.3026021840026138     
   3.4713301482164947        4.4831674828706278     
   4.8156155718468368        2.4909299273690508     
   4.4289719344445277        5.7946329480222918     
 -0.83462197752654821       -1.9600161535815657     
   2.1897652028512713       -2.5187140728950639     
  0.20354354299370156       0.72355865878879055     
   1.0533362963203503      -0.52170273284189606     
   3.1481868079884037        1.8360879702397854     
  -1.9251594916770045       0.92374088273410193     
   5.5449876775138103        1.9525639226686018     
   3.1333249639885223       -3.7507828477589951     
   1.1935976696041686        4.3329796001335810     
   1.5590086542466406       -3.9458514921088730     
  -2.5939259684069147        5.7693218384198479     
  -5.6197256237390709       -1.9708129487795198     
   6.9803785664293621       0.70124730056490225     
   3.3774384100533279       -1.1885426155419780     
   1.3859287884047260       -2.2359226153407308     
  0.93637911342455082       0.45710796880922910     
  -2.1418992393028193       0.19532456704761844     
   1.1051128188411945       -1.3740785617211462     
  -3.5302226100572858      -0.54292061276769865     
   2.0400543157897433        6.6264121751623524     
   5.1481450845706194       -1.2321903214866265     
   3.7459322345621384       -2.3661415110666169     
   4.9374326103555228        3.3585359643864692     
  -4.2534181969641978       0.69027250181196131     
  -4.9393535527450707       -1.4279310988601948     
   3.0037015325541043       0.27192160357225620     
  -4.2105882124679761        6.1905616310078448     
   3.6616867695021900        6.3875633414642250     
  -1.6161489799194024       -5.3860046811388900     
   6.4691146221072273        2.2364291166249397     
   1.2148766012167969        3.3648864663826061     
  0.77165102984080580       -2.8310688268460824     
   3.3093279442949717        2.7099436695598254     
  -5.0076858121342465        1.1444734020856109     
  -1.4766077762198992        3.1264043780984694     
  -7.3545681548448716        3.5793778691350906     
  -1.3827683192938269        6.9630461843346785     
   1.1914439186948294        2.5583101382679976     
 -0.13708659002295379        4.0091886205320639     
 -0.13119366738712074       -6.5972241303642347     
  -6.3108300541109177        5.0338557962219959     
  -3.1557005388356330        3.1111065468821804     
  -1.4200614092059267       -1.4015078722493475     
  0.18672909499922469      -0.13735567514879929     
  -4.7209001888177280       -3.3028380561615265     
  -3.0201223362554255        3.9858123749104473     
  -3.9201334676355191       -3.7903922650418309     
 -0.54777851443578618        1.0541452224362509     
  0.92325318368291953       -5.3299710645053233     
  -2.1976993905747761        4.2495048513820484     
  -4.0077368152965862        2.9352637947693352     
  -7.4793228763814072       0.69196717652618633     
  -2.3426930777194124       -3.8945921395769094     
  -3.2731293735681852        6.4364669505667642     
  -4.3951316705529706        5.2693233256825973     
  -4.2940291944097080      -0.18803279156524255     
  -6.4920457646116621       -1.5704942902623076     
  -2.8602084838615514        4.8571284873191001     
   3.8241853998348576        1.3179126853544796     
  -2.2274765609546678        1.6710352907385286     
  -4.3509634818601377        3.7690475691451470     
   2.2519164599988994        1.5364432348952906     
   3.0146046759189771       -2.8426909028172664     
  -3.9914195241286778       -4.7641003315573975     
  -6.6146043536188213        1.1412417724975215     
   1.6332913249101031       0.13399509054705627     
  -6.5986927235657955      -0.63119864673554538     
  -4.9236344911067143        2.9814627931643796     
  -3.5048780009583740        5.4952051387217731     
   4.3118714995804757        4.8381949683560590     
  0.58904595755447486        3.8399464305776791     
  -6.5682176135364179        2.0955095686813907     
  0.43150158060246457        2.9790586581465761     
   5.3715760555747325        1.0593201453723804     
  -3.0590978291289059       -2.4933087510488652     
   4.7874237529958101       -3.6393189756385658     
  0.36371023147394033       -1.0144411589020703     
  -5.7691331031994570        3.4219323512976603     
  -1.6701949788620103        6.0364015195733955     
   2.5375645008296361        3.2697978012787510     
  -3.0936296593150794       -3.3635424971665087     
  -7.3887448957018744        2.6042301189547108     
 -0.51855768064243613        4.6957426981657324     
  -5.5468621611310782       -3.8246212725908260     
   2.3002230766278502       0.68180616283467399     
   3.2236689987063247       -4.6888913195507209     
  0.56309634198860625        2.1043839406682086     
  -6.3961429930934184       -3.4143156714130312     
  -6.4391914320250940       -2.4779260844152575     
   1.1620094588880741        6.2305016331287568     
  -2.2661017796167324       -2.9618815012687016     
   2.8987799916714221       -1.9359389136836407     
   4.6633998114416588        1.6229815052266228     
   5.1755563883582010       0.17400029603220782     
   5.9710260968193856        4.6172492544890211     
  0.19106006517205115        6.4825675409096428     
   1.9473164170024910        5.6618495949978591     
  -3.9006232562629268       -2.8744236179003932     
  -5.0418742060095054       0.28242951810614503     
   3.8022687637349697       0.44267339589627708     
  -5.3548793623575284        5.3181058792759117     
   3.3799629591719054       -5.6303042584410763     
  0.38054721647461032        4.7656193897451393     
  -2.4437224809780922       -5.8276821173651054     
   6.0313513595891406       -1.4568439746777613     
   1.1702865160560076        5.2219107467780352     
 -0.49613884887838877       0.24364791337972347     
   1.9953622513910885        2.4406043389756507     
  -4.9906547681033091        2.0327472798968969     
  -5.0683672353242732      -0.55012626594474445     
  -7.4281939803178441        1.6462240038713924     
  -1.5277227804795954       -4.4667542387883392     
   2.4626508059534027       -5.2926212588595298     
  -1.0640865538131827        5.3944605504434104     
   3.5437300882596969        5.4123835081190634     
   5.5668193293218664       -3.0719405946017608     
   2.3587632818693467      -0.18990273341737834     
   1.7979463002323308      -0.73366872310034159     
  -1.3460453457625383        4.5129118304627687     
   2.2802545339978266       -3.3902478096997646     
   1.8859963254423873        3.8536346133686310     
 -0.91390505400300137        3.7871567950825389     
   5.2738870242526367E-002   1.5565682458013317     
   6.9340679417832982       -1.1870562004323435     
  -2.3391930098857867        6.7102115393701913     
   1.9765490469846447        4.7497949491597540     
  -2.6572191428492697        2.4465677404026844     
   5.2031177088359879        5.2165440306219413     
 -0.74697049550246153       -5.0461237765286588     
  -5.5545668151116541       -2.8759051131943907     
  -6.1327474178034552E-002  -2.5121207943322470     
  -3.5209532971905793        1.0921163098706601     
   2.7915180621675884        6.0081379997927344     
   6.2617027477807667        1.3268895722990657     
  -3.1565317034941498       -4.3072625095043300     
   3.9005870032701924       -3.2363272491036810     
   2.0492166772969762       -1.6879067154418008     
  -1.3915452876848806        1.5078398043800645     
  -7.3726223582204762       -1.2331747927065027     
   6.2890918246426537       -2.3917784355743228     
  -2.0616786627830517      -0.62621550475389798     
 -0.49106547814191509       -3.4128113335297052     
  -5.8278520930686843       0.66791966115354828     
  -2.8338663694570618       -3.1179805256843097E-002
   6.0487484117466090       0.40665510361257207     
   5.0557949686373513        4.2655557546552618     
  0.83878902307472480        1.2993751758778258     
  0.59038211999980850       -1.9574537525532876     
  -3.2246526991284377       -5.2843436892817381     
  -7.4850707796710516      -0.26872802331914281     
  0.79484101095100612       -6.2581270566730982     
  -3.0327411043609440        1.7062127023567193     
  -3.8144472563136507       -2.0299743680068927     
   6.6283595367868990        3.1803935638183640     
   3.9678449015139781        2.1707791837079058     
  -5.7448555660540457        2.5184017038197126     
  -3.7731056906480420        4.5573656873100443     
  -5.7637551636256523       -1.0383790722879134     
   1.5764335865862815        1.0041502798204083     
   4.5016979984902221       -1.8649324643096397     
  0.16448384231691535       -4.7480750086270787     
  -1.2553741372907736       0.44285671237674734     
  -2.2125339039757974       -1.4878236729187118     
 -0.17940763832922393        5.5552377761212242     
   2.6681739607300528        4.1720817795397940     
   5.8213380174749281      -0.52814920529993725     
   9.5489900307601516E-003  -5.6480888992583207     
  -5.6213621658130748        4.3881211379767331     
  -2.8006143025813408      -0.85811325289621887     
  -1.7094507596200708       -2.2292277256398778     
   5.8128238070698313        3.6801021513770640     
 -0.64321041678374913       -1.0701236590246115     
 -0.65584994844221278        1.8859778827892741     
  -2.3645395978394039        3.3687952379965473     
  -2.7110841481818739       0.88375438744930235     
   4.0962606138767796        3.0692467775810077     
   4.2621939864632434      -0.96879689979105366     
  -5.7862183254424346        1.5848491056971610     
  -1.3910039894107702       -3.0892603554606239     
  -1.9623690731036565        5.1276813579100784     
  -3.0555779159042697       -1.6184825720557021     
   4.0102226062052786       -4.1805488867967382     
 -0.11525405481268029       -1.6455277430291744     
  -4.7264859147441234       -2.3684978225517632     
  -2.3823386124393480       -4.8345084068237298     
  -4.7493618667431550       -4.2649565205778677     
   4.5301135074955301       0.76403780937722898     
   3.3700620580023104        3.5886182398789188     
   3.6479399198388087      -0.36176633680207615     
   5.3627415746353062       -2.1442360885582459     
   6.7362330020414030      -0.24516112757838443     
  -4.2228796243047384        1.5577306530222697     
   2.5620863688004865       -1.0652238751858334     
  -6.5011759528113675        4.0325016829293840     
