   11.242027033009521        4.0718869192777953     
  0.84203700710890139        7.2850750043205528     
   9.3711541675232031       -6.6254544743301320     
   3.7665089999724475        5.3715173541295522     
  -8.7241231422489225      -0.19309913639081644     
  -8.6858681976601293        6.4522115370521664     
  0.35418854820126378        9.9624465251067829     
 -0.97889469839710819       -8.8943550380471201     
   11.242316674960041        3.0687254869487695     
   8.1718588755673043      -0.31028175186204793     
  -3.8764912109664289        10.308727246790319     
  -7.2456795447632523        8.9058439271533985     
   4.1414431222323342      -0.28887269768272328     
   6.6479033219947050       -10.147592848904349     
   1.0398819325404267      -0.55847203095641740     
  -4.4842868070856516       -1.2280207363136519     
  -12.204144460249507       -1.1441879481378279     
   5.4274932393848143       0.68570664801367864     
   7.9798865843435101       -9.5005766628140478     
  -5.3788062859175296       -1.9482554409275010     
   4.3165963628942610        2.5322593804601823     
  -1.4111326368762542       -6.3903437608920921     
  -5.5168364296942780        3.1908932074601926     
  -5.5287084292749746        9.1404379333316097     
   5.8548788330223704        8.2509777271659122     
   3.8076785200693291        3.3967357948753514     
   1.8525380441684347        1.1366034239593390     
  -4.8529001611587290E-002  -7.0532277944006339     
   6.0159666668887022        4.6659354764487828     
   9.6730071468116137        6.7551142155873976     
  -3.0436985699406476       -4.1896056697566246     
  -6.2455273824690636       -2.6747500311504928     
  -1.0636722026488565        4.8435919269684042     
  -11.676032567881757       -3.9118071348585106     
   6.5056492159213333       -1.2793649519843591     
  -5.2101959775193132        5.5303385268860596     
  -12.007215885210410       0.91049712424897900     
   2.8280420480992459       0.91794358682728849     
   2.2443894717605448        6.6687829037455524     
 -0.15264194606761358       -11.888672289358949     
  -4.8793359928993159       -7.9414588238268990     
 -0.97279612131460558       0.15294571837321436     
  -5.5132394720812519        11.117998524853494     
   2.5592852641276664       -10.273114688789493     
  -6.7932934502144118        6.7472956988696513     
  -1.7291640591161028        9.3275230869418682     
  -2.9316540038365773        9.9774399208540689     
  -9.4646657123658802        7.6077940740359606     
  -8.2290336006390046        5.4694671378039814     
   6.4899909658534733        2.3191492798963207     
   5.8559140646088421        10.619440881858276     
   8.9511307703970342        2.6979649160957888     
   1.3122332097767884        10.515629703015946     
  -10.705076653299994       -2.3940130966238109     
  0.31915500586153256        6.0542364469257155     
   6.4217530737341848       -6.3499803045045899     
   4.7527624778042750        5.2067705254035213     
   3.3400881769839126       -8.7473310716911126     
 -0.77666775375086683        8.4587850760105852     
  -8.6206078010086280        2.4847589401655306     
  -10.793326826083888        2.1309895718522323     
  -7.8061812523519727       -4.4867375474070439     
   6.1481692051972825       -8.7088708165283286     
  -8.8783538405377804       -3.1981326220491724     
   5.2446934899951998       -8.2800798065242187     
  -2.9430332607321654       -8.5438511577278913     
  -5.9279779163389135        4.1033165947933208     
   6.6627834732481688        10.020168280894060     
  -3.3244459391904178        4.9963886530975472     
  -2.6879108947031964        9.0070847679930957     
  -6.8059499229621796      -0.75442416314726413     
  -2.7584034971365776       -11.862795849236090     
   1.7002574157789929        2.4393760189377458     
   1.5822645607369192        11.512819359121298     
   7.0898595291088276       -2.9700017056299202     
   8.1969893062390771       -4.6568784321970087     
   7.0863270610405937        6.2293608989658198     
  -1.4481216639031875       -3.3195733325644525     
 -0.17216539584270493      -0.47476188401951169     
  -4.6002775225264863        11.525025268585770     
   2.8602771607796154       -7.6002463701498506     
   10.457248371706424        5.4280687285041553     
  -1.8403310397779027       -12.271984491457934     
   4.3749995171164118        6.1654440946725995     
  -8.9866492582155217       0.80828773151934952     
   1.7317048839958273        3.7352471098189528     
   10.346228516420325       -6.8507932570883776     
   6.5286912374930122        8.9902798148309166     
  -5.8897161364130799       -9.9323301949133835     
  -4.1108233782144428       -9.7878059388323564     
 -0.18968391844955373        3.1820630324000159     
   3.7869542821911857       -11.636421074089540     
  -1.2517509618289929E-002   7.8089870708224911     
  -6.3988753460769088       0.93373651469833308     
  -1.1707824741178023        7.5398188531688994     
  -6.1136623432814838       -3.1479055312417258E-002
  -6.8692214804244918       -3.4632338291303042     
   3.4216819857104879       -9.7554689585088958     
   4.5084174721857462       -1.2193691303016359     
  -5.7824556928103190        8.1739898392976773     
  -11.430599492483195        5.4585118325404212E-002
  -3.5172447515350971        3.2435057148916373     
   4.7712025708287742        1.4401239427678840     
   3.8356965993759968       -7.8790850613539654     
   2.8367850110301913       -8.2305051018015357E-002
  -10.891064283210291        3.3915097506591696     
  -11.661114718928113       -2.0590822276510976     
   10.140375599563962       -5.3022007504228670     
  -11.007456381093203       0.96052606347567193     
   11.757619754270232       -2.9020862179944396     
  -1.9592079289184567        10.300207332608158     
  -7.6943603432498024        6.3144657572408658     
   2.1796226085913868       -4.1600480825437227     
   5.3633572707402495        6.3200505391174602     
   5.7445559136908440        9.6220373082557220     
  -5.8710380043698587       -10.933250307066558     
  -2.4496785941352131       -3.3818004133941759     
  -5.6536462441776809       -8.6182079333562598     
  -1.3873907607203975        11.197576654484239     
   1.0268658356762830        1.6998608545083800     
   2.4782680348011925        3.0697918528578230     
  -3.9926719213035917       -8.4100631182225527     
  -10.248351934233510       -1.5008845345060744     
  -4.9473754445657017        2.3068120399952408     
   2.0587264469776576        5.6863434836377555     
  -5.3706993793517386       0.63823226196083227     
  -5.9596188999088664       -7.6666649595620688     
  -4.8819642885311580        7.7256800108500538     
  -6.5875367175617097        10.514498320680639     
  -8.7340866096934722       -7.3231094052775809     
  -5.4566517968793997       -6.0216594850665777     
   2.2779903906867283        10.794500806209165     
   7.3498368664236686        5.0691986470159414     
   4.1913314075706385        10.888323286569740     
  -9.7670961767624060       -2.7402617303909111     
  -1.7354208437704399       -5.3005504123867766     
  -2.4305850528745698       -2.3823403097804134     
  -1.9798948928397884       -8.8219350867500808     
  -1.5932972140647632       -4.3097398910142708     
  -4.0981299476403530        7.0603921566917140     
  -7.7025060554910398       -8.6479825135233703     
  -1.9223194058389297        3.9740338583942596     
 -0.29206906757609108        6.8493788040881842     
  -3.6785176996865214        9.1683441850219047     
   8.2013497301499285       -5.6626567553076272     
   10.863200826890163       -5.9929309290129256     
  -10.251761099385281       -4.7847939096472549     
  -12.045993857387296       -2.9821693612240079     
   9.1886597531700911       -2.8923133388868711     
  -3.3926538579004362       -2.9042732457782514     
  -6.7826947102924837        3.1673640422382396     
  0.41303439010571058       -10.184437412662973     
   5.6724059858790830E-002  -2.4254612194379894     
   8.4740924076699926        1.7214178789574563     
  -6.7708439480904730        8.0246199959004763     
  -3.2394667636145695       -6.5648712530224378     
  -3.0967068668100035       -7.5556393623106288     
  -7.3912143043311209       -9.6052378807252037     
   10.831319780327346       -1.1246400709392996     
 -0.79433074939426496        2.3716294052313533     
   2.8204830181940292        5.0381805843382237     
   8.3864429827668481        7.6580854099098037     
   3.0082641430436121        6.0234402397608937     
  -9.0870578645968791       -6.3832053258175590     
  -8.9352990531128604        8.6103781957130749     
   3.7951686782957044       -6.2124691388145186     
  -4.2345388681555907        6.0703026359112631     
   1.2988627352854347       -9.7031489090148213     
   7.1071520614450456       -9.0086046616391950     
   10.623052181600119        6.4145937332653391     
   5.3165523605284353        2.5431425531176846     
  -6.4615120469010967E-002   4.9003447740784214     
   11.023471534572929       0.99338854564611945     
   4.2656619394905189       -9.1496091969446418     
 -0.75124215209688361       -5.1085590305826791     
  -9.9753657855210012       -6.8576643842595608     
   6.1435859058747537      -0.31753575508261556     
  -1.3855159757487940        1.5647038150487749     
  -7.8726252022338974       -3.4873485855879593     
  -5.7025194965918837        1.6511060149224221     
   5.1419943118187943      -0.27442359244956793     
   9.1604651590177433      -0.14175688331340103     
  -7.5365493656246088       -5.6680929704639151     
   8.1360739078473134       -1.3172017607255724     
  -1.8738390498934754        8.3384303266027029     
  -5.4457522837260832      -0.94826282086599778     
  -2.5207409367145313        3.1646990706995153     
   1.1571570368283575        8.2874270167761885     
   4.7198289850168678        7.1098806372290086     
  -2.5634572547500096        1.3510976171512188     
  -4.7191364043043800       -2.7008864759892872     
   8.5640742820283720       -8.6793456880705726     
  -6.1165562299827743       -4.1329699839784677     
  -10.528811254460738       -3.3900117424068728     
  -11.273807968764388       -4.8540294468732643     
  -4.8576850260963464       -4.2741127353541382     
  -6.8159536915084171       -8.1832049792079822     
  -6.2007506423624950       -6.6964943482829016     
   5.5083428705270343       -1.2056891828401917     
  0.19905289211913221        2.2604066617613481     


