  0.47936483748200709       -11.965647064446641     
   3.7430634644241279       -9.8544149879803484     
  -2.1511673159580917        3.4829848132461976     
   6.5706094456741235        7.0410051498946782     
   8.1242980190907126        3.7296322372679538     
   5.5332973512208419        11.107833538037578     
  -1.5686313895639732       0.72576574744279665     
   4.9900533757722236       -6.4631232721886249     
 -0.65885512200918006        1.1447752339596189     
   2.9002902149945711      -0.91154923574251590     
   6.5078445270353962        4.4394065006016570     
  -3.3856086199482474        1.9535376121456240     
   9.5167055973071442        5.1186372214724329     
   5.6363107670882924       -7.2287504387543375     
   4.3686747540636270        7.6447053914270633     
   4.8748982396078233       -7.8796527405069217     
  -3.1903469299894645        11.062557809917960     
  -10.585679100211202       -4.2101512241489090     
   10.942545614424668        2.5777174357304222     
   6.2500443493988538       -1.9870063663019952     
   2.9915582925896564       -2.8021351468424855     
   2.5302202192437089       0.74747794342567586     
  -5.3690993129167870       -1.8969344068105563     
   2.1966374849530945       -2.1950657220347947     
  -4.3997724011795256       -2.2155518383368853     
   4.6074099337113434        11.522394955163355     
   8.0228232320062993       -2.7291898247569639     
   6.3833336709007726       -3.8591780358012775     
   8.7436532436755527        5.9489535747697495     
  -8.1240709099185189        1.0908369479889457     
  -9.6450987022309729       -4.5831200557402809     
   4.8203566240136571       0.79286349181095805     
  -8.6195783767126972        8.9198501115389508     
   4.7183187838667813        10.528499081742412     
  -2.7722436288022365       -8.0166416555644222     
   9.9533290551086218        2.7623832504546382     
   1.9742665494430183        5.8723545049174657     
   2.4512375471385313       -6.7350638131334017     
   7.5020032315379988        4.5674830634959456     
  -7.3910902847981426        3.3804172834433475     
  -2.4080400862096001        2.1871483268912151     
  -7.8071549914100444        8.3368929055311956     
  0.43881766582262011        12.402053092229536     
   2.3110532398879964        3.9723376192868893     
   1.0215821243045480        5.5538484749257400     
 -0.43705570827990686       -12.396660805889088     
  -7.8523026822005617        9.5686264185483214     
  -4.9683895957229005        3.4545395453716861     
  -1.7831600550642115       -1.7597860283762412     
  0.16415288602446151       0.56744008149726322     
  -8.2460497848149981       -5.5743771782894695     
 -0.81138900667434932        6.5216558718128050     
  -2.9569608746592526       -7.0317984107677090     
  -1.5176017833936382        1.7264721837318648     
   1.3886838936520396       -7.5380613108374579     
 -0.65335052606727628        9.4167566032823160     
  -6.5756501009951567        3.9637482236368151     
  -11.911362059352914        1.9413069015285003     
  -2.1233697193670924       -6.4598824312260366     
  -3.9567345912795395        11.727076799140624     
  -4.6594093150173528        11.015071009762103     
  -7.4795294664174108       -2.1656501090521152     
  -11.034178272623821       -3.2863986640461857     
  -1.6178747522318961        9.7266957177472086     
   5.8007066020753948        2.3279849629473750     
  -4.6133521638955797       0.25360046593231561     
  -7.6748173067120371        6.5309638437412936     
   3.3105864542100067        3.9632600301306691     
   3.1528166012344951       -4.9722751731124717     
  -3.7075587267047743       -8.3712612391876338     
  -9.5237551603036472       0.23601545713931921     
   3.9231413405645155       -1.0091158951975949     
  -11.200031253393890       -1.6821345569991859     
  -8.4716833042619513        4.1547879875610478     
  -3.8996260696991434        10.348563615121872     
   7.5104692442744314        7.5031749835502941     
  0.70163167689730976        4.3655578368214929     
  -11.030044243257612        2.4732221655196600     
   1.3732581943965236        3.6230740241239232     
   9.0691063493229489      -0.27758926439842840     
  -6.3244631570872842       -4.5545646426021751     
   7.9687907849451163       -7.9490318776783946     
 -0.20196826340786508       -2.7010764221434140     
  -3.7415048785603449        6.5111888038923631     
 -0.93001390251670080        12.371258713013127     
   6.0297719824180662        6.1970132484984823     
  -6.4486478509781788       -6.4837282967080769     
  -9.2362449694396052        8.1005370923278015     
  -1.2435122950670894        3.9043977883141636     
  -9.8404689277075903       -7.5402264785803093     
   5.2663902634855271       -1.2037363716918392     
   2.2844064810716560       -11.177228664840756     
   3.2134189456236006        2.9660654225547338     
  -10.431161527728342       -6.7198192293717804     
  -10.917273054049154       -5.8404563343155713     
   3.4912563898653568        11.888950933795245     
  -5.6648720659576259       -5.3391014873024032     
   5.9578136589011317       -2.9444842872321400     
   6.7204895856653284        2.7265619464156607     
   8.0802161337436491      -0.41877147786929131     
   9.5845037024516273        7.8830109877358518     
 -0.27476463042388310        10.342946926036273     
   2.8887477259058660        9.2653716656149818     
  -6.6549570362801536       -5.5032763519900350     
  -7.5421184189398600      -0.17912300728804739     
   5.6896648405706447        1.3239739396082602     
  -1.5000483189571785        7.2611947813137316     
   5.2026161081752651       -11.266669203958246     
  0.50653970039644947        6.4120755886889533     
  -2.0062050692008722       -11.046296110196796     
   10.205332876495712       -1.7374051979129341     
  0.59293383426241941        8.2905368915476849     
  -1.2091885595178546       -2.7894007946208070     
   4.4134975190111563        5.0914178015350018     
  -10.943827961100528        5.8306301050627996     
  -9.1047929587010792       -3.7301107899131156     
  -8.3749683109216555        7.4877395915771752     
  -1.7835864875836716       -8.1663642851032705     
   2.8475742545952816       -10.346249068768712     
  -1.1749240896411302        5.5837967616412145     
   6.4106138366304997        10.625439767471319     
   7.9832738176816713       -5.8652082124507503     
   4.2973301733149443       -1.9648326324503862     
   3.2809453445253571       -1.8423766197622176     
  -1.7524248465749204        4.7677157904751359     
   3.1089442634471753       -5.9724859244001047     
   4.4945894571643992        6.6490794524930292     
 -0.58601722979867321        3.1460225013124594     
 -0.60901607357414644        2.1456345537830979     
   12.001929914028144       -3.1552745854892330     
  -2.9670523187298974        12.043922517165560     
   4.1595038660342913        8.6575031229047212     
  -7.1231271271356800       0.74689110917371571     
   8.5888614181875660        7.7461175596851879     
  0.44313904670360271       -8.8482593722769280     
  -8.5450385183758790       -6.5767067244712196     
 -0.60079431344196543       -3.6184106083595555     
  -6.2032042374050436        1.4128244083534989     
   6.6645950096151303        8.0371864952807961     
   10.309932347647642        1.8017662728361199     
  -3.0589944171834960       -6.0299090720466131     
   6.9702875913687219       -5.9014354133205913     
   5.9733273961058666       -4.7733820701795899     
  -3.0180494256915229        2.9796182010577015     
  -12.394349080143069      -0.11572676702791748     
   10.205533047895672       -6.5596058753459170     
  -3.3443745587655314       -2.8810618601259401     
  -1.2291118189179502       -4.7044324973379386     
  -10.522736655848686       -2.4270399886503591     
  -3.4401780037215022       -1.8769871349075304     
   10.666359209972756       0.81926499964219546     
   8.2273198978886786        6.8055461335800942     
  0.23376643141320058        1.5999518605846306     
   1.9500258440393052       -3.1672946103828497     
  -3.3653905073836348       -11.602621562120749     
  -12.356978934151426       -1.1169422971178247     
   2.5090045197495265       -12.151588993205163     
  -5.9365411268925685        3.1886355231084798     
  -7.5788828804676962       -4.8126406907506265     
   10.563164351350878        3.5664672691485078     
   7.1162333620121663        3.6447287260516146     
  -10.847734676030804        3.4643712553915407     
  -2.0040575850317741        8.7340272887922996     
  -10.037965736764155       -3.3708198962962514     
   5.4681801193599648        4.2917911985586752     
   7.4184819442247338       -4.0053595720127770     
  0.35130465379375397       -7.8525813841204020     
  -3.9747779792957307        1.1075962723042938     
  -2.8501063373766291       -3.7706639855493536     
   3.5552054400288893        7.0621904078804985     
   5.0906610080601853        5.8464216838094165     
   9.3379353215209839       -1.2399628553344142     
   1.4003965969997560       -8.5398303648610465     
  -7.3141296621602159        7.4648469642692721     
  -5.9449470851126058       -3.5863058360247488     
  -2.2280037387202469       -4.5630225586029622     
   9.2189422923513344        6.9526443812355936     
  -3.3273437071949581       0.34512989088475404     
  -1.4959181288389911        2.7280970378102936     
  -3.3269152364668169        5.5919219438409984     
  -7.3345083652189293        1.7296059583281125     
   7.8452196295373096        5.5086239781060620     
   7.2517318355302534       -2.0927374129294916     
  -10.002052073518062        2.9289683158480257     
  -1.8481748197681847       -5.4898239635461428     
  -1.9603475041386407        12.211075626335733     
  -7.0983205017435198       -3.9153534518533419     
   9.8747797315127279       -7.5089763306083421     
  0.38614350817311899       -3.7991649714145148     
  -8.5999672800591771       -4.6320495532283648     
  -4.0552212573696398       -10.112547818623126     
  -8.0491425413308448       -9.3339378370632691     
   8.6791595707114428       0.65147705902680242     
   7.3190845787927259        6.3728748292776762     
   6.2814992411944184      -0.96996999494723901     
   9.1150068022109441       -3.0031448222091801     
   11.294031463932043        1.6033833123441470     
  -9.1050210265166136        3.3771192222537776     
   5.2663587848308753       -2.2128442147932721     
  -7.0481989076222149        10.211514465702598     
