  0.52697941272370619       -3.3382053280388866     
  -12.309619527275212        1.5722404712280555     
  -5.1066765711042796       -11.297990859750067     
 -0.86399638469225581        9.9822240450443971     
  -5.4114118127506536       -3.4193164983823832     
  -1.0459589295717340        8.9697751488155149     
  -12.266798284276652       0.57155193491016443     
  -8.0337765160255881       -4.7058529791170951     
  -4.1164176011856597        8.9532001465476743     
  -4.1860126912055149        1.5463441319571667     
   10.727512395065597       0.18590682353253132     
  -2.4008731801167524       -7.8999509805081543     
  -9.0333151701905265       -8.3754975650053964     
 -0.55892716248258645        1.5416231312724524     
   9.9587530693484805        3.8733494266234332     
   5.9567089621947460        6.6357499807649702     
   12.383596948368846      -0.78608788035020383     
  -11.224003657338546        1.5060324019965066     
  -5.1751283159581236        5.6235729833782688     
   6.1223100828383270        2.2710076561398460     
  -7.1430692949184911      -0.65166728773108662     
  -5.4828107760074456       -8.6785323902439870     
   2.4535137371894891        5.4308572121510075     
   4.8735148621122821        5.3627528700393405     
   9.7553185001301088        1.8384372630895629     
   11.982983727164982       -3.2201650026257829     
  -2.7329349133426430       -5.8716323952499465     
  -2.4925185761429511       0.13641798482516593     
  0.94250670675700066        8.5701159516316814     
 -0.19163749971956021       -5.4811252861907409     
   3.8862493641371212        7.0684399973434084     
  -8.6844777697394111        2.1939939023905994     
 -0.80744324120821531        3.2512458632173957     
  -1.5963380945943044       -4.0539999480927698     
  -9.6916160328866763        5.9274145104631151     
  -4.7244969610337986        4.2465993884205862     
  -1.7344500653047767       -5.8154937299508056     
   11.035886390434332       -5.6746340610602983     
   12.282081653423505       -1.7767435155585356     
   7.0013639281934825        8.9970804611930948     
  -3.6431814436870864       -9.2235210455099654     
   4.6262705539803211        6.3297336994134534     
   7.7471577765946007       -8.9407324592885704     
   2.9724737359363660       -11.694313518684806     
  0.74634072496487225       -12.387351783681430     
  -5.2058327791285937        1.3635381297263545     
  -2.3306169155760945        7.6532205941878413     
   9.5145604882439017       -6.4954574285129425     
  -8.1891505552898707        1.3268335908519979     
   1.1465971215885523E-002  -1.1924133533207266     
   10.947141444940767        4.0240249868539006     
 -0.17593331765964826       0.61154471597233495     
   2.9971203265889046        3.6394592391300620     
  -2.9346286824006778      -0.76437695566418018     
   2.0430215418591264       -10.898150726534732     
   6.0014314194732847        9.1350272898041318     
   1.5568137946148244       -7.7866681602539778     
   8.9387415569744686      -0.10865466008943500     
  0.37847648151151719        11.316918841189935     
   2.8970658501564035        7.2846284979442792     
 -0.51215441483504731       -2.0419374730624553     
   10.800406340829070       -3.6214255885727487     
  -7.9434079476189439        7.6216671654301660     
  -3.8724695952503714      -0.42090617043955408     
   5.0604658281310240        8.7422201035877745     
  -8.4466059320688291       0.36184302703667964     
  -3.9400578379026507       -2.5085828067571576     
  -1.1621066521344283       0.42161052385019565     
   5.9726026216154713       0.36111677591123725     
  -2.9339787460646081       -2.4518971501406104     
   10.313531279573569        4.8083350339987652     
  -4.8643195081251891      -0.25624026079523460     
   7.4805838439370831       -9.9018486942338271     
   8.7953547273523700        7.2641890355838878     
  -4.3105388013914441       -8.4797028223482442     
   4.5791482352602797        4.4092178736548400     
  0.24128373580452611        3.1707559794140763     
  -6.9572698505974762       -2.4211711086264649     
  -3.9043543749392922        2.5048608053630890     
   5.6940520039988467       -6.2028618626181542     
 -0.60345485924143627       -8.4003007745807743     
  -10.226051273706736        1.6087795815561927     
  -3.9055200619276773       -10.298069401479991     
   3.1134554522772433        8.5993493094585762     
   2.5618221934674450       -5.3997616335116456     
   11.393054240020946        4.9181705817547856     
  -2.7827876283883692       -4.8719673816455300     
   7.7651225806964561        1.6124823826523664     
  -7.8212607153839810       -3.6154805277389936     
  0.27041534578733312       -6.5257663879218475     
   7.1132225757115357       -5.3095929075673949     
  -1.8502812397383832        10.128000182142598     
  -1.9283051034725360      -0.68749851021214592     
  -1.2558201694353235        2.3592769177945345     
   1.6690524721769493        4.7300736140344455     
  -4.1453526252127304        10.948042761299941     
  0.77215100394295566        6.8076836641184938E-003
   2.4788135105826434      -0.79108993237109126     
 -0.43281631130843123       -12.066933703791019     
  -5.5835004803734671       0.43828658745208016     
   6.1136264753656979       -5.2953003711774471     
   2.7533647976163182       -9.0436376367313667     
  -7.7319392964278650        3.2987865897990485     
   6.7370709304588248        5.2001109395817036     
  -1.7471990399498745       -10.588846561321937     
  -3.8676064631678755        6.3992736925602989     
   3.4567170921321200       -4.4156989258111592     
   2.1977465043744120        8.1936641940416379     
   6.4506960427467286       -4.3506128138499305     
  -5.2779749804622069        7.4765359357783705     
   1.9104617981823080       -3.5620531149723789     
   6.4135984683582601       -7.4527250912342149     
  -2.4336928425432398       -3.5113960605810464     
  -1.4311487411344899       -7.6599633395679154     
  -5.4049620253534068       -1.4186791263974794     
   5.3861086247978696       -3.4034216722223132     
   5.4299155085152080       -11.100152820509017     
   3.4748646695164314       -8.3436029191564689     
  -5.7361792645437069        2.9732061137880246     
  -6.1690348036329041        5.7862325901106937     
   9.1120467806237393       -7.8834194237566653     
  -2.2607837031579341       -11.445411276720593     
  -3.0559243763610073       -10.827790046081672     
  -2.5078686737018763        11.311513859722297     
  -8.2201704382123957      -0.61183997825673742     
   8.4315878061286771       0.75013360829952358     
  -6.1847130814776037      -0.35934815744514947     
   2.5155657912967766       -8.0719614564721702     
 -0.77143625541299632       -10.375484312685566     
  -2.8636120530236644       -9.8482615264990194     
   2.3335548959666670       -6.9310278717058846     
  -6.8136194774880430       0.41730917323492511     
 -0.71569926256412963       -6.3341907331625293     
   8.7372031754134110       -8.8100467828464666     
   7.2237543862068554       0.73106734441336041     
 -0.10718094072754608       -11.123069363542317     
   8.6784601066830085       -1.9728304984211440     
   3.1485243636616436       -10.695761274502644     
   6.6514934019664311       -6.4851522141872895     
   3.6538247218780060       -3.4324157489728488     
  0.95547481656693645        5.4320543381001594     
   4.9234018513031383       -6.8444475397283684     
  -6.3982150601939711       -3.5890782030948150     
   11.867014862892825        3.6290722624169898     
  -4.4094980831514254       -1.2635899960420209     
  0.19850513424629579       -10.138562179084341     
   9.9756351108004679       -7.3812851960879629     
  -9.5612252333813359       -2.8543892190038975     
  0.49434130612173605        7.6766500131447133     
   8.0187938747440443E-002  -9.1307799728925687     
   10.754345329893464        6.1866024825636776     
  -6.7277535944087035       -7.9514496549811735     
 -0.86129595712687812       -4.7367219553288855     
  -1.2029102805550707       -11.430513588647010     
  0.70479785217746982        4.4644146444391888     
   3.5991928762807479        9.5396276462001310     
  -4.1384618554551871       -7.3259968325695226     
   2.4589220213879646       -4.4038919415739866     
   11.423603489807112       -4.4014976250343985     
   6.5855449939714710       -1.6692124677340456     
   1.0260229334742914       -9.4520593313832482     
  -7.6267505548089414       -9.0797152543339781     
   4.0251034763529407        11.110745052367069     
  -8.5328147368169365       -2.9133745449873123     
   8.0892709592466421        2.5879119894357334     
   11.070082724222431       -1.4067474094284631     
   4.2298259721935549        2.0721987651517360     
   5.8329835180398115        5.6423917731384368     
   6.6232661042870511        7.7547142347193754     
   8.1184399625032277       -8.0129010602421129     
  -2.3383014238688737        5.1165778433484093     
  -7.4525170088566224        6.6857868776394040     
  -4.4134306705489070       -3.3866285008558621     
  -1.8086235945014735       -2.4164901939536056     
   7.5075554469667685       -7.2017264437896795     
   1.1052019361151504       -4.1538912146339042     
  -2.7073658599036414        9.6088756461147948     
  -4.8525650753852858        6.5684090922213327     
  -3.0748134246806140        5.7918304703457153     
  -4.0796861695126507        9.9509043170901670     
  0.90070466698931806        9.5686334798378780     
   7.5275441167588717        3.7006929619795783     
   10.214653963314305        7.0473316702002551     
  -8.3342684350544314        6.2148305947721791     
  -4.5672548542099536        3.2574200538014622     
   3.5302078196377713       -9.7712334013393978     
  -1.4567989514988806        4.6409474213410844     
   5.7475956182464945        10.706123340043630     
   1.7548795548189913        7.2988108475120468     
   3.2315934052806670       -7.3705440748795281     
   1.9741327436363125        1.9693574984735651     
  -3.9959860731368835        5.4063140213137748     
  -3.6993902600601993       -6.4030224047425399     
  -10.302026558735202      -0.50069072856171382     
   4.9918916468271775        11.361332757398777     
   11.473247148600388       -2.3578768108322206     
  -9.4247268579533330       0.56524521403283789     
   1.0750947307384866       -11.441455552231172     
   5.3684248441115958        1.3258273369371294     
   1.7922767302202640       -8.7590538699656424     


