   1.7512771160081804       -2.9372719130772809     
  -9.4427060969087115        7.1165838490659326     
   8.6654489862617545        5.7887103939575724     
   3.2570555112560529       0.49397137881881231     
   9.3355015508027037       -1.8415994252105805     
   6.8405968258481611       -2.9080894300410991     
   8.0619656739401631        1.9470029470116419     
   5.8510553518387090       -2.7585035119236361     
  -6.8235417265429694        4.1947374426006361     
  -8.8607932814370294        3.0260924608392452     
   3.7219085332248603       -4.8271324171221242     
  -6.4981142931530549       -2.6854897268690849     
   5.2849558406487249        1.0774729671328958     
  -8.1457030676318318       -5.1620262428073129     
  -7.6652644360194131        3.6529432275012663     
 -0.33248574364912398       -8.4092618745824588     
   10.784929412519409        1.2385632767872630     
  -9.1486672042624484       -4.0855848458030213     
   4.9665029354491592       -3.2457926088183600     
  -11.365357968068908      -0.27367111015344486     
  0.69193201990759801        8.0677825703357549     
   7.0655041155103016       0.98018633712765324     
  -5.9265175975345361        3.7291985028166303     
   12.224173478170391       -2.1355111761653838     
  -2.0973396078334745       -7.1069016574449373     
   8.3792475060105911       -6.9115117764175737     
   10.366528785975264        2.6264190779070296     
   8.8745335028741437        8.6744685799169421     
  -7.1457473116610917       -5.1528631620671144     
   4.6133645926346549       0.33746290067272383     
   9.9180662261467702        5.3660946032190955     
  -10.898917884607858        2.7872800827843767     
   2.6849564801832417        12.115040347729465     
   7.8778386186998421       -4.7613493296757090     
  0.32157486699310583       -4.2821769716237892     
  -3.1270482463143097       -1.8796874934294479     
  -7.3676806056419686       -1.7894773807010089     
  -4.3118298946045988        4.7727942387612936     
   7.0625008554891364        1.9806931798819967     
  -8.5929488326928141       -1.5131471804436176     
  -4.2231393249565770       -2.3631193132387680     
   8.7447025278889505        3.8203238141948725     
   8.6617027546122074       -8.8864232711470041     
   4.4796440209483110        8.3657274284931731     
   4.9263848164336341       -8.5938943457209920     
  -9.0996358941861040      -0.60010494195513375     
  -4.0503188237175545       -5.2196943897413774     
  -2.2735082253256058       -6.1226797866270477     
  -1.6612630117685596       -12.050273776217368     
   7.3314139486302983        2.9437281680533491     
  -1.9530330839551997       -8.1607146307225733     
  -1.3058608711868203       0.70088252200778467     
   7.2900131632441987       -1.2367752157790435     
   6.0488578625132385        9.6868653283563404     
  -2.3871561333234315       -2.5520967107383732     
   5.2466824591679417       -7.1629508960461736     
  -2.8624904307314440      -0.30091566515295770     
   6.3161636037910869      -0.79142649178881641     
  -4.8778772877449503        2.7713376367720897     
   7.6069701011919371        7.4369182686244937     
   9.1952758332407498       -4.0498027251209114     
   6.1838699126948571       -3.7194464857890779     
   1.8812266155917010        5.7406295838386594     
   2.4102535372905254        8.8789514880469085     
   9.0197762885842465       -7.7380848438405732     
   2.0562068098221347       -4.1955656293027701     
   4.6422514112389221E-002  -6.0690999579197804     
  -2.1823186524501197       -10.306975889995325     
   9.6947411419104768        4.1311313455265077     
  0.96993794081738738        6.9711066809326034     
   1.1476811415243344        10.493309503352801     
  -7.6190154930689813       -8.6265479543982924     
   10.975635754368300       -5.6796141077722941     
   4.5529248761169603        11.541456408828374     
   4.5426935337678112       -10.092680362008776     
   12.336178067153819       -1.0668802307509013     
  -1.0549001081057492        6.0322904870868079     
  -4.4024817887902019       0.57388590915100823     
   1.6363719391897591        7.7354960825216006     
  -5.2142322327641564       -5.0303221294172920     
   6.5629787119739094       -6.2956703867818415     
   5.3014953118579724       -4.1905084369818537     
   7.0923297609829801        4.6290810203368453     
   2.0887445809618228       -9.9791185818290415     
  -8.1777488506466423       -3.8453568530006947     
  -11.117019071308157       -4.0820121546555388     
  -10.064990472793880        2.2341804069044970     
   8.0797643309473433      -0.61879028228631405     
  0.88003711107845728        5.7512716807022963     
  -10.406885655382457        3.2874821976754023E-002
   8.9288271865939581       0.16590443402903385     
  -7.2237796982725015       -4.1531929707119764     
  -7.2488777314084984       -6.9735898874491538     
   7.6492962585266993       -8.8996660113310249     
  -5.1018336254899967       -1.0521304787047814     
   1.7293574160864107        11.821895579839325     
  -4.8701876688158121       -6.8398691797237925     
  -3.1054366494837420        1.5976114942424171     
  -7.9094394278511109        2.6828107880999386     
   8.9914958324803802        4.8434931638146121     
   4.3136713657445807       -6.1171614408349750     
   1.2084552742483057       -4.7442255065296823     
   9.3525409979790286       -6.6062145486633916     
   3.8059203990570207        1.3295839483112184     
   11.933405641816224        1.3157104618652453     
   5.6985947726729975        3.4342078146675821     
  -4.3122563903855848        9.1115839902020426     
  -1.8083286956697371        5.1528347719760248     
  -3.6580905650716140       -7.8589047090380983     
   12.235998049846971       -7.0001383248433358E-002
   6.3282305322602976       -10.674525453376946     
  -2.7944087477281920       -9.5039225388824935     
   4.0977258270918400        2.2859338894211252     
 -0.68870080699829284       -2.7558206158688989     
  -9.0728533658684203       -2.7410939612474001     
   11.539516260203653        3.4790818867196811     
  -4.1027620111728309        1.5282783631372645     
  -2.8592007387863649        6.6885496069083805     
   1.7536082716971644       -7.1507084562378145     
  -2.3126523692747791        2.2114591541172812     
  -2.6359802116092066        5.7141968414806081     
   5.5652491628142968        11.091813247022511     
  -6.3530377463470016       -8.2317183454785301     
  0.75625058027582670        1.5935579602033554     
   1.5924817667162641      -0.44544377572071076     
   1.8045626654923324        9.6773539527080885     
  0.77385960642679641       -9.1112379854115648     
   3.2506424434721533       -9.3890868005306682     
  -1.4377017647563284       -5.5730098356225568     
   9.9616043216369494       -7.3990455780262296     
   8.3091247782230706        6.7224623053225878     
  -6.1628953013712362       -5.3466678871769941     
   7.9455050767277910       0.37412413892538526     
   1.9167411910459979       -5.5636304686170259     
   2.6148967762567410E-003   6.6731130481781085     
  0.45359693393401690        4.8011291541905718     
  0.40621384471570648        11.165381747108389     
   4.2480304747230297       -7.2115122699329328     
   4.6627544798509488       -5.1665342825078184     
   10.445021824895569      -0.23519786977062551     
   5.3295899805247595       -10.719742283487147     
   11.359046146570284       0.41127302975699476     
   3.6186228617715486       -8.4597601630610200     
  -8.1185799180242171        5.3342373450120544     
  -1.4691918069824546       -2.1301018435933434     
   2.1719899959106503        10.607597419808480     
  -6.1006275033153630        1.7557023120105393     
  -6.3476107829345567       -1.6956637734143245     
   6.8921364945494004       -9.8489305081668430     
   5.8738262216241077       -5.0414630012558792     
   9.0607549428180221      -0.83178549723275974     
  -8.1149754234107245       -2.4555376927395982     
  -4.4904346164805480        11.568677225748559     
   3.8751703484986244        6.4737412490259665     
   1.9541098965753818        6.7877248625776554     
   10.069396613578075       -1.1617965780419730     
   8.5657458971318423        7.7198679780080770     
   7.0195221006674933       -7.1857418414113923     
   5.0962192543492257        9.1750638651433665     
   7.9147907173332870       -7.9008148849201927     
  -2.7076214183142691        7.6780056897375095     
   10.548129196836106        3.6096561750565943     
  -1.1425836180529920       -9.0341097804508639     
   7.6407564135863648        5.9786993771649470     
   3.8624025866708998        5.4722086042122706     
   11.379969570727285      -0.58954035051126419     
   10.525057726811733       -6.5730680017388519     
   8.8524206011301665       -4.9885635928918308     
   6.2710036200651711       0.23739409523729932     
  -1.4547007216336012        8.2469190676749715     
   4.7967819173133979        3.0015355271542057     
   5.4090575283082520      -0.26932141896525480     
  -6.9170759616987016       0.99798312946393197     
   4.1455615649153037        10.326551831055124     
  -4.4039284972285264       -8.5342885554489101     
   7.1515929681641577      -0.24195707878001199     
  -3.3261981399222638        4.9514419094991764     
 -0.52047312930160128       -3.7425800333305990     
  -4.6810549365449186        3.7530932054418451     
   4.2902515763839366       -11.060381488125877     
  -5.9806342270744608        8.0577360383498213     
 -0.82497712003963097        4.9720211858897887     
   10.026299435328086       -4.6052285632492067     
   6.3964553921819816       -1.8751875862943428     
  -4.4286689271775499       -3.9552755029345525     
   10.572469704067647        4.6106740440323470     
   1.9268194820995361        1.9853865872867820     
  0.73048836039804277      -0.95956122010535383     
   2.1647230231794943        2.9885559772703831     
  -11.641438111461346        1.8551517096299821     
  -10.720859009366814        1.4408520441282202     
  -6.9871958075560876        2.2180363025118908     
   3.0844667464817259E-003  -11.147378001055609     
  -3.7041537348417157        7.7663342305165362     
  -7.8356341998300261      -0.84137156997665752     
  -1.7374810298190595        3.0307484400012767     
   2.6737106078092601       -2.4935435591622053     
  -9.2709193920572304        3.9399985707491401     
   8.1455178132029591        9.3623590674840269     
  -1.8497278442013849        6.7218401182986725     


