  8    ***    0.12929E-01    0.3227486122E-01    0.0000000000E+00
  8    ***    0.12929E-01    0.6454972244E-01    0.0000000000E+00
  8    ***    0.12929E-01    0.9682458366E-01    0.0000000000E+00
  8    ***    0.12929E-01    0.1290994449E+00    0.0000000000E+00
  8    ***    0.12929E-01    0.1613743061E+00    0.0000000000E+00
  8    ***    0.12929E-01    0.1936491673E+00    0.0000000000E+00
  8    ***    0.12929E-01    0.2259240285E+00    0.0000000000E+00
  8    ***    0.12929E-01    0.2581988897E+00    0.0000000000E+00
  8    ***    0.12929E-01    0.2904737510E+00    0.0000000000E+00
  8    ***    0.12929E-01    0.3227486122E+00    0.0000000000E+00
  8    ***    0.12929E-01    0.3550234734E+00    0.0000000000E+00
  8    ***    0.12929E-01    0.3872983346E+00    0.0000000000E+00
  8    ***    0.12929E-01    0.4195731958E+00    0.0000000000E+00
  8    ***    0.12929E-01    0.4518480571E+00    0.0000000000E+00
  8    ***    0.12929E-01    0.4841229183E+00    0.0000000000E+00
  8    ***    0.12929E-01    0.5163977795E+00    0.0000000000E+00
  8    ***    0.12929E-01    0.5486726407E+00    0.0000000000E+00
  8    ***    0.12929E-01    0.5809475019E+00    0.0000000000E+00
  8    ***    0.12929E-01    0.6132223631E+00    0.0000000000E+00
  8    ***    0.12929E-01    0.6454972244E+00    0.0000000000E+00
  8    ***    0.12929E-01    0.6777720856E+00    0.0000000000E+00
  8    ***    0.12929E-01    0.7100469468E+00    0.0000000000E+00
  8    ***    0.12929E-01    0.7423218080E+00    0.0000000000E+00
  8    ***    0.12929E-01    0.7745966692E+00    0.0000000000E+00
  8    ***    0.12929E-01    0.8068715305E+00    0.0000000000E+00
  8    ***    0.12929E-01    0.8391463917E+00    0.0000000000E+00
  8    ***    0.12929E-01    0.8714212529E+00    0.0000000000E+00
  8    ***    0.12929E-01    0.9036961141E+00    0.0000000000E+00
  8    ***    0.12929E-01    0.9359709753E+00    0.0000000000E+00
  8    ***    0.12929E-01    0.9682458366E+00    0.0000000000E+00
  8    ***    0.12929E-01    0.1000520698E+01    0.6288550984E+03
  8    ***    0.12929E-01    0.1032795559E+01    0.4212765661E+03
  8    ***    0.12929E-01    0.1065070420E+01    0.1019531874E+03
  8    ***    0.12929E-01    0.1097345281E+01    0.7948055331E+02
  8    ***    0.12929E-01    0.1129620143E+01    0.7599579335E+02
  8    ***    0.12929E-01    0.1161895004E+01    0.6481685930E+02
  8    ***    0.12929E-01    0.1194169865E+01    0.5369233719E+02
  8    ***    0.12929E-01    0.1226444726E+01    0.5484097367E+02
  8    ***    0.12929E-01    0.1258719588E+01    0.4973902014E+02
  8    ***    0.12929E-01    0.1290994449E+01    0.5069749762E+02
  8    ***    0.12929E-01    0.1323269310E+01    0.4881694729E+02
  8    ***    0.12929E-01    0.1355544171E+01    0.4405715629E+02
  8    ***    0.12929E-01    0.1387819032E+01    0.4033622878E+02
  8    ***    0.12929E-01    0.1420093894E+01    0.4219545121E+02
  8    ***    0.12929E-01    0.1452368755E+01    0.4287240750E+02
  8    ***    0.12929E-01    0.1484643616E+01    0.4336290107E+02
  8    ***    0.12929E-01    0.1516918477E+01    0.4278084870E+02
  8    ***    0.12929E-01    0.1549193338E+01    0.4314539729E+02
  8    ***    0.12929E-01    0.1581468200E+01    0.4404096207E+02
  8    ***    0.12929E-01    0.1613743061E+01    0.4393319480E+02
  8    ***    0.12929E-01    0.1646017922E+01    0.4314391107E+02
  8    ***    0.12929E-01    0.1678292783E+01    0.4553005720E+02
  8    ***    0.12929E-01    0.1710567645E+01    0.4722384841E+02
  8    ***    0.12929E-01    0.1742842506E+01    0.7225336930E+02
  8    ***    0.12929E-01    0.1775117367E+01    0.7421701625E+02
  8    ***    0.12929E-01    0.1807392228E+01    0.7020023436E+02
  8    ***    0.12929E-01    0.1839667089E+01    0.7090479475E+02
  8    ***    0.12929E-01    0.1871941951E+01    0.7245286592E+02
  8    ***    0.12929E-01    0.1904216812E+01    0.7293812585E+02
  8    ***    0.12929E-01    0.1936491673E+01    0.8140173493E+02
  8    ***    0.12929E-01    0.1968766534E+01    0.9783530571E+02
  8    ***    0.12929E-01    0.2001041396E+01    0.1551571780E+03
  8    ***    0.12929E-01    0.2033316257E+01    0.8794112747E+02
  8    ***    0.12929E-01    0.2065591118E+01    0.6834990488E+02
  8    ***    0.12929E-01    0.2097865979E+01    0.6064173460E+02
  8    ***    0.12929E-01    0.2130140840E+01    0.6371251804E+02
  8    ***    0.12929E-01    0.2162415702E+01    0.5805206466E+02
  8    ***    0.12929E-01    0.2194690563E+01    0.5785600491E+02
  8    ***    0.12929E-01    0.2226965424E+01    0.5955415330E+02
  8    ***    0.12929E-01    0.2259240285E+01    0.5784721132E+02
  8    ***    0.12929E-01    0.2291515147E+01    0.5559632077E+02
  8    ***    0.12929E-01    0.2323790008E+01    0.5360783672E+02
  8    ***    0.12929E-01    0.2356064869E+01    0.5178660372E+02
  8    ***    0.12929E-01    0.2388339730E+01    0.5141462543E+02
  8    ***    0.12929E-01    0.2420614591E+01    0.5389648629E+02
  8    ***    0.12929E-01    0.2452889453E+01    0.5157716323E+02
  8    ***    0.12929E-01    0.2485164314E+01    0.4923858652E+02
  8    ***    0.12929E-01    0.2517439175E+01    0.5163931015E+02
  8    ***    0.12929E-01    0.2549714036E+01    0.5439409092E+02
  8    ***    0.12929E-01    0.2581988897E+01    0.5433769972E+02
  8    ***    0.12929E-01    0.2614263759E+01    0.5862279563E+02
  8    ***    0.12929E-01    0.2646538620E+01    0.6039061085E+02
  8    ***    0.12929E-01    0.2678813481E+01    0.6228842185E+02
  8    ***    0.12929E-01    0.2711088342E+01    0.6528745431E+02
  8    ***    0.12929E-01    0.2743363204E+01    0.6968613309E+02
  8    ***    0.12929E-01    0.2775638065E+01    0.7019347273E+02
  8    ***    0.12929E-01    0.2807912926E+01    0.6815732240E+02
  8    ***    0.12929E-01    0.2840187787E+01    0.7055638748E+02
  8    ***    0.12929E-01    0.2872462648E+01    0.6980517820E+02
  8    ***    0.12929E-01    0.2904737510E+01    0.7256469575E+02
  8    ***    0.12929E-01    0.2937012371E+01    0.7814454947E+02
  8    ***    0.12929E-01    0.2969287232E+01    0.8310149247E+02
  8    ***    0.12929E-01    0.3001562093E+01    0.8710334961E+02
  8    ***    0.12929E-01    0.3033836955E+01    0.6808767619E+02
  8    ***    0.12929E-01    0.3066111816E+01    0.6482338728E+02
  8    ***    0.12929E-01    0.3098386677E+01    0.6409127895E+02
  8    ***    0.12929E-01    0.3130661538E+01    0.6127382845E+02
  8    ***    0.12929E-01    0.3162936399E+01    0.6111549815E+02
  8    ***    0.12929E-01    0.3195211261E+01    0.6177732418E+02
  8    ***    0.12929E-01    0.3227486122E+01    0.5953898446E+02
  8    ***    0.12929E-01    0.3259760983E+01    0.5883506911E+02
  8    ***    0.12929E-01    0.3292035844E+01    0.5899803179E+02
  8    ***    0.12929E-01    0.3324310705E+01    0.5823362913E+02
  8    ***    0.12929E-01    0.3356585567E+01    0.6123359573E+02
  8    ***    0.12929E-01    0.3388860428E+01    0.6137867493E+02
  8    ***    0.12929E-01    0.3421135289E+01    0.6099963938E+02
  8    ***    0.12929E-01    0.3453410150E+01    0.6052251522E+02
  8    ***    0.12929E-01    0.3485685012E+01    0.6051855607E+02
  8    ***    0.12929E-01    0.3517959873E+01    0.6339676789E+02
  8    ***    0.12929E-01    0.3550234734E+01    0.6362709396E+02
  8    ***    0.12929E-01    0.3582509595E+01    0.6284848663E+02
  8    ***    0.12929E-01    0.3614784456E+01    0.6712655910E+02
  8    ***    0.12929E-01    0.3647059318E+01    0.6752583484E+02
  8    ***    0.12929E-01    0.3679334179E+01    0.7106808074E+02
  8    ***    0.12929E-01    0.3711609040E+01    0.6920195926E+02
  8    ***    0.12929E-01    0.3743883901E+01    0.6772091057E+02
  8    ***    0.12929E-01    0.3776158763E+01    0.6695600641E+02
  8    ***    0.12929E-01    0.3808433624E+01    0.6723571683E+02
  8    ***    0.12929E-01    0.3840708485E+01    0.6322144710E+02
  8    ***    0.12929E-01    0.3872983346E+01    0.6250487419E+02
  8    ***    0.12929E-01    0.3905258207E+01    0.6427693609E+02
  8    ***    0.12929E-01    0.3937533069E+01    0.6564257208E+02
  8    ***    0.12929E-01    0.3969807930E+01    0.6583843732E+02
  8    ***    0.12929E-01    0.4002082791E+01    0.6741674519E+02
  8    ***    0.12929E-01    0.4034357652E+01    0.6386446835E+02
  8    ***    0.12929E-01    0.4066632514E+01    0.6331500678E+02
  8    ***    0.12929E-01    0.4098907375E+01    0.6410283014E+02
  8    ***    0.12929E-01    0.4131182236E+01    0.6558132344E+02
  8    ***    0.12929E-01    0.4163457097E+01    0.6375511694E+02
  8    ***    0.12929E-01    0.4195731958E+01    0.6620452354E+02
  8    ***    0.12929E-01    0.4228006820E+01    0.6437811350E+02
  8    ***    0.12929E-01    0.4260281681E+01    0.6498072420E+02
  8    ***    0.12929E-01    0.4292556542E+01    0.6893366942E+02
  8    ***    0.12929E-01    0.4324831403E+01    0.6724993766E+02
  8    ***    0.12929E-01    0.4357106264E+01    0.6307694970E+02
  8    ***    0.12929E-01    0.4389381126E+01    0.6763298116E+02
  8    ***    0.12929E-01    0.4421655987E+01    0.6895081842E+02
  8    ***    0.12929E-01    0.4453930848E+01    0.6712333681E+02
  8    ***    0.12929E-01    0.4486205709E+01    0.6999967646E+02
  8    ***    0.12929E-01    0.4518480571E+01    0.6997980098E+02
  8    ***    0.12929E-01    0.4550755432E+01    0.6803177160E+02
  8    ***    0.12929E-01    0.4583030293E+01    0.7011365747E+02
  8    ***    0.12929E-01    0.4615305154E+01    0.6885679458E+02
  8    ***    0.12929E-01    0.4647580015E+01    0.7081873694E+02
  8    ***    0.12929E-01    0.4679854877E+01    0.6777687597E+02
  8    ***    0.12929E-01    0.4712129738E+01    0.6964226524E+02
  8    ***    0.12929E-01    0.4744404599E+01    0.6993865709E+02
  8    ***    0.12929E-01    0.4776679460E+01    0.7317286083E+02
  8    ***    0.12929E-01    0.4808954322E+01    0.7289960879E+02
  8    ***    0.12929E-01    0.4841229183E+01    0.7189417352E+02
  8    ***    0.12929E-01    0.4873504044E+01    0.7061784138E+02
  8    ***    0.12929E-01    0.4905778905E+01    0.6659505051E+02
  8    ***    0.12929E-01    0.4938053766E+01    0.6870985021E+02
  8    ***    0.12929E-01    0.4970328628E+01    0.6629803930E+02
  8    ***    0.12929E-01    0.5002603489E+01    0.6708859861E+02
  8    ***    0.12929E-01    0.5034878350E+01    0.6560909212E+02
  8    ***    0.12929E-01    0.5067153211E+01    0.7117124305E+02
  8    ***    0.12929E-01    0.5099428073E+01    0.6672906983E+02
  8    ***    0.12929E-01    0.5131702934E+01    0.6875654203E+02
  8    ***    0.12929E-01    0.5163977795E+01    0.6966655896E+02
  8    ***    0.12929E-01    0.5196252656E+01    0.6725243342E+02
  8    ***    0.12929E-01    0.5228527517E+01    0.6990124520E+02
  8    ***    0.12929E-01    0.5260802379E+01    0.6801684825E+02
  8    ***    0.12929E-01    0.5293077240E+01    0.6900880458E+02
  8    ***    0.12929E-01    0.5325352101E+01    0.6850260952E+02
  8    ***    0.12929E-01    0.5357626962E+01    0.6844566515E+02
  8    ***    0.12929E-01    0.5389901823E+01    0.6944776126E+02
  8    ***    0.12929E-01    0.5422176685E+01    0.7215277468E+02
  8    ***    0.12929E-01    0.5454451546E+01    0.7348972413E+02
  8    ***    0.12929E-01    0.5486726407E+01    0.7150573377E+02
  8    ***    0.12929E-01    0.5519001268E+01    0.7142687154E+02
  8    ***    0.12929E-01    0.5551276130E+01    0.7172310550E+02
  8    ***    0.12929E-01    0.5583550991E+01    0.7205723902E+02
  8    ***    0.12929E-01    0.5615825852E+01    0.7202352846E+02
  8    ***    0.12929E-01    0.5648100713E+01    0.7147069334E+02
  8    ***    0.12929E-01    0.5680375574E+01    0.7090674652E+02
  8    ***    0.12929E-01    0.5712650436E+01    0.7042998483E+02
  8    ***    0.12929E-01    0.5744925297E+01    0.7011927435E+02
  8    ***    0.12929E-01    0.5777200158E+01    0.6973215568E+02
  8    ***    0.12929E-01    0.5809475019E+01    0.7218097831E+02
  8    ***    0.12929E-01    0.5841749881E+01    0.7228896872E+02
  8    ***    0.12929E-01    0.5874024742E+01    0.7253607103E+02
  8    ***    0.12929E-01    0.5906299603E+01    0.7160838733E+02
  8    ***    0.12929E-01    0.5938574464E+01    0.7015237653E+02
  8    ***    0.12929E-01    0.5970849325E+01    0.7279203641E+02
  8    ***    0.12929E-01    0.6003124187E+01    0.7304208054E+02
  8    ***    0.12929E-01    0.6035399048E+01    0.7243743091E+02
  8    ***    0.12929E-01    0.6067673909E+01    0.7322994800E+02
  8    ***    0.12929E-01    0.6099948770E+01    0.6972354311E+02
  8    ***    0.12929E-01    0.6132223631E+01    0.7132291512E+02
  8    ***    0.12929E-01    0.6164498493E+01    0.7114635331E+02
  8    ***    0.12929E-01    0.6196773354E+01    0.7481196531E+02
  8    ***    0.12929E-01    0.6229048215E+01    0.7415876247E+02
  8    ***    0.12929E-01    0.6261323076E+01    0.7362811995E+02
  8    ***    0.12929E-01    0.6293597938E+01    0.7527104155E+02
  8    ***    0.12929E-01    0.6325872799E+01    0.7368247014E+02
  8    ***    0.12929E-01    0.6358147660E+01    0.7604965847E+02
  8    ***    0.12929E-01    0.6390422521E+01    0.7327670866E+02
  8    ***    0.12929E-01    0.6422697382E+01    0.7524749495E+02
  8    ***    0.12929E-01    0.6454972244E+01    0.7378790136E+02
