  7    ***    0.12929E+00    0.3952847075E-01    0.0000000000E+00
  7    ***    0.12929E+00    0.7905694150E-01    0.0000000000E+00
  7    ***    0.12929E+00    0.1185854123E+00    0.0000000000E+00
  7    ***    0.12929E+00    0.1581138830E+00    0.0000000000E+00
  7    ***    0.12929E+00    0.1976423538E+00    0.0000000000E+00
  7    ***    0.12929E+00    0.2371708245E+00    0.0000000000E+00
  7    ***    0.12929E+00    0.2766992953E+00    0.0000000000E+00
  7    ***    0.12929E+00    0.3162277660E+00    0.0000000000E+00
  7    ***    0.12929E+00    0.3557562368E+00    0.0000000000E+00
  7    ***    0.12929E+00    0.3952847075E+00    0.0000000000E+00
  7    ***    0.12929E+00    0.4348131783E+00    0.0000000000E+00
  7    ***    0.12929E+00    0.4743416490E+00    0.0000000000E+00
  7    ***    0.12929E+00    0.5138701198E+00    0.0000000000E+00
  7    ***    0.12929E+00    0.5533985905E+00    0.0000000000E+00
  7    ***    0.12929E+00    0.5929270613E+00    0.0000000000E+00
  7    ***    0.12929E+00    0.6324555320E+00    0.0000000000E+00
  7    ***    0.12929E+00    0.6719840028E+00    0.0000000000E+00
  7    ***    0.12929E+00    0.7115124735E+00    0.0000000000E+00
  7    ***    0.12929E+00    0.7510409443E+00    0.0000000000E+00
  7    ***    0.12929E+00    0.7905694150E+00    0.0000000000E+00
  7    ***    0.12929E+00    0.8300978858E+00    0.0000000000E+00
  7    ***    0.12929E+00    0.8696263565E+00    0.0000000000E+00
  7    ***    0.12929E+00    0.9091548273E+00    0.0000000000E+00
  7    ***    0.12929E+00    0.9486832981E+00    0.0000000000E+00
  7    ***    0.12929E+00    0.9882117688E+00    0.9035670021E+01
  7    ***    0.12929E+00    0.1027740240E+01    0.2559714123E+04
  7    ***    0.12929E+00    0.1067268710E+01    0.4165847603E+03
  7    ***    0.12929E+00    0.1106797181E+01    0.3348635436E+03
  7    ***    0.12929E+00    0.1146325652E+01    0.2908287604E+03
  7    ***    0.12929E+00    0.1185854123E+01    0.2698289526E+03
  7    ***    0.12929E+00    0.1225382593E+01    0.2552601771E+03
  7    ***    0.12929E+00    0.1264911064E+01    0.2465315121E+03
  7    ***    0.12929E+00    0.1304439535E+01    0.2322597871E+03
  7    ***    0.12929E+00    0.1343968006E+01    0.2314483442E+03
  7    ***    0.12929E+00    0.1383496476E+01    0.2267867213E+03
  7    ***    0.12929E+00    0.1423024947E+01    0.2248170422E+03
  7    ***    0.12929E+00    0.1462553418E+01    0.2210762449E+03
  7    ***    0.12929E+00    0.1502081889E+01    0.2243255677E+03
  7    ***    0.12929E+00    0.1541610359E+01    0.2236139352E+03
  7    ***    0.12929E+00    0.1581138830E+01    0.2241245427E+03
  7    ***    0.12929E+00    0.1620667301E+01    0.2283657297E+03
  7    ***    0.12929E+00    0.1660195772E+01    0.2333515714E+03
  7    ***    0.12929E+00    0.1699724242E+01    0.2458360927E+03
  7    ***    0.12929E+00    0.1739252713E+01    0.2871882042E+03
  7    ***    0.12929E+00    0.1778781184E+01    0.3123375820E+03
  7    ***    0.12929E+00    0.1818309655E+01    0.3110547527E+03
  7    ***    0.12929E+00    0.1857838125E+01    0.3170704172E+03
  7    ***    0.12929E+00    0.1897366596E+01    0.3368285969E+03
  7    ***    0.12929E+00    0.1936895067E+01    0.3735256036E+03
  7    ***    0.12929E+00    0.1976423538E+01    0.4469731000E+03
  7    ***    0.12929E+00    0.2015952008E+01    0.5853103198E+03
  7    ***    0.12929E+00    0.2055480479E+01    0.3849023746E+03
  7    ***    0.12929E+00    0.2095008950E+01    0.3345119604E+03
  7    ***    0.12929E+00    0.2134537421E+01    0.3160109153E+03
  7    ***    0.12929E+00    0.2174065891E+01    0.3048299005E+03
  7    ***    0.12929E+00    0.2213594362E+01    0.2974899343E+03
  7    ***    0.12929E+00    0.2253122833E+01    0.2942918560E+03
  7    ***    0.12929E+00    0.2292651304E+01    0.2911695859E+03
  7    ***    0.12929E+00    0.2332179774E+01    0.2922864660E+03
  7    ***    0.12929E+00    0.2371708245E+01    0.2892914374E+03
  7    ***    0.12929E+00    0.2411236716E+01    0.2879780231E+03
  7    ***    0.12929E+00    0.2450765187E+01    0.2903068974E+03
  7    ***    0.12929E+00    0.2490293657E+01    0.2892800246E+03
  7    ***    0.12929E+00    0.2529822128E+01    0.2926913708E+03
  7    ***    0.12929E+00    0.2569350599E+01    0.2981551951E+03
  7    ***    0.12929E+00    0.2608879070E+01    0.2977397780E+03
  7    ***    0.12929E+00    0.2648407540E+01    0.3062820804E+03
  7    ***    0.12929E+00    0.2687936011E+01    0.3141990515E+03
  7    ***    0.12929E+00    0.2727464482E+01    0.3246605944E+03
  7    ***    0.12929E+00    0.2766992953E+01    0.3289000637E+03
  7    ***    0.12929E+00    0.2806521423E+01    0.3277697851E+03
  7    ***    0.12929E+00    0.2846049894E+01    0.3237554338E+03
  7    ***    0.12929E+00    0.2885578365E+01    0.3280005563E+03
  7    ***    0.12929E+00    0.2925106836E+01    0.3313725733E+03
  7    ***    0.12929E+00    0.2964635306E+01    0.3360577630E+03
  7    ***    0.12929E+00    0.3004163777E+01    0.3422198071E+03
  7    ***    0.12929E+00    0.3043692248E+01    0.3213601132E+03
  7    ***    0.12929E+00    0.3083220719E+01    0.3093802328E+03
  7    ***    0.12929E+00    0.3122749189E+01    0.2992107524E+03
  7    ***    0.12929E+00    0.3162277660E+01    0.3030918709E+03
  7    ***    0.12929E+00    0.3201806131E+01    0.2996473051E+03
  7    ***    0.12929E+00    0.3241334602E+01    0.3004449554E+03
  7    ***    0.12929E+00    0.3280863072E+01    0.2936671708E+03
  7    ***    0.12929E+00    0.3320391543E+01    0.2937122197E+03
  7    ***    0.12929E+00    0.3359920014E+01    0.2941419412E+03
  7    ***    0.12929E+00    0.3399448485E+01    0.2909717206E+03
  7    ***    0.12929E+00    0.3438976955E+01    0.2961020371E+03
  7    ***    0.12929E+00    0.3478505426E+01    0.2953954547E+03
  7    ***    0.12929E+00    0.3518033897E+01    0.2948276084E+03
  7    ***    0.12929E+00    0.3557562368E+01    0.2998870347E+03
  7    ***    0.12929E+00    0.3597090838E+01    0.2980065223E+03
  7    ***    0.12929E+00    0.3636619309E+01    0.3056813908E+03
  7    ***    0.12929E+00    0.3676147780E+01    0.3015471714E+03
  7    ***    0.12929E+00    0.3715676251E+01    0.3034277358E+03
  7    ***    0.12929E+00    0.3755204721E+01    0.3004971078E+03
  7    ***    0.12929E+00    0.3794733192E+01    0.2993415056E+03
  7    ***    0.12929E+00    0.3834261663E+01    0.3016157146E+03
  7    ***    0.12929E+00    0.3873790134E+01    0.2997131888E+03
  7    ***    0.12929E+00    0.3913318604E+01    0.2971116327E+03
  7    ***    0.12929E+00    0.3952847075E+01    0.2946715649E+03
  7    ***    0.12929E+00    0.3992375546E+01    0.2922395147E+03
  7    ***    0.12929E+00    0.4031904017E+01    0.2910596329E+03
  7    ***    0.12929E+00    0.4071432487E+01    0.2900418980E+03
  7    ***    0.12929E+00    0.4110960958E+01    0.2890372684E+03
  7    ***    0.12929E+00    0.4150489429E+01    0.2885002415E+03
  7    ***    0.12929E+00    0.4190017900E+01    0.2870722714E+03
  7    ***    0.12929E+00    0.4229546370E+01    0.2877624984E+03
  7    ***    0.12929E+00    0.4269074841E+01    0.2841886456E+03
  7    ***    0.12929E+00    0.4308603312E+01    0.2852119166E+03
  7    ***    0.12929E+00    0.4348131783E+01    0.2826568534E+03
  7    ***    0.12929E+00    0.4387660253E+01    0.2844313440E+03
  7    ***    0.12929E+00    0.4427188724E+01    0.2822823457E+03
  7    ***    0.12929E+00    0.4466717195E+01    0.2859179177E+03
  7    ***    0.12929E+00    0.4506245666E+01    0.2845415542E+03
  7    ***    0.12929E+00    0.4545774136E+01    0.2838416052E+03
  7    ***    0.12929E+00    0.4585302607E+01    0.2844060709E+03
  7    ***    0.12929E+00    0.4624831078E+01    0.2813411301E+03
  7    ***    0.12929E+00    0.4664359549E+01    0.2807845369E+03
  7    ***    0.12929E+00    0.4703888020E+01    0.2809020725E+03
  7    ***    0.12929E+00    0.4743416490E+01    0.2810062760E+03
  7    ***    0.12929E+00    0.4782944961E+01    0.2776260965E+03
  7    ***    0.12929E+00    0.4822473432E+01    0.2818522699E+03
  7    ***    0.12929E+00    0.4862001903E+01    0.2772564857E+03
  7    ***    0.12929E+00    0.4901530373E+01    0.2786954691E+03
  7    ***    0.12929E+00    0.4941058844E+01    0.2747824794E+03
  7    ***    0.12929E+00    0.4980587315E+01    0.2769757623E+03
  7    ***    0.12929E+00    0.5020115786E+01    0.2747593902E+03
  7    ***    0.12929E+00    0.5059644256E+01    0.2733074425E+03
  7    ***    0.12929E+00    0.5099172727E+01    0.2735797094E+03
  7    ***    0.12929E+00    0.5138701198E+01    0.2718236974E+03
  7    ***    0.12929E+00    0.5178229669E+01    0.2722176390E+03
  7    ***    0.12929E+00    0.5217758139E+01    0.2707517265E+03
  7    ***    0.12929E+00    0.5257286610E+01    0.2719114356E+03
  7    ***    0.12929E+00    0.5296815081E+01    0.2734861318E+03
  7    ***    0.12929E+00    0.5336343552E+01    0.2730330462E+03
  7    ***    0.12929E+00    0.5375872022E+01    0.2709328463E+03
  7    ***    0.12929E+00    0.5415400493E+01    0.2699777753E+03
  7    ***    0.12929E+00    0.5454928964E+01    0.2700737076E+03
  7    ***    0.12929E+00    0.5494457435E+01    0.2652701895E+03
  7    ***    0.12929E+00    0.5533985905E+01    0.2683922028E+03
  7    ***    0.12929E+00    0.5573514376E+01    0.2651576480E+03
  7    ***    0.12929E+00    0.5613042847E+01    0.2653665163E+03
  7    ***    0.12929E+00    0.5652571318E+01    0.2650768577E+03
  7    ***    0.12929E+00    0.5692099788E+01    0.2604187452E+03
  7    ***    0.12929E+00    0.5731628259E+01    0.2633723167E+03
  7    ***    0.12929E+00    0.5771156730E+01    0.2631396729E+03
  7    ***    0.12929E+00    0.5810685201E+01    0.2636054895E+03
  7    ***    0.12929E+00    0.5850213671E+01    0.2620899581E+03
  7    ***    0.12929E+00    0.5889742142E+01    0.2624239587E+03
  7    ***    0.12929E+00    0.5929270613E+01    0.2626081401E+03
  7    ***    0.12929E+00    0.5968799084E+01    0.2621581892E+03
  7    ***    0.12929E+00    0.6008327554E+01    0.2611852726E+03
  7    ***    0.12929E+00    0.6047856025E+01    0.2607282887E+03
  7    ***    0.12929E+00    0.6087384496E+01    0.2587687259E+03
  7    ***    0.12929E+00    0.6126912967E+01    0.2582146279E+03
  7    ***    0.12929E+00    0.6166441437E+01    0.2582004247E+03
  7    ***    0.12929E+00    0.6205969908E+01    0.2572882200E+03
  7    ***    0.12929E+00    0.6245498379E+01    0.2558745304E+03
  7    ***    0.12929E+00    0.6285026850E+01    0.2578504210E+03
  7    ***    0.12929E+00    0.6324555320E+01    0.2570043999E+03
  7    ***    0.12929E+00    0.6364083791E+01    0.2542057788E+03
  7    ***    0.12929E+00    0.6403612262E+01    0.2552891276E+03
  7    ***    0.12929E+00    0.6443140733E+01    0.2544995602E+03
  7    ***    0.12929E+00    0.6482669203E+01    0.2522992298E+03
  7    ***    0.12929E+00    0.6522197674E+01    0.2535890690E+03
  7    ***    0.12929E+00    0.6561726145E+01    0.2530538592E+03
  7    ***    0.12929E+00    0.6601254616E+01    0.2531205313E+03
  7    ***    0.12929E+00    0.6640783086E+01    0.2517715278E+03
  7    ***    0.12929E+00    0.6680311557E+01    0.2510994621E+03
  7    ***    0.12929E+00    0.6719840028E+01    0.2524745128E+03
  7    ***    0.12929E+00    0.6759368499E+01    0.2508622927E+03
  7    ***    0.12929E+00    0.6798896969E+01    0.2511575745E+03
  7    ***    0.12929E+00    0.6838425440E+01    0.2478710761E+03
  7    ***    0.12929E+00    0.6877953911E+01    0.2481645389E+03
  7    ***    0.12929E+00    0.6917482382E+01    0.2493924820E+03
  7    ***    0.12929E+00    0.6957010852E+01    0.2500608610E+03
  7    ***    0.12929E+00    0.6996539323E+01    0.2469858684E+03
  7    ***    0.12929E+00    0.7036067794E+01    0.2486013960E+03
  7    ***    0.12929E+00    0.7075596265E+01    0.2461092388E+03
  7    ***    0.12929E+00    0.7115124735E+01    0.2463005647E+03
  7    ***    0.12929E+00    0.7154653206E+01    0.2439541076E+03
  7    ***    0.12929E+00    0.7194181677E+01    0.2439344575E+03
  7    ***    0.12929E+00    0.7233710148E+01    0.2445289685E+03
  7    ***    0.12929E+00    0.7273238618E+01    0.2441067345E+03
  7    ***    0.12929E+00    0.7312767089E+01    0.2441896320E+03
  7    ***    0.12929E+00    0.7352295560E+01    0.2417896767E+03
  7    ***    0.12929E+00    0.7391824031E+01    0.2417275428E+03
  7    ***    0.12929E+00    0.7431352501E+01    0.2407896302E+03
  7    ***    0.12929E+00    0.7470880972E+01    0.2422284760E+03
  7    ***    0.12929E+00    0.7510409443E+01    0.2401045346E+03
  7    ***    0.12929E+00    0.7549937914E+01    0.2398101568E+03
  7    ***    0.12929E+00    0.7589466384E+01    0.2408521535E+03
  7    ***    0.12929E+00    0.7628994855E+01    0.2399748980E+03
  7    ***    0.12929E+00    0.7668523326E+01    0.2373695768E+03
  7    ***    0.12929E+00    0.7708051797E+01    0.2378564215E+03
  7    ***    0.12929E+00    0.7747580267E+01    0.2392413848E+03
  7    ***    0.12929E+00    0.7787108738E+01    0.2382450414E+03
  7    ***    0.12929E+00    0.7826637209E+01    0.2376541903E+03
  7    ***    0.12929E+00    0.7866165680E+01    0.2375482270E+03
  7    ***    0.12929E+00    0.7905694150E+01    0.2361907222E+03
