  -14.090679916283193        1.5245343793370469     
   1.7264388249720475       -2.9412390240755455     
   5.9967561084543579        12.173800406206743     
   1.6622470138363821        6.5676622103674269     
  -7.0550526132357341       -2.9885879897789525     
   3.3869973213510525        8.4315610670643686     
   3.8378262307940489E-002   11.292525880695557     
  -13.701516272519068       0.60326686184826805     
   1.2183013925086843       -2.0805502976282688     
   1.9037826663226858        1.0161189805442146     
   10.630971591101517        3.3002037057830118     
  -3.5817996749609375        8.1615081202095539     
   7.7246614054325144       -7.5258665413056587     
   13.568918639533436        2.0230106010985573     
   14.758680453902480        4.0211230381999662E-002
   10.154643991846708       -10.263619679860508     
   13.701097623231609       -6.8145524302413198     
   4.6736375220547322       -14.172555016720404     
  -8.4481805553471627       -6.7028397341078723     
  -8.7450603532195288       -2.2607187096573518     
   5.1637705597704420       -10.305317954988347     
  -1.8440599423422852       -7.0658997034930966     
   9.8614790613610150        9.7535716164175970     
  -8.9531863601847625       -12.382899122641856     
   8.1448922113656348        9.7442326686732610     
   9.8902897822066080       -2.0863417939642614     
  -4.4651513157521059        1.2434166377761575     
   4.2955642699012939       -10.806074629961467     
   3.7084095453147250      -0.45824876801140263     
  -7.6973085175514129        8.2080863198679346     
   8.9000916203789924        7.4351714538448634     
   11.760539883899590       -9.7084832808488546     
  -9.5730394269563561        7.9776801971546529     
   5.6029707540803972       -7.5728199717538844     
   4.3123629575067532       -9.7768829901061025     
   7.3889542003683282        1.7084613175035016E-002
  -14.596201745161181      -0.57357915696817718     
  -1.2889812694158782       -12.094671545539766     
  -13.641246241658495        4.2376804608310525     
  -4.0763763858026483       -8.6104197145599262     
   6.0310269839222732       -3.1946813252161430     
  -15.012449409085635        1.9151286249666499     
   8.5889235061609757       -11.498582051856941     
   9.5202450146847220       -5.0476728149366190     
  -7.3542006282927801        9.9208375815334868     
  -8.1829019930395752        10.479241539256391     
  -6.4633101962554500       -11.680660220697716     
   9.3261884388365690      -0.68315343538789652     
   5.6702754816303518       -8.5922099085901298     
  0.42630279836043194       -1.4689233770960513     
  -3.9671440708410817       -4.2010348945272753     
   3.4703417172634379        7.3748490244034519     
   5.2392110178553972       -11.891750524548236     
   10.430429878289516        4.9120676641674423     
  -9.5731539245063679        8.9804927394929699     
   10.792568679364249        1.3396452913775150     
  -4.4164687432332990        7.6075079493553197     
  -4.0825175718829669        9.9125843915820013     
  0.55120849254267923      -0.27727134512866380     
  0.77040418515491704        7.0974148597652293     
  -6.0536592558574478       -3.0444709745598169     
  -8.7073932117995980        11.333019229259897     
  -2.6631771973706839       -4.7971514973969631     
  -2.8658437463095532        6.9118127679648786     
  -3.2244774204170206       -5.6245101125139350     
  0.55297069172079105       -11.020013633449784     
   14.027388152531064       -2.2447356481643883     
  -5.3681067186416538        13.900908281216958     
  -9.2050419320229313       -7.3590067926168556     
  -8.6094800606608821        6.4177741561356259     
   4.6128670975726012        1.1054169628673982     
   13.450717119516243       -1.4266299549141599     
  -2.4851525094557090       -6.2978646053353637     
  -3.4956953904932346        5.5261196429447352     
   1.8041102904306927        1.9295229549283165E-002
   11.169519714064661       0.35562722710003841     
   4.5929961534062151        5.8441910956347931E-002
   2.5028325260246196        11.069203183166048     
   8.7681379739866916       -6.1168347495890734     
   7.2054981615396372      -0.96705269637161961     
  -2.6262852269270525       -9.5772274191502795     
   6.5573703405394896       -8.0322907789201459     
   8.4870018338541104       -8.1815541513613894     
  0.45117771327979067        6.1450899699638386     
   11.510909596142147        2.1350535024746922     
   5.2003764630164993        6.4948188947044105     
  -6.7001146033392703E-002   12.818588933201053     
   9.0344918166451667        9.1902931696541899     
  -2.8584258335665984       -7.2811539776348164     
  -3.0212916416273443       -3.8612737608273084     
   7.9056857709969650        3.7316299431073743     
  -14.733283283712632       0.41707458999248603     
   10.580760832902422       -8.5069869036789676     
  -1.6695406263845209       -11.085376442942584     
   2.4369797745494557        8.1123817432748080     
  -10.543684641124301       -4.4525905861744199     
  -7.7945039848216675        11.744364065250473     
  -13.574497390916548        5.2366701324375864     
  -2.5685734861763234        5.9558097995609636     
  -6.1559316009376834        2.6905298198758794     
  -9.7577576980975866       -10.059887241048784     
   12.585724228432703        2.2301529464678382     
  -8.8433319258732030        9.7226662201024610     
  -8.0040795264680415        9.1611132413405123     
  -8.2345802186653945       -1.1943178466310231     
  -5.8402344167882072       -2.0554578279754656     
   4.2090165226366230        6.2232578089358297     
  -6.5417729959379756       -3.9206277225241242     
  0.95452506065101994       -13.072477454066149     
  -5.0598437585070073        3.3913475712830401     
   7.5184731869928898       -8.5054750288232537     
  -5.3832210361424639       0.83966028318973018     
   3.5644415433579435        9.4193815697996559     
   2.2431072874256297        5.7520953273248114     
  -3.1060889851009432       -8.2692260372846249     
   1.5487819319981326       -11.187625401960366     
   14.664248293383578        3.0733047539490568     
   3.1313060413850691        6.3194959630058687     
   1.1619334937532553       -8.0042558515702389     
  -4.6155195440035941        10.758262807909180     
   13.757347061063150       -4.4122310954187096     
  -1.4410674187262182       -8.9178649699299388     
  -8.0867258070762791       -3.0414161330274343     
  -3.7959804160455022        4.5656734025099901     
   10.522411076532755        2.3064180117199458     
   9.2031694504182688        4.0309687909326435     
  -4.0801130121797105        3.6068632071662510     
   8.7149318703707657        3.1431134978267221     
   3.5955912824635687        5.4335481532145673     
  -4.8098334939931879       -1.8914293224568297     
  0.31343091530012440        10.313439695385002     
  -1.9107499124709304        14.382382501936794     
  -3.7552336538773838       0.53975397689941751     
   1.0432585768222622        11.045671393463998     
   4.9664496294470926        12.200777813741734     
  -9.6249612161591624       -11.522216638356907     
  0.70515560288754930        12.038942536535806     
   9.4222526116956722       -10.944812683721182     
  -4.8079396596717121        4.3591437563480335     
  -14.108780581079820        2.5251805886779071     
   8.3384773559928114       -2.3994900021982764     
  -6.6836675963868579        4.6603081043669272     
   4.4383136739911002        11.336499915948792     
   9.5861079520961372       -11.931867623089181     
   5.4375359352451058        11.314337736292439     
   2.8295477545912568       0.10423312481512023     
   14.412933750158617       -5.1677701346489870     
  -13.589466648347830      -0.39174134262032495     
  -8.6746474327159913        8.4184415871995224     
  -5.5911070305437249        10.426020859530588     
 -0.69453824943076969        12.017294797068782     
   10.784627531762727       -9.4859210692098266     
   1.4635824711781067       -12.188346618844976     
  -2.7788552505014534        4.8052706140742014     
   12.637999275504630       -8.6011071799290200     
   7.8078912639169333        2.7114349622147431     
   11.125991276958759       -10.501901234045459     
   15.289865465116726      -0.81155761211940258     
  -1.4991312655596283       -6.1204503979672538     
  -2.7857183418926277       -2.8777890523117713     
   14.242543088015642      -0.81649040992707345     
  -1.8724168604430107        6.7588825760286513     
  -7.5801443677495808       -3.9038773045968642     
  -7.0217274716416069        8.9770701277010563     
   10.102377873905933        5.8565911817309493     
  -15.029673284437234        2.9154433969124591     
   4.7514757627027047       -1.7502912224613494     
   11.643374366305173       -8.4953724395493904     
   3.9542535141271480        12.214555036283437     
   1.1120611991737903        1.6319258534265866     
   11.779451649616735        1.1671070813227571     
  0.97809196124429076       0.63783808043008994     
   8.9927092817120897       -1.6428952261962804     
   3.4127556012028308       -10.300879191048192     
   2.5084888450586997        7.1035891884836246     
   8.9558129246032525        2.1100099086436703     
  -3.1067864415553768        3.8407777622665402     
  -4.6166264445979204        14.562150905349439     
   15.084445300582724       0.98885915911665012     
  -8.2812575893196456       -7.7665818712611028     
   10.395757850570968       -11.236024361115152     
  -9.4992440293199731       -9.0200584280881007     
  -6.7449608679059283        3.5721079433136200     
   8.6323528529588778       -7.1074577346096417     
  -7.5044477508140837       -6.3730011204520256     
  -4.3483492167894422        13.594863273183439     
   12.802385019615814        1.2527325935133999     
  -10.449907344528807       -9.3370285886463371     
   9.4336476094438364        5.0475940059388860     
  -7.6986579637369879       -2.1198476064807816     
   11.627256787421114        3.1299175729735520     
  -11.550009545964508       -4.3929274643883494     
  -8.6328844013502479       -11.396728762671280     
  -8.2887117564048900        12.613356587897943     
   4.1935982268528598       -3.6380264990201532     
 -0.43877141606097236       -8.7300123773197082     
  -9.4853262616899627        6.9782148854244115     
   3.7519483310127972       0.59777525969875034     
  -13.329451066302859        6.8375126512910356     
  -5.8599352445963557        4.0886881412910681     
