   11.739072389944930        6.7334032953877774     
   3.2858368268981493        5.0424090986955346     
   4.1055176008227594       -7.0697824803339833     
   2.5305361751998836       -13.180528922609904     
   2.8875289424189732        14.071364978407370     
   8.3904633093472487        12.807201254214039     
   13.048787812623472      -0.75495598163158173     
  -5.6762963128623287        13.786227269722948     
   3.1609821555373956       0.15866524349296715     
   1.9447839194645473       -13.992414924874103     
   4.8314577058870558        3.7706298378376637     
  -10.918587853844805       -8.8328441875220545     
  -10.654317319971282        1.8017937347921500     
  -5.5645712975448323       -1.9928102709050606     
   10.064365558017597        5.3562581873369455     
   5.0168305888003273       -10.527779811772884     
  -5.5938151868220007        6.0350836253741988     
   10.343606787079549        10.952378127923769     
   11.671376646312252        8.3977810957456569     
   3.3585530241176302       -13.808688872378765     
  -6.3408366939258940        7.7880700073719984     
  -2.0314789937076339       -14.164539287344819     
   1.1550564966086865       -1.6588307109191569     
  -8.1677309242540179        7.3122295114973870     
   9.2312752767644799        9.2313741911192171     
  -1.3785736634946815       -8.2259824571411109     
   9.1513075170750664        12.159154456180893     
  -6.6430053934475088        8.7405847735240609     
   12.039338907725709        9.3273306952775101     
   10.448383601817246       0.47688564895043101     
   6.5539693319206487        8.6856945790878282     
  -6.3196776659355374       -1.2646939469863738     
   10.137392697367805       -7.7803114885222246     
   8.7063165445974118       -11.129895947357431     
  -5.6372689922688934        1.6238456574162470     
   2.1585463689900242        5.2584953343714422E-002
   2.3195268112001477        4.7697580780126092     
  -3.7476068433953227       -1.5526911839634778     
 -0.65253353753635013       -8.9169110074325317     
  -2.2920099064993034       -7.8089546024843743     
  0.79110167733358183       -11.544906443671799     
   8.5367457642606741       -5.7707251527558672     
  -14.330237677319154        5.2922589481777056     
   1.6608553504743566        1.1932356466868579     
   5.2924632179261035       -2.5026599210406593     
   10.599403725509999       -5.8153787172903364     
   13.743573469316992        6.7402743621435706     
  -4.6549799112794155        1.4366394954266235     
  0.28920128337009510        5.2162605750636679     
   10.642423616935520        6.6829524377803136     
  -5.1629029830537325       -8.1393584166464876     
  -7.3366482369389381      -0.99106318975335206     
   9.7758212439732315        4.3960686760844325     
   12.741524703316443        8.4895166854777777     
  -9.8633281870569078       -6.2086562057421624     
   1.8433903403788088      -0.93232393287543702     
  -4.3191973064444582       0.49193346138974181     
   13.275624701197215        7.6286565325829452     
   13.496815436385381       0.19180282934495210     
   10.125338768702749       -4.8634757730075266     
  0.10783508529676959       -13.511296930452811     
  -11.838684947567113       0.51492224392045194     
   9.3603681943638755        11.170974707264858     
   5.6601627609735985       -9.6544158586873525     
   11.920176540191216       -9.6097868316541248     
  0.15861057105272219       -1.3049583386439492     
   9.9012699494266894        10.032390477690170     
  -4.3816555417361780        7.9045937758817164     
  -9.0779626258753510       -1.8233584521654331     
   9.5964879466035242       -5.7706497614659620     
  -3.7205439562580618        9.2278320032649184     
   13.941276393940845        1.0889422455891160     
  -11.354541970294072       -2.1471504015569192     
   4.7613644959046546       -9.0752681387068375     
   6.7264714030323560       -13.754751693990919     
   3.1021852829469498        12.598535880393847     
  -13.345248726070183        5.4816386562398529     
   12.872820119226844        1.0195763443781132     
   11.152855342174254        7.5432013325736484     
   8.3585127675642781       -12.141935329476839     
   3.1219122155459544        4.0559528853753779     
   4.0605482476845678        4.4092021193710691     
  -9.4465983610560436       -7.1177653462401640     
  -10.543738907327382       -9.8278576936934989     
   9.7701745312789576       -9.5811304236904800     
  -2.4493253721879151        11.985054624598048     
  -5.3103777091446425       0.67878600944380951     
   9.4226774408798430        6.1242807609461369     
  -9.3080462228984828        1.8739498316630683     
  -11.600654058685414        2.5364312578351691     
   10.100958983620888       -6.7122025194527533     
  -13.398964197090594        4.4278035280898465     
  -4.0961535205626278        10.156204976452733     
   2.1796811325193741       -6.2344220768213958     
   1.9465377294127681        12.827713720526132     
   1.3301262804467953        4.9537580517378963     
   5.0265779132493416       -6.6772364997626488     
   13.715974505969402        4.9353936106380676     
  -3.4416458699989705       -13.608072914619507     
   9.0839850273468432       -4.9130616083615495     
  -6.5190710431975658        2.0936104211188113     
   3.4796294107414503        7.3435004504228685     
   9.4568780647571717       0.60792911431418950     
  -9.9230121918060874        1.0850919159025281     
  -10.148741182042883        3.6075534219498318     
  -2.5621546928132695       -2.1083564301972033     
  -12.054397475646324       -1.4318430487322946     
  -4.1064648909387778       -7.4809057989154919     
   8.9260152872429703        10.255288412219103     
  -2.7815618308553534       -1.1319963094505257     
  -3.5199742840403863        2.8252770562485150     
  -6.4902574378875055        6.4937820290039001     
  -5.6422700474052183        7.0460412145028481     
  -11.166550913878593        3.4926641221747459     
  0.90779612122387920       -14.112417265121083     
   1.5149903684038064       -2.5960559340364351     
  -4.2067150258779833       -6.4839567967154181     
   2.8331167051912010      -0.78590623915437208     
  -11.638820891797177        1.5373512308630728     
   14.048620471621456      -0.64547639374919452     
   3.0180222590148702       -5.6858301633463038     
   2.6488838856090182        1.0172486952635300     
  0.28996147280700751       -10.679766176779582     
   2.3396863336495217        1.9730449638733774     
 -0.73546543568461487       -10.686259396498375     
  -14.384394442649103        4.2090007272450611     
   5.8194799461216853        7.9568833167215063     
  -6.6522977782126222        13.506666821935296     
  -8.9929314206466717       -2.8263460313689674     
   9.1065333590553639       -7.6263473771240475     
   3.8760394985386304       -8.0434622348468920     
  -11.059478726324871       -1.1883835701167009     
  -1.5576654435849924       0.73753334566868523     
  -3.4487706395079263        8.2655857197136342     
   7.4702884333563908       -5.7725109163196553     
   12.272378109657954        7.5960145222572022     
   3.8937405293717262        3.4191766366189569     
  -8.3212980127137346       -1.1692368670851849     
  -2.9764642438498070       -14.494726173068413     
 -0.67140595250581403        5.6376876008792278     
   9.8019530162305148        3.3632596984030103     
   2.2348150042628174       -1.8529059992719696     
  -9.1564527931760367        3.7732793616606823     
   4.0533025172753430        12.219031058536538     
   8.3564364973121368        11.097891045977647     
   13.362054612264739       -5.1861317402160036     
 -0.22427275354957826       -9.8220946188840408     
   12.582052903993217        2.7660298607608098     
   14.503102009957463       0.24796231060939880     
  0.76116655001839495        14.442671718751221     
   10.961061078736423        4.9051480196839368     
  -1.4979041454706297        11.652059266283906     
  -5.0101126021464317        2.4141803417956882     
  -1.6818812546462354       -4.2066657493162740     
   1.3228137709308243        2.1348002822226753     
   1.0198115995714987       -13.090621679147546     
  -1.6894292334634142        12.639571774398265     
  -6.0247949542822807       -3.8675373507849882     
  -8.9254223218374786        2.7975446583242025     
   9.4973734132022436       -8.5519024649185305     
   4.1758622111368648       -9.9360663963028113     
  -3.4676667716786773       -10.295170191661118     
  -3.3181117390009560       0.46482054998747163     
  -10.018405770332841        2.5795632721105060     
  -9.8494046226459258        7.0094652869274937E-002
   1.6487570288527171       -9.8871364231483323     
  -5.0572109488720809       -7.0971915357366671     
  -3.4994399485851546       -2.5209852529766290     
   3.3235646879957876        1.7846669643941013     
   11.101455581119129       -6.6820305094835906     
  -2.4993908349625715       -13.266675751875200     
   2.7191854480226940       -14.644095632034043     
   2.1732991262555075       -5.1473578403530285     
  -6.0153815828513748       -7.6171328549782231     
   8.0166025004252841       -4.9169991427677493     
   7.5580390594297668        1.3090269733625917     
  -12.722798193690386        6.3743663786240745     
   4.5145627733280236       -5.0283545441253494     
  0.24806606184803140       -12.455013529659041     
   9.0805998937492109        5.1647640910958028     
  -4.4398933951046278        3.2697947670010685     
  -1.3815433194616000       -11.451245648552341     
 -0.21805883896009956       -11.543642473971980     
   8.5777565581507780        3.1431972523892897     
   3.7356606312800884       -9.0385880742673148     
   5.6721835574047397        1.8354707264445069     
   14.350469562932432       -5.3386903600327322     
   6.6333835901046170       -12.757975273989510     
  -10.447522237778662       -7.0799822559263461     
  -2.3667706219665186       0.14530395232615456     
  0.73073085508308411       -9.4895055787482470     
  -10.889512159793478       0.82982431192734685     
  -9.9059256127588284       -2.4189561441355645     
  -9.7740923816986545       -10.470772118846748     
   9.0757321100762027       -6.6251028007627077     
  -7.1707144391372868        7.2280745105787645     
  -4.5026239393325165       -2.2572299043957966     
   12.502661604716879        8.3187221473807957E-002
   13.757628816405935       -6.1477299458823689     
   6.0025369850216750       -1.6916682524990889     
