   1.1076182819989322        6.3374160201853931     
   6.1372177610982881       -4.1696479900058803     
  0.20302421308520188       -9.4603972190605337     
   1.1950933894873350       -5.8906161243170372     
  -6.1419897853302441       -10.761064878187616     
  -11.368915253440083        1.6109773482481859     
  -6.6586674867706890        6.0174541474576984     
   11.058199730625251      -0.59127051004157871     
   3.1949908209422992        8.9585269062379744     
   8.4024781876579890        3.1784751290652373     
  0.35644927330609744        6.8368374144917068     
   6.4336880927611970        10.611980416476941     
   1.4528445637362397        1.3574209982806478     
   4.5365976795152552       -2.4167108218761442     
   7.6568923502190840        4.4958948477352276     
   6.1478652505413613       -9.1671612744666486     
  -4.5757372207127620        4.6696329498688494     
   3.4080506916046502       0.15547353584422230     
   3.8577544610465000        9.3405241330688931     
  -9.6873231718974431        6.8126862783531168     
   4.7884434063942622       -8.5658953934013127     
   10.733493107607382       0.23148793789647984     
 -0.88529020137042358        7.1241426742367340     
   10.186136133671436        4.2238583505713647     
   1.0215860022341967       -6.8112155775404855     
  -5.7770885556266673        1.8787737611873085     
   9.0768173350464298       -2.3667622537124147     
   1.6163635528709155        10.064094416536413     
   7.7744811410184891       -1.0627729499141174     
  -1.0884736613779205       -7.1636692073923776     
   9.7032312762518984       -3.1687519212744011     
  -5.7332994054030557        2.8843009645320166     
  -8.0408646754566071        4.8086656765826836     
  -7.2016157288004177       -3.5707505645426632     
   6.9358170052931172       -9.1011518330853338     
   9.2426364157770244       -4.0987599827888097     
  -9.5803671453042654        1.0180552358170369     
  -7.9292791965499667       0.57541793379862272     
  -8.6657468920662399       -1.3931802725269100     
  -3.9281649042647095       -9.2816810129008172     
  -1.0807427039251469        11.474081208357907     
  -4.7438649154127361        6.4286524708209978     
 -0.47656219592473542       -6.5886007024263806     
   10.074600988975176        5.7112038075763092     
  -10.175835140287679        5.1650109991924866     
  0.90413614783916230       -7.6914519095934066     
 -0.67005498752326120       -8.9872344460451892     
   2.9305721704369514       -10.106327489864070     
  -7.5222479509102369      -0.17707106062149197     
   6.0674006782070489      -0.74801011719993771     
  -5.0926439693103331        9.7010982909518297     
   5.3666064661228017       -1.2982416880052927     
  -9.3202180160031514        1.7649608692491394     
  -5.7282773761347299        8.3342705646678255     
   7.3093523943295553       -7.0366562600202309     
   5.3442764250030139       -9.5244977975199951     
   3.4140410777196717        3.9978563710261730     
   8.4867643003892823       -4.1482607015126440     
   8.9701423157399240       -5.7173946512884406     
   1.1323635026353656       -2.0195171929610369     
   12.071358760958125        2.3855371768003377     
   1.6897486560730373        2.2320821157604400     
  -3.1377271733797891        7.1945498183817786     
  -5.2460853838355321        7.3348832684170366     
   6.2556059117251532       -2.4762933469371049     
   7.8549787089459144        1.8403230800927315     
  -1.6780755114421768       0.49641831890671401     
   8.1937113123694694        2.4778517630287293     
   6.7964294334913182        6.7536208941231939     
  -10.747490387587224      -0.33153359639027202     
   7.0876659694371575       -10.186523903948945     
  -12.158895698817844        1.4320880014360278     
  -4.7837902324239012        2.6675029652412778     
  -5.0410824129146130       0.80754432281114241     
 -0.53223563906954907       -9.9600442239184570     
   11.934620314743000        3.4016995931787255     
 -0.96302277948003212       -10.828711326236647     
  -8.0749037376270909       -6.5496879819912452     
   5.1204436703037928       0.85253683982609563     
  -6.9386033643604144        8.1623906224267451     
  -9.5282099735596368       -5.1421665532050156     
  -9.7696572403466426        2.4679111086751924     
   10.062607214532829       -1.3764140514454457     
   4.9099345256770945       -1.7274457684172284     
   11.063086980741893        3.8310125671876252     
   2.0053025348972988       -2.0150825681124878     
  -8.2626588664122025        3.8460462763672858     
   2.4921807944857246       -8.8030982586482089     
   3.2979588392771118        2.3998016766955748     
   7.2881628685602040       -4.2897185321536604     
   3.0713170818455291       -3.9175696326912743     
  -2.8884915691407937        11.519423541652580     
   5.0269599547058004        9.1624657242145151     
  -5.1271534896555302        5.6286411076753353     
   6.3738888900314290        9.7068029413489452     
  -6.3429778032509976       -8.4537043073087297     
   7.6836786407567823       -9.2932905345423311     
  -5.5730011679958302       -7.6504536718707454     
   4.3793472534063529        8.5906385655213100     
  -8.2482981517225102       -7.4426533577701859     
  -3.7821576202103349        7.7234125181076516     
  -5.0079309172299213       -1.7296152638106441     
  0.79888034541541530        2.1314732341029239     
  -3.7709749742087486        10.548171628461509     
   8.2794803178864225       0.13906520736101610     
   5.5096912072444324        2.9681041530365300     
   9.0904425084493532        2.7243127009048056     
  -6.7406820756978592       -2.1115463141717976     
   6.1493646737784573        1.8088526061352050     
  -6.9159859882735466       -1.1621661528056215     
   10.145777536813966      -0.55948092682547579     
   1.1606415950558358        10.855227343986058     
  -3.1951252192580624        5.6767145660337421     
   8.6396670476410637        5.8299428008090253     
   1.2931861186669027        11.629093522902856     
   2.1996718449714394       -12.175518117267455     
   6.7604962934842092       -3.7778520369860229     
   4.9194605760618595        6.7245137243991175     
   8.3711210537501248      -0.75911288401506105     
   6.7422496965695746        3.9812462729742735     
   10.479454920686859       -6.2650091194603412     
   8.2272441682339288        1.0986913176469979     
  0.24240649153299199       -4.0220706994237458     
   6.4634565056641637       -8.3598507371867203     
   1.4133154617491201       -4.5303112408516819     
  -3.4694015678829757       -1.3693684653865295     
  0.16184745004582696      -0.61683704963686536     
   6.5728990899226138       0.25947410757797207     
   10.083793007726367       -4.2213351971592576     
  -7.3401663163991699       -2.7682769114573467     
  -1.4350764027273517       -9.7353194043028957     
  -6.3225203741436742       -9.4215927685292993     
   5.2475987971409896        2.0893510469158039     
   4.3327748079183968       -4.4918160722596783     
  -1.6988724781300053       -2.4342091205515741     
   11.569636047818573       -1.2346525617076936     
  -4.1218064316456449        3.7889462229052557     
  -11.337961036729938       -4.1520956135498599     
   2.5922295871175507        9.6448658831468386     
  0.20384011113684652        12.328662776576287     
  -6.0541751247308078        5.4001265443827720     
  -3.4670111733022164       -6.0363115870473791     
  -1.7592891136943867       -7.4637156760160632     
   3.6608278491309272       -5.5562110952369279     
  -4.7035016093175859        8.7387479016599681     
  -5.1823267778474369       -6.2602452843686365     
   6.8677706494886728        8.9646059755044671     
   5.8345290128884955       -10.952853207136076     
  -3.8222290280487985       -8.2241243278034144     
 -0.64209955609574976        4.4748971238954294     
  -2.5479857151941676       -5.3433634865419508     
  -10.004827776266549        1.7343652507618834     
  -2.4689004230933502       -7.5499239312825841     
  -2.7002913843461083      -0.68985781163098181     
   9.3792231737020888        6.2649610909207203     
   4.4148062316731433        5.2127016063282507     
  0.49086804665209377       0.19893223021561188     
   1.3225341073101087       -10.310529965722713     
   1.1199424905600930      -0.63452301287257751     
  -11.076517702170770       0.60920200099141575     
  -9.2094859972358982        6.1058516470189366     
   4.0992869587877125       -6.3477972155087059     
  -5.0279766904325296        2.8022420990233030E-002
   2.5731477979478621       -7.0680138675716835     
   1.7778302450578418        5.9040210613920410     
  -10.090201221360630        6.0166721199652944     
  -6.9329625229820193       -5.1723968371604689     
  -1.4706188427473721       -6.4205511914882134     
   4.7377100399523320       0.35740679309396123     
   2.0444359795663183       -2.8513219937062617     
  -6.8511747909376712       0.13755654822930960     
   5.9502268174081738       -5.2975537549973009     
  -5.4800433250719385        4.7619920037764762     
   7.8991453384539358       -3.7660981065265582     
  -6.4131091202736910        6.9976306825060171     
   4.5825456425295892        1.3721283046364965     
  -7.8709852620116365        2.4320755674196519     
   1.9914782680101470      -0.28801321494964205     
   11.010100393521196       -4.3166579244041321     
  -7.0859502256571920        10.187830005076266     
  -7.1853918884735544       -6.9867895404480276     
 -0.25965872208916629        9.4785855050373797     
   10.907031719811171       -1.8693299678726178     
  -5.4395111163413494       -10.110140618716700     
   1.6120237507683589E-002  -5.5733931172210518     
  -8.3514191695434743        6.2228617828841282     
  -8.8635901036240661      -0.24177694483580475     
  -4.2543041871644460      -0.29987635461778817     
   2.3926915038159868        6.5247018758077573     
   8.1855362595551249        5.1213691991394272     
  -1.6264375622136338        4.7942294840581301     
   3.6120771360505670E-002  -10.831796711292638     
  -6.4721460154552117      -0.43303146245304486     
  -5.4070010961670079       -4.2067881951729742     
   3.6276934598738899       -7.0988214465120762     
   3.8922722454242300       -10.931108675869668     
   8.3155652836623659       -2.1719448372315160     
   3.2690191821975443        1.1459741456127581     
 -0.97097224921449954        5.0330377838986182E-002
  -11.187895837898246       -2.3035472960491363     


