   11.306373335962290        5.1137333027573577     
   1.2805973176603112        6.6376100184570808     
   9.7045974501460410       -7.7345658469203471     
   4.7851272362838797        4.9360909944250899     
  -8.3466224723974367       -1.3366737939010089     
  -9.8838028965084384        6.2726544567079667     
   1.2700625917498718        8.6079662176814828     
  0.38689456807374428       -8.4617136282901857     
   11.886615528454071        3.5656098954711348     
   7.8788179537824918        9.5226810609950543E-003
  -3.8943004601837585        10.847869920120941     
  -8.7525002942760999        8.7673041695435003     
   4.0338512399987261        3.3544496600604920E-002
   7.4972482829962521       -9.8865370476124550     
   1.3521093678338549       -1.9284269867462178     
  -4.3863910501755772       -1.4472226286658201     
  -12.291277350071267       -1.6141102432047041     
   5.7461073066966710       0.29249267617222569     
   8.2709000372040382       -9.2516586219522665     
  -5.3022299064820864       -1.8822225567328030     
   4.7538584277273790        1.7566897295329096     
  -2.1952283895420024       -6.6782192879754767     
  -4.7670568230519903        3.2613346331611361     
  -4.8049930073858187        10.423978766459946     
   8.0613029150274649        8.0976901269379233     
   4.0314160652534374        3.0131628531297601     
   2.5536084748439212       0.28240228922375382     
   1.6069546149778213       -7.6299292121505262     
   6.7502987629722071        4.4149860375006567     
   9.9020836036080766        5.7120106529195862     
  -3.3700544827636998       -3.0742943768434094     
  -7.3883549821443175       -1.6758803396961195     
  -1.1890042484646894        4.6744979314249928     
  -11.758031743394715       -3.9523078685348367     
   5.9731392340019429      -0.68200823395997567     
  -4.4777904119194991        5.6237834479120368     
  -10.561335517436905        1.1076259477677846     
   3.1898875221478602      -0.51501945413340000     
   2.2511012864160711        8.4122355074147954     
  0.98753566723843400       -12.369958010933569     
  -5.1616336452244758       -7.0689584694935590     
 -0.73781090993890741       -1.8916252792855197     
  -4.6560190503523504        11.499569576151430     
   2.6861585593408859       -11.402832183300550     
  -7.2768847647085284        7.5860208178443793     
  -2.2400491373652658        10.167738382724393     
  -3.3296312991308623        8.9680476886238143     
  -10.058653896714709        7.2569333183438003     
  -9.4095758576962982        4.7496910612603491     
   7.3161062640172050        2.3747061603520505     
   6.4461970624728568        10.597425002429771     
   9.5460049861054213        2.5963750922059390     
 -0.22873030871270922        10.198133635051654     
  -10.438308661758592       -2.3122977106701632     
   1.7839304857282818        4.8813268459439225     
   6.3414022813116899       -6.2378308833580212     
   5.5411918242573872        4.2702553293101104     
   3.1257932328001896       -9.0505819591675714     
 -0.30576256321380629        9.1957968224770568     
  -8.6299856265111501        2.7194190090615331     
  -11.855218843472150        2.4552149067017308     
  -6.8302197699418894       -4.6359273196604960     
   5.9716024365232618       -8.5479085318231718     
  -7.9155421707065825       -3.3826551602004207     
   5.8317832885473750       -9.5410767357422603     
  -3.2071175670969683       -8.9323256426461164     
  -5.4456283050229972        4.0047771432354811     
   7.1781258468040336        9.9114718830507229     
  -1.5571051910726510        6.7042393061080769     
  -2.7178916149722925        8.1697311541102415     
  -7.0162987507852552      -0.74788372026549421     
  -1.8286899790831055       -12.262215704429719     
   2.0262847889188484        2.8385737604023347     
  0.20020861270671236        11.118166261187918     
   5.7750471877282097       -2.4194132927781973     
   7.5585817227525904       -4.3434843063070092     
   7.9362833069282948        6.0471974673037554     
  -1.7383190259270156       -1.8163260127462015     
  0.33785638753909236       -1.9022093692347080     
  -3.7115209138275898        11.838130115873707     
   3.7058293718966171       -8.2197309415797921     
   10.858187635242686        6.0076876862795698     
 -0.82756817053605214       -12.339934900884169     
   5.4794145982073612        5.9562495581836110     
  -7.0088891835046683       0.25208224035098781     
   1.6440566989949825        3.7674982850504080     
   10.312022588854260       -6.8968623125407955     
   6.4218882114181000        9.2513278433159805     
  -4.8879951620554216       -10.410625275296178     
  -3.1480618404951684       -9.9449698313549728     
 -0.62986425643165433        3.6099401390376689     
   4.4824744937495815       -10.809486328825688     
  0.48429705731173517        7.4061622963022904     
  -6.0039457295759258        1.7121460097277241     
  0.28916181310772515        8.3897666283951722     
  -6.1248482362713599      -0.27100255135612966     
  -6.7096278712283119       -3.6363008247332087     
   3.8816104120593780       -9.7433313757037858     
   4.1817339048090849      -0.96109807372955713     
  -6.0856846668643030        9.1045568821963840     
  -12.391467261387197       0.63444209654307315     
  -3.9078966621492697        3.7742055382767803     
   4.8148337846714382       0.66505110499358222     
   5.0291659678640057       -8.9018743623355459     
   1.5452696667546402       -2.9134359427709429     
  -11.915996181464253        3.4634510329348376     
  -11.438195088509708       -2.1897029932241336     
   11.060632297779712       -4.9685423127296433     
  -11.393183890444648       0.54564930836580017     
   11.752589610663268       -3.8647894596896366     
  -1.2410054085701363        10.117247532923082     
  -9.0287190747277073        5.7525569884132297     
   3.0207782162768266       -4.2600439024610628     
   6.0573351020993540        5.1348348510479207     
   5.5199415479606335        11.008354477558361     
  -4.8643596806266016       -11.410972717943480     
  -1.3870832939621123       -2.8036425660779063     
  -5.1391335882759392       -8.0694050876115178     
 -0.81968288809699497        11.031099390489937     
   1.0193193944360102        2.7753423621209610     
   3.0294969538354746        2.9263513514576895     
  -4.8844011774519664       -9.0387100963560147     
  -9.8354541434834495       -1.4658255313057365     
  -4.0115478797352262        1.2616887358893774     
   2.5546904300326760        5.5190136763103519     
  -5.1622449843092326       0.13304389479917886     
  -6.1234683256839437       -7.7129723957733036     
  -6.2760635496138315        7.6294635548451906     
  -8.0302313195259156        9.4607597110530310     
  -8.5281592369311507       -7.2420635866375527     
  -6.1012953527390126       -6.6941496776758465     
   2.3490204374837869        11.414813127195920     
   7.3092778884001790        5.2591362615964288     
   4.2751199827219581        11.646800829258982     
  -10.009634923721114       -3.2157056180189794     
 -0.56028422959113933       -8.1402987466373613     
  -2.6286374844075260       -2.2749324384937508     
  -2.2864971389801352       -8.5265359249619248     
 -0.73138853275803817       -3.5989076702215939     
  -3.4793892149542676        7.3945542852826094     
  -7.8995018150464569       -8.6542202821814538     
  -2.1887036581844144        4.7674749817286886     
   1.1163108937567141        5.6489775681328123     
  -4.0232653039516615        8.2377124482229114     
   8.0213458365976109       -5.2448474233572941     
   10.885580621718361       -5.9586583841259237     
  -10.773403187081787       -4.1794854854042436     
  -12.044545797899085       -2.9881675718238969     
   10.602462333765866       -2.0867487268100198     
  -3.6133659407143193       -2.1022088592341275     
  -5.4964103301385689        2.5751993120003460     
  0.22990617945627065       -9.9764165981573569     
 -0.20273975327040211       -2.7435136066072023     
   8.4408306209350883        2.2904815797676572     
  -7.0848620266554452        9.1343874176897266     
  -3.1213739520417327       -6.2971391424333047     
  -2.9258779757667579       -7.7542141237885565     
  -7.7846675180540092       -9.6492201765700933     
   10.859901056828754       -1.1205987421107571     
  -1.3281855332829295        2.8889463267030400     
   3.5649997954666106        5.7332263711183353     
   8.9584317809748537        7.0024875897412615     
   2.8799291618166207        6.4650198801862446     
  -9.3419116985853368       -6.2952067673582812     
  -9.4459251961037314        8.0472193951766027     
   4.4186884552891632       -6.4810592007822079     
  -5.4113219277111311        5.9806237391439669     
   1.7238666669942153       -11.688821541050137     
   6.7904880678814292       -9.1419206994070166     
   10.251095459486130        6.8053252011007599     
   5.7345802874571925        1.5506500443064970     
 -0.20215774589649541        4.5142145659776078     
   9.3227683302183113        1.6186320274472543     
   4.8888095186790039       -9.8927430186675291     
 -0.65682335894376753       -4.6565562239371889     
  -10.676311068269197       -6.2533545965470312     
   6.9817475243784246      -0.43511695712884429     
 -0.74786295292108007        2.0650289184151465     
  -7.1442060492869874       -2.7218154897519296     
  -5.1127147765844247        1.2285365229859921     
   4.9865568446876027      -0.36682353286963887     
   9.1323059797280610       -4.7091709420659421E-003
  -7.1607744448174353       -6.1326865589888317     
   8.4074038991406983      -0.83963897508690233     
  -2.3509349417794936        9.1717049627760936     
  -5.2938741879134419      -0.86514699590461164     
  -3.0298438538061445        3.2848030909214994     
   2.2156486794399539        9.4131084579926050     
   5.1285608261357583        6.8941043142709493     
  -2.9625376152077418        1.0767866732758595     
  -4.5308809282036027       -2.5267681891286307     
   9.0269791975317499       -8.5024426699791142     
  -5.8329010940831933       -4.7893747024901350     
  -11.016802426428686       -3.1719065415038545     
  -11.319357490049471       -5.0234100190733262     
  -4.5785543193197409       -3.9252872761181736     
  -7.0358553227803613       -8.1374711385347318     
  -7.0307927422243353       -7.1284474786300169     
   5.1929541565329673       -1.3470679389725593     
  -1.8539006353613063E-002   2.7773448920053663     
