   1.9516450865102917       -3.8838721062901214     
  -11.753622917301220        8.1870191552168432     
   10.516387221701068        8.3483165418525953     
   3.0725686541309161        1.7668851908512582     
   10.693482298426417       -1.5501009276687887     
   8.9224697846294454       -4.1746438194024362     
   10.494307830315444        3.4959375409794000     
   7.3493275343360347       -3.4160215399980101     
  -8.5639457043778240        4.0970156935814659     
  -11.089413662520959        3.5985287052523929     
   4.5511508031872170       -5.3996912731383393     
  -8.3358391890928800       -4.6780877220078212     
   6.5142017014692728        1.1855388242895730     
  -9.7833653271862477       -6.5187861603004018     
  -9.3822709248170781        4.6607430038760427     
 -0.98386835767998437       -10.663292447770701     
   13.007181928060662        2.2233027379860957     
  -11.469293250835232       -4.0096115447912526     
   6.6044043597185000       -2.7556873269048681     
  -13.787155430447232      -0.67688428689013624     
  0.72456877842459610        9.5630283491336368     
   8.5519588805100337       0.93213479561927681     
  -7.0757375441652393        4.4233891254324886     
   14.690213542819746       -2.4248276711742900     
  -2.4412112956850440       -8.2571570246366726     
   10.845179599602046       -8.1798605031282765     
   11.426898482770079        3.8703840434975607     
   10.818791737816605        9.1363998112280740     
  -7.6977592236345167       -5.9757293543056136     
   5.8912419671047855      -0.69383287155194662     
   11.729599855077602        6.3377410389746176     
  -12.737750072212398        4.5617401689449606     
   2.8188595972969268        14.421021622275559     
   9.5727761940188270       -6.3252693105664282     
 -0.15730192782796698       -5.5263061679768750     
  -3.6761849369520716       -2.0577358376347474     
  -8.9859663826298704       -1.6168259996880554     
  -5.6572187130058511        5.3168900766720073     
   8.6784146771679946        3.5332353475874450     
  -10.917314536991334       -2.1280348130779001     
  -5.9164824401636507       -2.1155274795010834     
   11.351404776948975        5.4791633884736708     
   10.641169928664425       -11.008532864321165     
   5.5432165040138193        10.250206610635734     
   6.1566406019779603       -10.693432093501093     
  -10.958034814829412      -0.21611305978609871     
  -5.2068117344519820       -7.5663207837241506     
  -3.1629404551627878       -7.7674444231436501     
  -2.8633577323169641       -14.037150481966375     
   9.5778013090338003        3.0907962423847235     
  -3.3152788910042110       -8.7549690727052969     
  -1.3471586017277701       0.58531025034304895     
   8.6638595014977202      -0.90677659031386948     
   7.5022556014304858        11.497585596810907     
  -3.6939397198221471       -3.0046275207401827     
   7.3547307641291111       -9.0193719698519459     
  -3.8391558919391913       -1.1368641837787494     
   8.3337220861467856       -1.8297731065067619     
  -6.3293771943599459        3.9838854047293628     
   9.8663941486363012        9.1001987388110575     
   11.076254681653088       -6.2657151135093478     
   7.6438468986783121       -4.3496171257053895     
   1.6467046626329107        8.2750876097482511     
   3.4954386116442522        11.245988903462420     
   10.652119538829464       -9.1653080434521588     
   3.5690261295118795       -5.6155854229330329     
 -0.35324985308020795       -7.2303597118495269     
  -3.1322993083122439       -13.069192204608740     
   12.178582838118473        6.0417158451836990     
   2.2681877376338146        9.0127838558887863     
 -0.20453837861500973        11.906639681297666     
  -9.1369935065868493       -10.800207796080681     
   13.440815963414090       -7.2241537068443691     
   6.0795135045355284        14.049483722197873     
   5.4385362265889778       -12.931084300492230     
   14.907117450049361       -1.6513932100385427     
 -0.38370212296968875        8.1185938057926670     
  -6.9196270160507876        1.5079423288603226     
   2.1405123572907150        9.6707531219343128     
  -6.7920180686003793       -5.6538633596103045     
   9.3750999709817879       -7.3011851612900429     
   7.0610524533643204       -4.3897366913482845     
   9.1670435257650098        6.2460086900126459     
   2.1544028295983004       -12.216123500547358     
  -10.310361864224880       -4.8806248957926668     
  -13.451743797276903       -4.6278219033843957     
  -12.390500661218478        2.4343698601417336     
   9.4129732092402314      -0.60540514750631624     
   1.0898867614297696        7.8955204556268432     
  -13.008508014828575       -3.6603472992019437E-002
   10.059270675306355       0.12389387548641977     
  -7.7457965212856603       -5.4792627583264180     
  -8.3342131770441572       -7.5390943632333807     
   8.9939337900940437       -10.062073816444528     
  -6.4439573682027271       -1.2544517582673551     
   2.1363059427145421        13.891118837280874     
  -6.0089644252785375       -8.1729864796614677     
  -4.8317335929727179        2.1342762266060116     
  -10.224414056166674        4.1233598159824023     
   10.798914078766829        6.3179568575155303     
   5.0653774191842933       -6.2449979814557572     
   1.7037302511320129       -5.7102919551374525     
   11.582691766301199       -8.8603477123314196     
   3.9239523577138473        2.2125100714205872     
   13.860669526856341        1.6917738094859640     
   6.1258671706517704        3.3342249994682382     
  -6.3721599337602619        12.921361023824112     
 -0.60687289239421005        5.8917438166479847     
  -4.2031595299430711       -9.2287274513756401     
   14.358784112578212      -0.22212322177445576     
   7.6520670808484637       -13.261418333805873     
  -3.2942003047564383       -12.079098884735473     
   5.2053182658686064        3.0131254832266237     
 -0.79327099003655877       -4.0278186791739437     
  -11.031376293894128       -3.1290367392394822     
   13.278544969511666        4.9452094179650636     
  -5.4659895887523389        2.3294894618070714     
  -2.7266850774625291        8.0634496579465473     
   2.1617362311193595       -7.6204851412902119     
  -2.9969107889856339        3.5061472398398728     
  -3.1555689170167245        7.6051932121265784     
   6.9836029945190479        13.619662292315956     
  -8.2542235980139935       -10.633634119039346     
   1.6716276255813614        2.7325427847547132     
   1.8388194279656620      -0.62411754119423513     
   1.2439313907841691        10.980460617609811     
   1.2393043336350407       -11.797355957806769     
   3.1142909821253415       -11.911282943781119     
  -1.9833047788070322       -7.0091551912033463     
   12.554550381460921       -8.6444193968230412     
   10.210537480235610        8.3286805253182497     
  -7.2779391325719969       -6.2620008109303589     
   8.9559617736126320       -1.0397168769042187     
   2.1463346697621408       -6.6136733463962605     
  0.45120557698729291        8.6101978200787208     
  0.38216988676226349        6.0306083355992914     
 -0.13274623763026883        13.339190901859496     
   5.1422177949362577       -8.4639479562850273     
   4.0604085915339905       -6.2573836616361396     
   12.736823264665363      -0.43664108095596216     
   6.1547172514997737       -13.046438317705290     
   13.720904729587714      -0.62916703897447157     
   3.9622962747547370       -9.9413109330183058     
  -9.6803649533468263        5.5317254136884921     
  -1.7240492793412487       -3.1950832132149007     
   2.9089757563738710        13.419751778648534     
  -7.6735599073143952        2.1793801705038907     
  -8.1856348504134946       -1.0096874934066005     
   8.3068754478902207       -12.186899660746249     
   8.5779070656300185       -6.1866518556699530     
   10.386238157503056      -0.72099912575026037     
  -10.269721657394552       -2.8936600676821804     
  -6.0999675242311273        13.890615193060688     
   4.4238195571897876        7.4380533962812763     
   1.2768612033834563        9.1788327000695222     
   12.475221790688250       -1.2021501044916041     
   10.262771221053638        9.3152097953117607     
   8.5785565446216303       -7.9196377624752134     
   5.3350833377468261        11.227249817921553     
   9.8592102857105779       -9.7816217100367524     
  -2.0901356295468205        9.7616048698760114     
   12.595788361944940        5.3833459192828901     
  -7.9629166136505457E-003  -10.914280297191986     
   9.5172611943892083        8.3432428654798283     
   5.1922724008057584        7.0788340912149827     
   12.960780380955965      -0.77202288818774789     
   12.993361981438703       -8.0981351555955268     
   10.315409872485567       -6.9302666242125639     
   7.9594192004540529       0.12459380995232378     
  -1.5394839472793793        10.605164531034106     
   5.7786427379125902        2.4618958941279652     
   6.6564552763178320      -0.23684861922092035     
  -8.4724986990462217        1.5656391982589477     
   4.5615407675225379        11.862996681831934     
  -4.6995847022214603       -10.102051226387546     
   8.7337408323296604       -5.9922209874767679E-002
  -5.1400142375487388        4.5334434316103565     
  -1.1004256310834697       -4.5126158739193212     
  -6.0929560481173413        4.4124445483009094     
   5.1458146197515218       -13.005134098417468     
  -7.1189270906315985        9.9299582830115352     
 -0.45484607343494110        6.5902765700829002     
   11.465715080839734       -5.3372079014156588     
   7.5112764345793428       -2.4125719819380649     
  -5.8842662119242952       -4.2950436092053721     
   13.153216106221018        5.8190091763725640     
   2.3435838320614550        2.0583052888249873     
   1.0905638698466522      -0.97613711248927937     
   2.5681365023745966        3.0436360051468636     
  -14.118419734739680        1.9660868162543184     
  -13.180732524193052        2.3138551984456206     
  -8.5457150877292083        2.5687870368087657     
  0.48134752611199622       -12.464508508643970     
  -3.3822018293569500        9.3444127422567043     
  -10.253258602184786      -0.93229593369892971     
  -2.0631785838550201        3.1297647991591946     
   3.7761666029361893       -2.8008028257116897     
  -11.803494760751686        4.2106804832990852     
   10.240216878457957        9.9362971916805645     
  -2.5583249108738491        8.8769734457241345     


