  -7.0881957765857653       -5.8320045611167446     
   13.558808997825745       -4.6746133476756366     
   8.8587291506713193        9.4657055706172297     
  0.52501804768516280        3.5804116665628691     
  0.57528446395474586       -3.2672215788053096     
   9.7972917504527413        9.8037489745575765     
   4.1803032425032747        7.6389354749662965     
  -9.9547256872907006        10.333983519111488     
   3.3280803876675753      -0.36035735220471937     
   12.615787755196534       -2.9635925399779408     
   6.3896142697731833       -11.690001222609514     
  -5.2471288912965557        12.484073486461483     
   3.8993431328995993        1.0576697584080335     
  -3.8896643076892192        9.3308721559412593     
  -8.4811885487775065       -4.8485844856695097     
   8.9054521836409393        10.537029895599114     
  -3.3773265892122950       -13.868840035159987     
   4.3455926630735613       -7.6717561507475605     
   2.6084312706566268       0.35154507488716502     
  -6.9122743148580099        2.7814525465693252     
 -0.83361745850624414       -10.856607013675671     
  -11.716599509281835       -9.8534578752054145     
  -1.8052981453039072        4.6521493781162286     
   5.8174635590311174        10.926706614935263     
   1.7662729371178776        2.9044001631224226     
  -6.2905233947374848       -8.0848312244295393     
   7.2824867976788097        9.8661755525810921     
  -5.3644205848261013       -2.7057937906963119     
   4.9016223694179617       -14.175063489216358     
   1.0472744658688515        12.734772336049749     
   1.3573351800171358       -2.6451151471397321     
   3.0222912818346241       -14.333433696022801     
  -1.3046618936398864        8.3766617423524696     
   11.492198196453957       -4.8370465929160344     
  0.52788090930243359      -0.44741284767628664     
   6.3140746809414035        11.789681464075079     
   8.7280827172400617       -4.7041709350687828     
 -0.93429019154712745       -11.851714241352825     
   3.1953202020769083       -1.3515280694953831     
   7.9441508378730630       -13.089273439128652     
   6.0326329610753646       -8.2294045545161705     
   1.2961395293012725        11.768952454352153     
  -5.7073999399700464        6.0719311237125391     
  -3.3742899129601116       0.29318738816760465     
   8.9630320757339312      -0.30076977919449277     
  -11.361848205854850       -5.5394892627253114     
  -12.819692196260911        4.6656063340154503     
   2.0515978917146764        5.7921274517455421     
  0.69118433587298678       0.54940045984043073     
   3.8214687526127946        3.0925733196048784     
   11.890976612625360       -3.6549649138187865     
  -10.560516721905884        1.0684008898809312     
   5.6728436368301134       -5.0840923373585749     
  -5.4187125356638335       -4.7754116223154499     
  -8.3054466421663928       -2.0916707389544733     
  -10.409093456518436        8.7856226650926388     
  -4.6018391218863846       -5.3513697279437027     
   6.9926770253941184        2.0548507294468310     
  -9.8071358967754048       -5.0124943965380471     
   9.7526292910877217        2.7289509456895953     
   9.5450549734524994       -6.9466013901431243     
  -9.8101160541158894       -1.3617489907591693     
  -2.3925297230565845        9.2387592623580943     
   3.2512815692963901        14.961505996054241     
  -7.0415923302125654        8.2537610558441958     
   1.7414071868253669       0.99396672146644505     
  -4.0301942672967099       -13.111551482476285     
  0.36355222470768195        13.996201550640961     
   7.7038891709542590       -6.5993335368910326     
   1.9288217878190759       -1.4277877959830307     
   10.194640430248581        4.8198007580925246     
  -6.5911240552231805       -1.5763208355606766     
   13.668434108315690       -2.7982630311798506     
  -10.125161087526315      -0.19407645338078744     
   5.2375398041666728       -10.076486996959245     
   12.077379820055723        5.8798293875774208     
   3.0644145872172888       -6.4736273852169379     
  -1.6734959157440730       -12.524012233952734     
   14.849478703425387       -3.7299613113485979     
   7.4472017445618874       -9.8630859590043354     
  -2.6588386035848299        10.358562336652836     
  -3.5629619680483278      -0.68560974491269311     
   4.6299501855789345        2.5063366265145519     
 -0.16485757977919058       -14.686127585091539     
  0.97223903285394153       -1.7112814050523213     
  -4.3666130345673677       -14.046794879929591     
   2.9962910185902731       -2.8220960656071239     
   5.7168234716330817       -12.506111727284534     
  -1.8626377315689908       -1.7282942074616163     
  -5.3605836277555543       -10.168486239169578     
  -11.131504181189168        7.3620033062507723E-002
  -6.7310357455313312       -7.1869103792631197     
   5.8657591836562029        14.139798040853174     
  -5.0539902939770363        1.6761572571212617     
  -10.341260722066247        2.6916708720377889     
  -13.062787860477808       -7.1165552463594262     
 -0.59376506336876322        7.5941555462866441     
   12.717587722791560       -7.9201614465081489     
   5.0525021447034648        1.5881503661356928     
  -4.7110531667204967       0.72508714423271214     
  -9.1589121153748536      -0.51393505639348636     
  0.99960544459558498       -6.3996161351128222     
   5.1257083706073541        12.904368476490461     
   8.9766481777984772       -1.6470631713497217     
  -3.4348746175398519       -11.812327499093062     
   10.850443691086207      -0.74340996536193116     
   3.0332254230610247        4.7401094821465897     
   8.8531847424736281       -3.6756098911293411     
  -9.9192026976361927       -8.2880688144538297     
   13.315354230600962       0.89244193049250331     
  0.52325899924652874       -7.8133870904386287     
   2.2982884951388085        13.247522376371391     
   7.9953052833418337        1.9848888214979064     
   4.9734111252890321        10.390749401576752     
  -4.1608518399883110       -2.8629687364265690     
  -8.0737158999149123       0.16071912194833937     
  -12.389488320850392        8.9961466662339937     
   11.704599656540660        8.3765974614207366     
   11.334564735304568       0.16402073136273052     
  -1.7277033893486042        9.9998987229481884     
   6.7106891440294225       -12.636425860081198     
   11.954028164839290        4.0528728986626223     
  -2.4409984913853209       -11.884417383181420     
  -5.4196641070391012        4.4347017064874219     
  -9.5654665071567582       -3.2810855815612450     
 -0.24708519665969442       -12.789012061028197     
  -1.4618673839466425       -14.328269346872901     
 -0.37142606847908843       -5.5659156698184074     
   9.7481537480613341        8.7655979427629251     
  -9.3994248735341213       -10.409687444073711     
  -2.5845533723665342       -1.0392928130514896     
  -3.2316513551162496       -5.5693995514856374     
  -10.162855588671382       -4.0780619987911804     
  -8.1701292317609315        2.7024084463928952     
  -7.6529930491886846       -9.7572418902179550     
 -0.41930743240270862        11.843303913570656     
  -9.5529170386068483        2.0783325935062775     
   6.0296153063239473        1.7954711212105998     
  -8.5950688568381022       -3.0483890443391335     
   6.0514444443720752        9.9564659830024489     
  -7.4127000703478130        4.4958546440480074     
  -13.056867030137619        7.7726352557453531     
  -9.1636420353328187       -6.4800387429944548     
  -2.1241123326646525       -8.0931382715328102     
   8.0407152950550138       -8.7219512962487737     
   10.755650176176189        8.6862360708275741     
   10.684315725260635       -7.3910002151986474     
   4.5864988543940406        3.7313912159306009     
 -0.42000213695565597      -0.87650004754237909     
  -4.4702538434115464      -0.24609993787069978     
   11.891063273496405       -9.6457879887992082     
  -6.9759573638316112        10.420989685291216     
  -7.5872247709265945        3.5158720260201837     
  -2.4529789976881249       -14.238995947096633     
   12.476180707549181       -5.0055422139511663     
   9.2667711014734664       -7.9052225272140610     
  -10.298997223598590        5.9861808159072076     
  -6.4149571002535692        4.5174762935831341     
   11.836005904807401       -5.7730411942355397     
  -4.8138702666690696        7.3227051434792525     
  -9.7399570283313004       -7.2926269824358831     
   5.7694653122216266       -7.2687369363742125     
  -8.8046641453042671        8.2107918269918567     
  -7.3319814485269648        9.4866556300594578     
   11.262529847320263        6.6077740569760248     
   3.0627325773436778        3.7389062199603025     
   1.7741235862701104       -9.5471618164526397     
   2.0359811094483113        1.9468443817176335     
   4.7486173796033944       -2.4401459460524366     
  -4.3107974688587583E-002  -6.6422360342023090     
  -8.5236740295777391        4.2540573072448451     
  -2.8978032803925915       -10.970139033250057     
  -10.887789274782763       -8.5327152376156494     
   7.1961980850030676        6.1351804754433275     
  -6.0182948512159005        7.5803694467914271     
   8.8082674005550778        3.0777077937766459     
   5.7725476404208020        6.5797472511729609     
   11.482619425809339        9.3737111929979964     
  -8.3974182129079278       -10.420362795069742     
  -2.8863326621793912       -7.1697087742592958     
   4.1288265892098872        12.962336533044358     
   3.0098069288347653        11.894068082919015     
   1.6969641261080408       -10.542674357678484     
  -13.702761494826635       -3.0640871976194486     
   4.0607634329230198       -6.4674418035335339     
   7.0359454341364049       -8.4474029524806848     
   6.5043904865928432       -3.3907629329774527     
   5.3940607551004360        3.1480447225541277     
 -0.89536687379707980       -2.9881361005558258     
  -14.907785705197849       -1.0880693760374933     
   11.167116989126313       -2.5720874920914563     
  -5.4304816076875175        2.6080304661418183     
   10.738465565495673        7.6851502884794129     
   14.395620599384438       -5.2140749037510137     
  -11.849867773727269        4.9028584261188612     
   7.5365891250699200       -7.5843803708913287     
   2.7363656244139416       -12.830690213673146     
   9.8171496970425522       -3.9090870024456410     
  -2.0854861660213264       -15.167172769975821     
   13.052492778925764        2.0609594817303574     


