   1.2137149005537051       -5.7615944227326095     
  -15.249861326951175        1.3676068441064539     
  -6.1388455979300653       -13.906972602414319     
  -1.3737029734007549        12.033667909017916     
  -6.6216880594822314       -4.8510726707444265     
  -1.1282044054102309        10.573791175345397     
  -14.313319861820196       0.95456353063721366     
  -9.8502157226913667       -5.9748984842985262     
  -5.0928720110935846        10.989977787411753     
  -4.5621842460820776        2.0642744495884795     
   13.211834999906479       0.17382650234064040     
  -3.0854573925920765       -10.187318266290804     
  -11.275529250537627       -10.167384768400499     
  -1.1347201524060377        2.0879814225609965     
   12.850097605820558        4.4842326667698229     
   7.0800987928676253        7.9893109861680900     
   15.257695938211858       -1.2369367923344681     
  -13.766068348252652        2.4951630802211469     
  -5.8924724432018616        6.9909597270399111     
   7.6729745211531970        2.7787942784225046     
  -8.7235071161880171      -0.90672143109483727     
  -6.1516766508632603       -10.759441052548297     
   2.5924966194667340        6.9397396293008775     
   5.3300832515891159        6.5026495014779160     
   12.074327034089983        2.4068307559062148     
   14.979276932748833       -3.1638261712872087     
  -2.8498881802086635       -7.5593375201093949     
  -3.2667686943709953       -1.3734205215070552     
  0.79428249511266014        10.636948164028219     
  0.13528692054114724       -7.0304501854912456     
   4.7958470928249533        8.9038579322057174     
  -11.412994711413734        2.6376033620308510     
  -1.6042067019608699        3.4571475157194431     
  -2.2771579018506696       -4.7916910375425585     
  -12.330125458633065        7.2246462874770474     
  -5.4519921955000106        4.9933574053779326     
  -2.0660729667071487       -6.9440178729146167     
   13.474330971471504       -7.2707139648027050     
   14.913015379344582       -2.1696890939056233     
   8.4075055131060807        11.058717701307007     
  -3.7341650357428273       -11.763240425753487     
   5.3533858429016261        7.7136141720099580     
   9.9967849943756715       -10.782647295075861     
   3.6021957032861560       -14.194430987514313     
  0.64378346828325161       -14.507034378198698     
  -6.4272220992522486        2.1658465829856133     
  -3.2360804382565287        9.3839506861850452     
   11.828306748524321       -8.1309783238785496     
  -10.025546909647142        1.9588456193478774     
 -0.82047961167664996      -0.97771856766224208     
   13.799637639486296        4.0725657436913201     
  -1.0704530095289244        1.0732084322651003     
   2.6674749357838450        4.7018138141181050     
  -4.2088243654287787       -1.0193304869644453     
   2.2581498370919539       -12.477942993667259     
   7.0744611158565656        10.781622468912779     
   1.4524192454402460       -10.213139994524560     
   11.104465495087144       -1.2105071606993554     
  0.78479352368427879        14.178020504268266     
   3.8118278211228929        9.0904304745448634     
  -1.6864409199541071       -1.9102004252866318     
   13.169480869663058       -3.7661827492889710     
  -9.7061648003039096        9.0385132376288695     
  -4.6815660315148664      -0.13957052188708771     
   6.0703146376157271        10.913520358900946     
  -11.120692383745002      -0.63497352580954791     
  -5.1879305060627177       -2.5138728064835476     
 -0.74545547538270163        1.9549844710035777E-002
   6.8837481609756788      -0.11350491715955278     
  -4.1862405355166921       -2.4695986489017225     
   12.559428783727354        5.6919032870956956     
  -6.3556701986367257       0.12922892650191720     
   9.2114965760909051       -12.230004571382263     
   11.232615188060478        9.0825347739053637     
  -4.6742472280330567       -11.416811179586812     
   6.0090121290720964        5.7712340525358803     
  0.33171352706763646        3.8070812290159446     
  -8.5379651718386089       -2.8961076582904579     
  -5.1740413101379339        3.3614967780594709     
   6.5235698159070825       -7.8354818639760220     
 -0.62548338033288486       -10.079462118392575     
  -13.265975933499167        1.5203919040285871     
  -4.8143820881339128       -12.552522992807644     
   3.1913483559560443        9.8798209831059012     
   3.0289910056506058       -6.9299554147063764     
   14.410139296575236        5.0419330137119198     
  -3.6849085721971644       -6.6349584436188440     
   9.5719030945640711        2.4932354490553545     
  -9.3323561152922672       -4.4699682668038347     
  0.75399444385875691       -7.9554488313943175     
   8.7400786556436287       -6.8531249734242330     
  -2.3241150760568510        12.327043128328423     
  -2.8469139696336860      -0.44789039116808743     
  -3.0493753261713055        4.1876759688016856     
   1.7900708607124676        5.9204254460505377     
  -5.6886433448641460        13.459284541248907     
   1.0429094270128794       0.33865704592667489     
   3.0699582582639651       -2.0198778271699553     
 -0.11218883659971757       -13.175772280390778     
  -7.1557238588050680       0.81459679452175526     
   6.2268969207441298       -6.8750761056554159     
   3.4321034847677292       -10.672093988828687     
  -9.3888961562527502        4.1872528247131759     
   8.4597574932471193        6.5194163685098543     
  -1.6659057406592745       -12.377929692504596     
  -4.2045664881619853        7.9847539236561120     
   4.9468068786700012       -5.8685648133095887     
   2.1338243504250518        10.812156245675327     
   6.8285922891791744       -6.0724238141321223     
  -6.9671133448140266        9.2515003190646272     
   2.2255408106526109       -4.7042728018232616     
   7.3026647133078164       -8.8227915864240565     
  -3.7050601794855824       -4.3055506404642223     
  -1.9794044944274809       -9.9975104663744059     
  -6.1733791021210260       -1.2680400252637267     
   5.8670776275581211       -5.2863958072273158     
   7.4860474528280996       -13.269240841764201     
   4.1291645289890564       -9.9557372387491476     
  -6.1479844719620074        3.1289708683118338     
  -7.7285751929602871        7.4522297141027884     
   11.175552873090600       -9.5513351377238891     
  -2.5062895076004055       -12.911881784385322     
  -3.4953475063287667       -12.732953948901194     
  -3.6293728467580348        13.816172372925841     
  -10.147329611441776      -0.37570014212666297     
   10.212908431788115       0.50678651245054951     
  -7.7954723433954101      -0.53393385580697916     
   3.1610400954936178       -9.7122549461536263     
  -1.1102868888528394       -13.249748006540480     
  -2.5177627210073363       -11.855253781112644     
   2.9695637342910035       -8.0108788397427571     
  -8.0756410105983409       0.42431055065928563     
 -0.24344719465427464       -7.9644992276265052     
   11.063013330936132       -10.542924910358451     
   8.6668891590786110        1.2551127734004881     
 -0.67048277396286005       -12.352446642642395     
   10.979861026514065       -2.7114795845325061     
   3.6152983304582720       -12.439383518204080     
   7.5201706453513566       -7.8408574707598211     
   3.7886951339945578       -5.0828674002161058     
   1.1683761062766083        6.7041288748090118     
   5.2835671870950227       -7.6520498952331764     
  -7.7116910222255175       -4.6407346009936514     
   14.795201494614584        3.9212140283834174     
  -6.1524063501921722       -2.2679451486433018     
  0.32013540905173965       -12.243723487808262     
   12.451005237586157       -8.9103417583869042     
  -12.062593196397252       -3.6111934062874673     
  0.66428781773748413        9.2754731167703799     
  0.21448352241710292       -10.815516860603468     
   13.319183647007458        7.5461056899068755     
  -8.6773350015152335       -10.122059192130578     
 -0.79143949556030213       -6.6539738168342248     
  -1.8561489659320685       -14.753799431882895     
   1.0880873219794298        5.2136150765197549     
   4.2147452748195775        11.199163743052369     
  -4.7443832189251740       -8.9796470828448740     
   3.4414938084057813       -6.0221361358606496     
   13.863246138026872       -5.5668194883129383     
   8.4298009154083839       -2.4599228278239611     
   1.7743978486244183       -11.603464575062189     
  -9.1766197618735745       -11.322256797317195     
   5.0172904341218514        14.024082403584835     
  -10.722595663273013       -3.1402010675655565     
   10.073515179269364        3.3574603192988564     
   13.229837492145014       -1.7601710056973354     
   4.8245609694451064        2.8996184587497913     
   6.7822174247914200        7.0338196644702187     
   7.9142766148394070        9.8840774133995026     
   10.207697095610380       -9.8049014977286753     
  -3.7756259964878214        5.8057387258817474     
  -9.0612654719474808        8.1289775594889697     
  -6.3529722192707423       -3.8608258027756088     
  -3.1154476944902267       -2.3610588272667439     
   8.4425835523432848       -8.3736111454772431     
   2.2609343253257004       -5.7975893410768169     
  -2.3763074958698613        11.284630448550640     
  -6.2363365328216451        7.9280813217127273     
  -3.1251315229031995        6.8641708703063209     
  -5.4444208358095976        11.922291637736105     
  0.83552677750401461        11.635739745098331     
   9.0027272642094136        4.7812680217034487     
   12.523649874124288        8.8087189243893569     
  -9.7143669589101762        7.3358662222327071     
  -5.8855100737385309        4.0932784579042334     
   4.0769667586828184       -11.553785444290025     
  -2.2593974507614432        5.8328847030849893     
   6.8475318945880970        13.373305207945846     
   2.1952685501138607        9.1885553166115184     
   3.5756521301119282       -8.8016071336524302     
   2.3087153400905329        2.4862518057534366     
  -4.8655974258293160        7.2356202174494193     
  -4.0927394519894040       -7.9714173044058798     
  -12.578942988656728      -0.43509131068884888     
   6.0430991976442154        14.067337739109348     
   14.411114105191627       -3.9822138796173823     
  -11.965356076695194       0.46267702739042327     
   1.5596958253686473       -13.194092173445416     
   7.0905504490050291        1.6013429334421032     
   2.4343968090910386       -10.630567158442181     


