  6    ***    0.12929E-01    0.3952847075E-01    0.0000000000E+00
  6    ***    0.12929E-01    0.7905694150E-01    0.0000000000E+00
  6    ***    0.12929E-01    0.1185854123E+00    0.0000000000E+00
  6    ***    0.12929E-01    0.1581138830E+00    0.0000000000E+00
  6    ***    0.12929E-01    0.1976423538E+00    0.0000000000E+00
  6    ***    0.12929E-01    0.2371708245E+00    0.0000000000E+00
  6    ***    0.12929E-01    0.2766992953E+00    0.4178837480E+00
  6    ***    0.12929E-01    0.3162277660E+00    0.1901371053E+01
  6    ***    0.12929E-01    0.3557562368E+00    0.1358122181E+01
  6    ***    0.12929E-01    0.3952847075E+00    0.4574727347E+01
  6    ***    0.12929E-01    0.4348131783E+00    0.4785763876E+01
  6    ***    0.12929E-01    0.4743416490E+00    0.1104212382E+02
  6    ***    0.12929E-01    0.5138701198E+00    0.1863343632E+02
  6    ***    0.12929E-01    0.5533985905E+00    0.3576388410E+02
  6    ***    0.12929E-01    0.5929270613E+00    0.6331659272E+02
  6    ***    0.12929E-01    0.6324555320E+00    0.8735792352E+02
  6    ***    0.12929E-01    0.6719840028E+00    0.1273342433E+03
  6    ***    0.12929E-01    0.7115124735E+00    0.1691444168E+03
  6    ***    0.12929E-01    0.7510409443E+00    0.2124543563E+03
  6    ***    0.12929E-01    0.7905694150E+00    0.2558145011E+03
  6    ***    0.12929E-01    0.8300978858E+00    0.2989193796E+03
  6    ***    0.12929E-01    0.8696263565E+00    0.3294235895E+03
  6    ***    0.12929E-01    0.9091548273E+00    0.3666326279E+03
  6    ***    0.12929E-01    0.9486832981E+00    0.3755930236E+03
  6    ***    0.12929E-01    0.9882117688E+00    0.3796921583E+03
  6    ***    0.12929E-01    0.1027740240E+01    0.3278933023E+03
  6    ***    0.12929E-01    0.1067268710E+01    0.2950200126E+03
  6    ***    0.12929E-01    0.1106797181E+01    0.2849093405E+03
  6    ***    0.12929E-01    0.1146325652E+01    0.2893753314E+03
  6    ***    0.12929E-01    0.1185854123E+01    0.2883822828E+03
  6    ***    0.12929E-01    0.1225382593E+01    0.2946234561E+03
  6    ***    0.12929E-01    0.1264911064E+01    0.2929879137E+03
  6    ***    0.12929E-01    0.1304439535E+01    0.3046999349E+03
  6    ***    0.12929E-01    0.1343968006E+01    0.3098748326E+03
  6    ***    0.12929E-01    0.1383496476E+01    0.3076441984E+03
  6    ***    0.12929E-01    0.1423024947E+01    0.3105508959E+03
  6    ***    0.12929E-01    0.1462553418E+01    0.3142285430E+03
  6    ***    0.12929E-01    0.1502081889E+01    0.3260398649E+03
  6    ***    0.12929E-01    0.1541610359E+01    0.3362146106E+03
  6    ***    0.12929E-01    0.1581138830E+01    0.3467165588E+03
  6    ***    0.12929E-01    0.1620667301E+01    0.3565992907E+03
  6    ***    0.12929E-01    0.1660195772E+01    0.3685092728E+03
  6    ***    0.12929E-01    0.1699724242E+01    0.3761678883E+03
  6    ***    0.12929E-01    0.1739252713E+01    0.3971648797E+03
  6    ***    0.12929E-01    0.1778781184E+01    0.3997457152E+03
  6    ***    0.12929E-01    0.1818309655E+01    0.3978701014E+03
  6    ***    0.12929E-01    0.1857838125E+01    0.3894451863E+03
  6    ***    0.12929E-01    0.1897366596E+01    0.3898382501E+03
  6    ***    0.12929E-01    0.1936895067E+01    0.3892350168E+03
  6    ***    0.12929E-01    0.1976423538E+01    0.3747868483E+03
  6    ***    0.12929E-01    0.2015952008E+01    0.3613815209E+03
  6    ***    0.12929E-01    0.2055480479E+01    0.3525052271E+03
  6    ***    0.12929E-01    0.2095008950E+01    0.3503049812E+03
  6    ***    0.12929E-01    0.2134537421E+01    0.3514997903E+03
  6    ***    0.12929E-01    0.2174065891E+01    0.3520651408E+03
  6    ***    0.12929E-01    0.2213594362E+01    0.3554242454E+03
  6    ***    0.12929E-01    0.2253122833E+01    0.3554914856E+03
  6    ***    0.12929E-01    0.2292651304E+01    0.3499939909E+03
  6    ***    0.12929E-01    0.2332179774E+01    0.3419217689E+03
  6    ***    0.12929E-01    0.2371708245E+01    0.3544242381E+03
  6    ***    0.12929E-01    0.2411236716E+01    0.3528760599E+03
  6    ***    0.12929E-01    0.2450765187E+01    0.3621217484E+03
  6    ***    0.12929E-01    0.2490293657E+01    0.3525467882E+03
  6    ***    0.12929E-01    0.2529822128E+01    0.3480428701E+03
  6    ***    0.12929E-01    0.2569350599E+01    0.3446156074E+03
  6    ***    0.12929E-01    0.2608879070E+01    0.3480939721E+03
  6    ***    0.12929E-01    0.2648407540E+01    0.3519476623E+03
  6    ***    0.12929E-01    0.2687936011E+01    0.3527093605E+03
  6    ***    0.12929E-01    0.2727464482E+01    0.3522294833E+03
  6    ***    0.12929E-01    0.2766992953E+01    0.3436342238E+03
  6    ***    0.12929E-01    0.2806521423E+01    0.3414280635E+03
  6    ***    0.12929E-01    0.2846049894E+01    0.3441747533E+03
  6    ***    0.12929E-01    0.2885578365E+01    0.3435299809E+03
  6    ***    0.12929E-01    0.2925106836E+01    0.3499797710E+03
  6    ***    0.12929E-01    0.2964635306E+01    0.3412168043E+03
  6    ***    0.12929E-01    0.3004163777E+01    0.3315077308E+03
  6    ***    0.12929E-01    0.3043692248E+01    0.3312042799E+03
  6    ***    0.12929E-01    0.3083220719E+01    0.3387419582E+03
  6    ***    0.12929E-01    0.3122749189E+01    0.3374544349E+03
  6    ***    0.12929E-01    0.3162277660E+01    0.3356355533E+03
  6    ***    0.12929E-01    0.3201806131E+01    0.3308588086E+03
  6    ***    0.12929E-01    0.3241334602E+01    0.3307152491E+03
  6    ***    0.12929E-01    0.3280863072E+01    0.3296368309E+03
  6    ***    0.12929E-01    0.3320391543E+01    0.3246399961E+03
  6    ***    0.12929E-01    0.3359920014E+01    0.3251778458E+03
  6    ***    0.12929E-01    0.3399448485E+01    0.3239478802E+03
  6    ***    0.12929E-01    0.3438976955E+01    0.3171490057E+03
  6    ***    0.12929E-01    0.3478505426E+01    0.3192052767E+03
  6    ***    0.12929E-01    0.3518033897E+01    0.3155523994E+03
  6    ***    0.12929E-01    0.3557562368E+01    0.3172694811E+03
  6    ***    0.12929E-01    0.3597090838E+01    0.3188885888E+03
  6    ***    0.12929E-01    0.3636619309E+01    0.3209546993E+03
  6    ***    0.12929E-01    0.3676147780E+01    0.3260374179E+03
  6    ***    0.12929E-01    0.3715676251E+01    0.3208291302E+03
  6    ***    0.12929E-01    0.3755204721E+01    0.3257624918E+03
  6    ***    0.12929E-01    0.3794733192E+01    0.3156105295E+03
  6    ***    0.12929E-01    0.3834261663E+01    0.3162735825E+03
  6    ***    0.12929E-01    0.3873790134E+01    0.3146664623E+03
  6    ***    0.12929E-01    0.3913318604E+01    0.3127748489E+03
  6    ***    0.12929E-01    0.3952847075E+01    0.3126683900E+03
  6    ***    0.12929E-01    0.3992375546E+01    0.3119491784E+03
  6    ***    0.12929E-01    0.4031904017E+01    0.3180615104E+03
  6    ***    0.12929E-01    0.4071432487E+01    0.3101818562E+03
  6    ***    0.12929E-01    0.4110960958E+01    0.3037863441E+03
  6    ***    0.12929E-01    0.4150489429E+01    0.3058114257E+03
  6    ***    0.12929E-01    0.4190017900E+01    0.3084095939E+03
  6    ***    0.12929E-01    0.4229546370E+01    0.3083128636E+03
  6    ***    0.12929E-01    0.4269074841E+01    0.3083948047E+03
  6    ***    0.12929E-01    0.4308603312E+01    0.3119112218E+03
  6    ***    0.12929E-01    0.4348131783E+01    0.3116983428E+03
  6    ***    0.12929E-01    0.4387660253E+01    0.3033590197E+03
  6    ***    0.12929E-01    0.4427188724E+01    0.2997004149E+03
  6    ***    0.12929E-01    0.4466717195E+01    0.2988532769E+03
  6    ***    0.12929E-01    0.4506245666E+01    0.3040997102E+03
  6    ***    0.12929E-01    0.4545774136E+01    0.3080268552E+03
  6    ***    0.12929E-01    0.4585302607E+01    0.3018970384E+03
  6    ***    0.12929E-01    0.4624831078E+01    0.3070580188E+03
  6    ***    0.12929E-01    0.4664359549E+01    0.3076002259E+03
  6    ***    0.12929E-01    0.4703888020E+01    0.3060359286E+03
  6    ***    0.12929E-01    0.4743416490E+01    0.3022532168E+03
  6    ***    0.12929E-01    0.4782944961E+01    0.2995363829E+03
  6    ***    0.12929E-01    0.4822473432E+01    0.2974790585E+03
  6    ***    0.12929E-01    0.4862001903E+01    0.3001560887E+03
  6    ***    0.12929E-01    0.4901530373E+01    0.2973352837E+03
  6    ***    0.12929E-01    0.4941058844E+01    0.2927762347E+03
  6    ***    0.12929E-01    0.4980587315E+01    0.3003668467E+03
  6    ***    0.12929E-01    0.5020115786E+01    0.2957968638E+03
  6    ***    0.12929E-01    0.5059644256E+01    0.2927206008E+03
  6    ***    0.12929E-01    0.5099172727E+01    0.2913674108E+03
  6    ***    0.12929E-01    0.5138701198E+01    0.2880372641E+03
  6    ***    0.12929E-01    0.5178229669E+01    0.2826767409E+03
  6    ***    0.12929E-01    0.5217758139E+01    0.2879167384E+03
  6    ***    0.12929E-01    0.5257286610E+01    0.2857847818E+03
  6    ***    0.12929E-01    0.5296815081E+01    0.2822605167E+03
  6    ***    0.12929E-01    0.5336343552E+01    0.2781272666E+03
  6    ***    0.12929E-01    0.5375872022E+01    0.2763753581E+03
  6    ***    0.12929E-01    0.5415400493E+01    0.2756391051E+03
  6    ***    0.12929E-01    0.5454928964E+01    0.2728442769E+03
  6    ***    0.12929E-01    0.5494457435E+01    0.2763410916E+03
  6    ***    0.12929E-01    0.5533985905E+01    0.2728852020E+03
  6    ***    0.12929E-01    0.5573514376E+01    0.2761724539E+03
  6    ***    0.12929E-01    0.5613042847E+01    0.2756412145E+03
  6    ***    0.12929E-01    0.5652571318E+01    0.2717531004E+03
  6    ***    0.12929E-01    0.5692099788E+01    0.2721449708E+03
  6    ***    0.12929E-01    0.5731628259E+01    0.2686403269E+03
  6    ***    0.12929E-01    0.5771156730E+01    0.2660145982E+03
  6    ***    0.12929E-01    0.5810685201E+01    0.2708735291E+03
  6    ***    0.12929E-01    0.5850213671E+01    0.2676605610E+03
  6    ***    0.12929E-01    0.5889742142E+01    0.2707327398E+03
  6    ***    0.12929E-01    0.5929270613E+01    0.2731551625E+03
  6    ***    0.12929E-01    0.5968799084E+01    0.2784330953E+03
  6    ***    0.12929E-01    0.6008327554E+01    0.2724805462E+03
  6    ***    0.12929E-01    0.6047856025E+01    0.2712459431E+03
  6    ***    0.12929E-01    0.6087384496E+01    0.2646922621E+03
  6    ***    0.12929E-01    0.6126912967E+01    0.2666842118E+03
  6    ***    0.12929E-01    0.6166441437E+01    0.2677334817E+03
  6    ***    0.12929E-01    0.6205969908E+01    0.2681228241E+03
  6    ***    0.12929E-01    0.6245498379E+01    0.2721590621E+03
  6    ***    0.12929E-01    0.6285026850E+01    0.2694223075E+03
  6    ***    0.12929E-01    0.6324555320E+01    0.2664473937E+03
  6    ***    0.12929E-01    0.6364083791E+01    0.2668477386E+03
  6    ***    0.12929E-01    0.6403612262E+01    0.2641148194E+03
  6    ***    0.12929E-01    0.6443140733E+01    0.2611230176E+03
  6    ***    0.12929E-01    0.6482669203E+01    0.2591812128E+03
  6    ***    0.12929E-01    0.6522197674E+01    0.2623446226E+03
  6    ***    0.12929E-01    0.6561726145E+01    0.2629669202E+03
  6    ***    0.12929E-01    0.6601254616E+01    0.2577658801E+03
  6    ***    0.12929E-01    0.6640783086E+01    0.2570945559E+03
  6    ***    0.12929E-01    0.6680311557E+01    0.2509624409E+03
  6    ***    0.12929E-01    0.6719840028E+01    0.2502029633E+03
  6    ***    0.12929E-01    0.6759368499E+01    0.2516429143E+03
  6    ***    0.12929E-01    0.6798896969E+01    0.2567801212E+03
  6    ***    0.12929E-01    0.6838425440E+01    0.2567441410E+03
  6    ***    0.12929E-01    0.6877953911E+01    0.2602858773E+03
  6    ***    0.12929E-01    0.6917482382E+01    0.2560780233E+03
  6    ***    0.12929E-01    0.6957010852E+01    0.2559615342E+03
  6    ***    0.12929E-01    0.6996539323E+01    0.2574160928E+03
  6    ***    0.12929E-01    0.7036067794E+01    0.2574387544E+03
  6    ***    0.12929E-01    0.7075596265E+01    0.2552813189E+03
  6    ***    0.12929E-01    0.7115124735E+01    0.2559436105E+03
  6    ***    0.12929E-01    0.7154653206E+01    0.2590326497E+03
  6    ***    0.12929E-01    0.7194181677E+01    0.2532841747E+03
  6    ***    0.12929E-01    0.7233710148E+01    0.2562571907E+03
  6    ***    0.12929E-01    0.7273238618E+01    0.2584243768E+03
  6    ***    0.12929E-01    0.7312767089E+01    0.2532143355E+03
  6    ***    0.12929E-01    0.7352295560E+01    0.2576551795E+03
  6    ***    0.12929E-01    0.7391824031E+01    0.2544021362E+03
  6    ***    0.12929E-01    0.7431352501E+01    0.2458997913E+03
  6    ***    0.12929E-01    0.7470880972E+01    0.2446385124E+03
  6    ***    0.12929E-01    0.7510409443E+01    0.2478375891E+03
  6    ***    0.12929E-01    0.7549937914E+01    0.2445012035E+03
  6    ***    0.12929E-01    0.7589466384E+01    0.2482030341E+03
  6    ***    0.12929E-01    0.7628994855E+01    0.2482717899E+03
  6    ***    0.12929E-01    0.7668523326E+01    0.2448655689E+03
  6    ***    0.12929E-01    0.7708051797E+01    0.2461587725E+03
  6    ***    0.12929E-01    0.7747580267E+01    0.2455630789E+03
  6    ***    0.12929E-01    0.7787108738E+01    0.2457544549E+03
  6    ***    0.12929E-01    0.7826637209E+01    0.2467725194E+03
  6    ***    0.12929E-01    0.7866165680E+01    0.2468498245E+03
  6    ***    0.12929E-01    0.7905694150E+01    0.2461809192E+03
