  7    ***    0.12929E-01    0.3952847075E-01    0.0000000000E+00
  7    ***    0.12929E-01    0.7905694150E-01    0.0000000000E+00
  7    ***    0.12929E-01    0.1185854123E+00    0.0000000000E+00
  7    ***    0.12929E-01    0.1581138830E+00    0.0000000000E+00
  7    ***    0.12929E-01    0.1976423538E+00    0.0000000000E+00
  7    ***    0.12929E-01    0.2371708245E+00    0.0000000000E+00
  7    ***    0.12929E-01    0.2766992953E+00    0.0000000000E+00
  7    ***    0.12929E-01    0.3162277660E+00    0.0000000000E+00
  7    ***    0.12929E-01    0.3557562368E+00    0.0000000000E+00
  7    ***    0.12929E-01    0.3952847075E+00    0.0000000000E+00
  7    ***    0.12929E-01    0.4348131783E+00    0.0000000000E+00
  7    ***    0.12929E-01    0.4743416490E+00    0.0000000000E+00
  7    ***    0.12929E-01    0.5138701198E+00    0.0000000000E+00
  7    ***    0.12929E-01    0.5533985905E+00    0.0000000000E+00
  7    ***    0.12929E-01    0.5929270613E+00    0.0000000000E+00
  7    ***    0.12929E-01    0.6324555320E+00    0.0000000000E+00
  7    ***    0.12929E-01    0.6719840028E+00    0.0000000000E+00
  7    ***    0.12929E-01    0.7115124735E+00    0.0000000000E+00
  7    ***    0.12929E-01    0.7510409443E+00    0.0000000000E+00
  7    ***    0.12929E-01    0.7905694150E+00    0.0000000000E+00
  7    ***    0.12929E-01    0.8300978858E+00    0.0000000000E+00
  7    ***    0.12929E-01    0.8696263565E+00    0.0000000000E+00
  7    ***    0.12929E-01    0.9091548273E+00    0.0000000000E+00
  7    ***    0.12929E-01    0.9486832981E+00    0.0000000000E+00
  7    ***    0.12929E-01    0.9882117688E+00    0.0000000000E+00
  7    ***    0.12929E-01    0.1027740240E+01    0.4273291498E+03
  7    ***    0.12929E-01    0.1067268710E+01    0.6544611416E+02
  7    ***    0.12929E-01    0.1106797181E+01    0.5054683827E+02
  7    ***    0.12929E-01    0.1146325652E+01    0.4276893535E+02
  7    ***    0.12929E-01    0.1185854123E+01    0.3897120089E+02
  7    ***    0.12929E-01    0.1225382593E+01    0.3780477809E+02
  7    ***    0.12929E-01    0.1264911064E+01    0.3582855659E+02
  7    ***    0.12929E-01    0.1304439535E+01    0.3347248822E+02
  7    ***    0.12929E-01    0.1343968006E+01    0.3308142387E+02
  7    ***    0.12929E-01    0.1383496476E+01    0.3452385950E+02
  7    ***    0.12929E-01    0.1423024947E+01    0.2991694495E+02
  7    ***    0.12929E-01    0.1462553418E+01    0.3428793397E+02
  7    ***    0.12929E-01    0.1502081889E+01    0.3245006598E+02
  7    ***    0.12929E-01    0.1541610359E+01    0.3225981129E+02
  7    ***    0.12929E-01    0.1581138830E+01    0.3436564861E+02
  7    ***    0.12929E-01    0.1620667301E+01    0.3158891591E+02
  7    ***    0.12929E-01    0.1660195772E+01    0.3053320470E+02
  7    ***    0.12929E-01    0.1699724242E+01    0.3122083226E+02
  7    ***    0.12929E-01    0.1739252713E+01    0.3062799677E+02
  7    ***    0.12929E-01    0.1778781184E+01    0.3348000073E+02
  7    ***    0.12929E-01    0.1818309655E+01    0.3222182186E+02
  7    ***    0.12929E-01    0.1857838125E+01    0.3412829610E+02
  7    ***    0.12929E-01    0.1897366596E+01    0.3163709881E+02
  7    ***    0.12929E-01    0.1936895067E+01    0.3573121450E+02
  7    ***    0.12929E-01    0.1976423538E+01    0.3868590455E+02
  7    ***    0.12929E-01    0.2015952008E+01    0.4585343205E+02
  7    ***    0.12929E-01    0.2055480479E+01    0.3676159845E+02
  7    ***    0.12929E-01    0.2095008950E+01    0.3456097588E+02
  7    ***    0.12929E-01    0.2134537421E+01    0.3367381445E+02
  7    ***    0.12929E-01    0.2174065891E+01    0.3296872744E+02
  7    ***    0.12929E-01    0.2213594362E+01    0.3124904550E+02
  7    ***    0.12929E-01    0.2253122833E+01    0.3195793699E+02
  7    ***    0.12929E-01    0.2292651304E+01    0.3118957113E+02
  7    ***    0.12929E-01    0.2332179774E+01    0.3009923774E+02
  7    ***    0.12929E-01    0.2371708245E+01    0.3262917072E+02
  7    ***    0.12929E-01    0.2411236716E+01    0.3087763736E+02
  7    ***    0.12929E-01    0.2450765187E+01    0.3017681236E+02
  7    ***    0.12929E-01    0.2490293657E+01    0.3092172582E+02
  7    ***    0.12929E-01    0.2529822128E+01    0.3160040193E+02
  7    ***    0.12929E-01    0.2569350599E+01    0.3258440427E+02
  7    ***    0.12929E-01    0.2608879070E+01    0.3168260599E+02
  7    ***    0.12929E-01    0.2648407540E+01    0.3252345223E+02
  7    ***    0.12929E-01    0.2687936011E+01    0.3329914385E+02
  7    ***    0.12929E-01    0.2727464482E+01    0.3318973038E+02
  7    ***    0.12929E-01    0.2766992953E+01    0.3368924662E+02
  7    ***    0.12929E-01    0.2806521423E+01    0.3327880947E+02
  7    ***    0.12929E-01    0.2846049894E+01    0.3426646734E+02
  7    ***    0.12929E-01    0.2885578365E+01    0.3526434491E+02
  7    ***    0.12929E-01    0.2925106836E+01    0.3353730284E+02
  7    ***    0.12929E-01    0.2964635306E+01    0.3396216944E+02
  7    ***    0.12929E-01    0.3004163777E+01    0.3368322893E+02
  7    ***    0.12929E-01    0.3043692248E+01    0.3324292528E+02
  7    ***    0.12929E-01    0.3083220719E+01    0.3282274639E+02
  7    ***    0.12929E-01    0.3122749189E+01    0.3484405188E+02
  7    ***    0.12929E-01    0.3162277660E+01    0.3498659405E+02
  7    ***    0.12929E-01    0.3201806131E+01    0.3628126398E+02
  7    ***    0.12929E-01    0.3241334602E+01    0.3457795737E+02
  7    ***    0.12929E-01    0.3280863072E+01    0.3573919097E+02
  7    ***    0.12929E-01    0.3320391543E+01    0.3405877661E+02
  7    ***    0.12929E-01    0.3359920014E+01    0.3626748759E+02
  7    ***    0.12929E-01    0.3399448485E+01    0.3404836135E+02
  7    ***    0.12929E-01    0.3438976955E+01    0.3503641210E+02
  7    ***    0.12929E-01    0.3478505426E+01    0.3504731297E+02
  7    ***    0.12929E-01    0.3518033897E+01    0.3554136691E+02
  7    ***    0.12929E-01    0.3557562368E+01    0.3757218458E+02
  7    ***    0.12929E-01    0.3597090838E+01    0.3550626608E+02
  7    ***    0.12929E-01    0.3636619309E+01    0.3587520559E+02
  7    ***    0.12929E-01    0.3676147780E+01    0.3542129472E+02
  7    ***    0.12929E-01    0.3715676251E+01    0.3515866031E+02
  7    ***    0.12929E-01    0.3755204721E+01    0.3533273420E+02
  7    ***    0.12929E-01    0.3794733192E+01    0.3479921442E+02
  7    ***    0.12929E-01    0.3834261663E+01    0.3456526504E+02
  7    ***    0.12929E-01    0.3873790134E+01    0.3231634318E+02
  7    ***    0.12929E-01    0.3913318604E+01    0.3195378837E+02
  7    ***    0.12929E-01    0.3952847075E+01    0.3155074795E+02
  7    ***    0.12929E-01    0.3992375546E+01    0.3184492457E+02
  7    ***    0.12929E-01    0.4031904017E+01    0.3250126875E+02
  7    ***    0.12929E-01    0.4071432487E+01    0.3136930989E+02
  7    ***    0.12929E-01    0.4110960958E+01    0.3296890802E+02
  7    ***    0.12929E-01    0.4150489429E+01    0.3382958887E+02
  7    ***    0.12929E-01    0.4190017900E+01    0.3438430659E+02
  7    ***    0.12929E-01    0.4229546370E+01    0.3339832856E+02
  7    ***    0.12929E-01    0.4269074841E+01    0.3239911008E+02
  7    ***    0.12929E-01    0.4308603312E+01    0.3320201922E+02
  7    ***    0.12929E-01    0.4348131783E+01    0.3242129115E+02
  7    ***    0.12929E-01    0.4387660253E+01    0.3081892642E+02
  7    ***    0.12929E-01    0.4427188724E+01    0.3191282614E+02
  7    ***    0.12929E-01    0.4466717195E+01    0.3197925029E+02
  7    ***    0.12929E-01    0.4506245666E+01    0.3346843824E+02
  7    ***    0.12929E-01    0.4545774136E+01    0.3308124684E+02
  7    ***    0.12929E-01    0.4585302607E+01    0.3175419004E+02
  7    ***    0.12929E-01    0.4624831078E+01    0.3550935763E+02
  7    ***    0.12929E-01    0.4664359549E+01    0.3543254082E+02
  7    ***    0.12929E-01    0.4703888020E+01    0.3437710955E+02
  7    ***    0.12929E-01    0.4743416490E+01    0.3419172035E+02
  7    ***    0.12929E-01    0.4782944961E+01    0.3313592707E+02
  7    ***    0.12929E-01    0.4822473432E+01    0.3440017294E+02
  7    ***    0.12929E-01    0.4862001903E+01    0.3126452694E+02
  7    ***    0.12929E-01    0.4901530373E+01    0.3178665720E+02
  7    ***    0.12929E-01    0.4941058844E+01    0.3224040246E+02
  7    ***    0.12929E-01    0.4980587315E+01    0.3148029820E+02
  7    ***    0.12929E-01    0.5020115786E+01    0.3350213649E+02
  7    ***    0.12929E-01    0.5059644256E+01    0.3209429123E+02
  7    ***    0.12929E-01    0.5099172727E+01    0.3288558106E+02
  7    ***    0.12929E-01    0.5138701198E+01    0.3320844700E+02
  7    ***    0.12929E-01    0.5178229669E+01    0.3324017047E+02
  7    ***    0.12929E-01    0.5217758139E+01    0.3126262998E+02
  7    ***    0.12929E-01    0.5257286610E+01    0.3084218598E+02
  7    ***    0.12929E-01    0.5296815081E+01    0.3124189676E+02
  7    ***    0.12929E-01    0.5336343552E+01    0.3230715181E+02
  7    ***    0.12929E-01    0.5375872022E+01    0.3179810051E+02
  7    ***    0.12929E-01    0.5415400493E+01    0.3230639357E+02
  7    ***    0.12929E-01    0.5454928964E+01    0.3340486703E+02
  7    ***    0.12929E-01    0.5494457435E+01    0.3299207277E+02
  7    ***    0.12929E-01    0.5533985905E+01    0.3363664613E+02
  7    ***    0.12929E-01    0.5573514376E+01    0.3309758255E+02
  7    ***    0.12929E-01    0.5613042847E+01    0.3296445675E+02
  7    ***    0.12929E-01    0.5652571318E+01    0.3286179144E+02
  7    ***    0.12929E-01    0.5692099788E+01    0.3309180631E+02
  7    ***    0.12929E-01    0.5731628259E+01    0.3298028189E+02
  7    ***    0.12929E-01    0.5771156730E+01    0.3373370146E+02
  7    ***    0.12929E-01    0.5810685201E+01    0.3292403362E+02
  7    ***    0.12929E-01    0.5850213671E+01    0.3410498006E+02
  7    ***    0.12929E-01    0.5889742142E+01    0.3386159849E+02
  7    ***    0.12929E-01    0.5929270613E+01    0.3215433752E+02
  7    ***    0.12929E-01    0.5968799084E+01    0.3347026691E+02
  7    ***    0.12929E-01    0.6008327554E+01    0.3192707688E+02
  7    ***    0.12929E-01    0.6047856025E+01    0.3216745782E+02
  7    ***    0.12929E-01    0.6087384496E+01    0.3255069384E+02
  7    ***    0.12929E-01    0.6126912967E+01    0.3233561452E+02
  7    ***    0.12929E-01    0.6166441437E+01    0.3189621997E+02
  7    ***    0.12929E-01    0.6205969908E+01    0.3195709222E+02
  7    ***    0.12929E-01    0.6245498379E+01    0.3301314775E+02
  7    ***    0.12929E-01    0.6285026850E+01    0.3525119655E+02
  7    ***    0.12929E-01    0.6324555320E+01    0.3418721352E+02
  7    ***    0.12929E-01    0.6364083791E+01    0.3297571427E+02
  7    ***    0.12929E-01    0.6403612262E+01    0.3405396763E+02
  7    ***    0.12929E-01    0.6443140733E+01    0.3493090250E+02
  7    ***    0.12929E-01    0.6482669203E+01    0.3402781355E+02
  7    ***    0.12929E-01    0.6522197674E+01    0.3534832899E+02
  7    ***    0.12929E-01    0.6561726145E+01    0.3339503454E+02
  7    ***    0.12929E-01    0.6601254616E+01    0.3264387369E+02
  7    ***    0.12929E-01    0.6640783086E+01    0.3348683348E+02
  7    ***    0.12929E-01    0.6680311557E+01    0.3343317986E+02
  7    ***    0.12929E-01    0.6719840028E+01    0.3341621567E+02
  7    ***    0.12929E-01    0.6759368499E+01    0.3330386416E+02
  7    ***    0.12929E-01    0.6798896969E+01    0.3380259201E+02
  7    ***    0.12929E-01    0.6838425440E+01    0.3396880087E+02
  7    ***    0.12929E-01    0.6877953911E+01    0.3369865124E+02
  7    ***    0.12929E-01    0.6917482382E+01    0.3438500743E+02
  7    ***    0.12929E-01    0.6957010852E+01    0.3342683055E+02
  7    ***    0.12929E-01    0.6996539323E+01    0.3488411846E+02
  7    ***    0.12929E-01    0.7036067794E+01    0.3424380744E+02
  7    ***    0.12929E-01    0.7075596265E+01    0.3466825612E+02
  7    ***    0.12929E-01    0.7115124735E+01    0.3430109698E+02
  7    ***    0.12929E-01    0.7154653206E+01    0.3489734446E+02
  7    ***    0.12929E-01    0.7194181677E+01    0.3485098655E+02
  7    ***    0.12929E-01    0.7233710148E+01    0.3412049425E+02
  7    ***    0.12929E-01    0.7273238618E+01    0.3626223229E+02
  7    ***    0.12929E-01    0.7312767089E+01    0.3707047861E+02
  7    ***    0.12929E-01    0.7352295560E+01    0.3515376632E+02
  7    ***    0.12929E-01    0.7391824031E+01    0.3421521216E+02
  7    ***    0.12929E-01    0.7431352501E+01    0.3394218955E+02
  7    ***    0.12929E-01    0.7470880972E+01    0.3415479151E+02
  7    ***    0.12929E-01    0.7510409443E+01    0.3580210742E+02
  7    ***    0.12929E-01    0.7549937914E+01    0.3475153056E+02
  7    ***    0.12929E-01    0.7589466384E+01    0.3516224425E+02
  7    ***    0.12929E-01    0.7628994855E+01    0.3379078538E+02
  7    ***    0.12929E-01    0.7668523326E+01    0.3414957867E+02
  7    ***    0.12929E-01    0.7708051797E+01    0.3475256604E+02
  7    ***    0.12929E-01    0.7747580267E+01    0.3334867279E+02
  7    ***    0.12929E-01    0.7787108738E+01    0.3411547626E+02
  7    ***    0.12929E-01    0.7826637209E+01    0.3357484329E+02
  7    ***    0.12929E-01    0.7866165680E+01    0.3321754755E+02
  7    ***    0.12929E-01    0.7905694150E+01    0.3537925301E+02
