   4.6332251126963833        11.245929080910310     
  -11.438293073246284        7.7878302985831995     
  0.10490556334209182       0.19229400142726061     
   7.4644845582965633       -4.2880592880713282     
   1.5543891285917264       -4.6762680037553368     
   11.091367346951087       -1.9719151431440181     
   6.9423036713049306       -2.7150779511072467     
  -2.4678886705576035        5.8972117185167381     
 -0.62152529088620923        3.0723049105119347     
 -0.72733630512474579        12.586088373535464     
   9.7591382009312895        6.6964664577108293     
  -10.129160310336845        9.6166540337803177     
  -4.1495322436213531        8.1703613830528194     
   5.9492237910108674       -2.8359558549281632     
  -12.813452082916641       0.38092307820283033     
   7.1793080014546709        10.234961454077306     
   1.6514490333562482       -12.327424372473295     
   10.102957171736318        5.6110039393202387     
   4.4405315557713134        12.223265926990818     
  -5.2194071754807423        7.0274387847001121     
   8.6905438643140567        8.6402822448844869     
   10.058202309798018        7.6469546277515326     
   10.616027868780963        9.6029317067126652     
   3.4300354618313285        3.6317398134983314     
   2.1721512236757814        11.495935308506182     
   2.5810859768812455        4.1646263685672738     
  0.90110478720939335        1.6347015557294284     
   9.9446572887532145        10.342153257451253     
  -6.7860664747210464        13.709324937259355     
 -0.27859374569325324        8.3173575112994307     
   4.0969821883204167        6.8543335898909463     
   5.5469597437108291       -9.1762987283189066     
   1.9696624482274818      -0.63540658522343474     
   7.6977662909143820        12.862596444337152     
   4.4830536238072662       -3.4479501206135637     
  -4.2664181410684172       -4.7025251578545983     
   1.7361988035703073        13.226415209101106     
   7.0284337341011547        13.600859102217880     
 -0.93471833678765781        1.5794089175692845     
   6.1612102223507845        8.4060883462387341     
  0.30915181352140630        2.7146228859417190     
   6.0857814702322353        11.013234788296931     
   15.309282837414377       0.13907520213646826     
  -12.839820606330131        7.8203034762828123     
  -2.0960330737080377        12.087391045945944     
  -6.3278006900688775       -12.085658452792904     
   7.3144320480763811       -1.7873486224754318     
   4.2363977770704127        8.7052396154980247     
  -4.3011724434664300       -10.449000807063154     
 -0.94255494778640314       -1.4347004412374342     
   5.1964553013036676       -1.2630715852755070     
   4.8421137125640730        1.5656953145720827     
  -1.5287986334603546E-002  -9.5627580520225415     
   10.767560024536996       -4.1163960609431669     
   9.1139971781400142        5.9354502508387732     
  -2.6636057300216072E-002  -6.8384847082455122     
  -2.7509133762138043        4.2675109004804623     
   11.952908487641064       -1.3652103727083700     
   5.0872740319549150       -11.166068629667857     
  -11.063225278238122        1.5507222290297873     
   10.067390688417570        8.7677760576003507     
  -4.0756790923876478       -6.4681416358691086     
  0.55434852117929545        13.705614071762787     
  -5.6128972820645746       -11.386649989810664     
   8.0121736383745041        10.865119139644598     
   12.953484517474267       0.83587407464828789     
   12.039927774675125       -7.4429272559054684     
  -5.4935746507872736       -4.7844953562554364     
   1.1085723826109168       -9.9790035895148943     
   3.7937843150854804        7.8065639812063363     
  -6.9734718229328685        5.9254155252683889     
  -2.0691985246170699       -3.9800232872105989     
  -11.121970221758223        9.7573278253736557     
   8.2799935588045255       -5.8449331147449541     
   7.9871730158204679        9.6511247140219041     
  -5.6626832876964270        9.4129326019193833     
  -8.1605313266004134E-002  -2.1837500869654853     
  -15.273616549384702       0.63722186574540107     
   5.7575415451530487       -7.3082084966905656     
  -8.4813298197075024       -3.0065370595488958     
   3.4985211654146204        1.7811031765382306     
  -5.3371229208000609E-003   1.2164502268145418     
  -13.944159991049421       -2.0045640370661686     
   3.6783435324255258       -2.4730180329393336     
  -2.0548307098933560        4.9892766932547419     
  -9.8526625674562176        8.4435725280549008     
  -8.5876172299357414        7.1181423703125262     
   7.3663686064519479E-002  -4.5224360223731299     
  -3.6473907465283504        6.3139792101292791     
  -2.4831798564071610        2.1506300743767812     
  -10.730086337205636       -1.7184308774937398     
   7.6762648528191830        8.7040046170613845     
   6.8641504120142010      -0.89387886386617510     
  0.11199213270652979       -12.872985397894720     
  -1.8173115380060525       -12.489949611543812     
   2.5853847575588351       0.81000243018473717     
  -1.1897895006785975        14.676337768770175     
   9.2867977665910200       -9.5266422411971501     
   2.8923099985949410       -7.4050948097723968     
   2.5843212457065570       -2.9112046348752951     
   6.4397682874337239        12.073892765704889     
  -5.3470615046369199        3.0210687008702228     
  0.39253983609428855        11.116765650667324     
   12.197844022528679       -9.0668531050723598     
   6.7417662425861788        6.8208181991388450     
   9.9217226716586637      -0.68666221803538219     
   4.8485977945027345       -6.5059615787365486     
  -4.5057646202037285        2.0012049522814523     
  -8.0066558130664998        12.244405473745896     
  0.88663901253904276       -15.284818454292777     
  -5.8224674729846555       -9.8553896017804021     
  -12.477760879334991        8.8730232830364137     
  -8.7982199505422987       -9.4272188178148983     
   7.0125449472494346        1.5569455615644510     
  -7.9135154484280648       -10.057659604380314     
   11.536317090736892        10.064348633716794     
  0.89748665384971693        9.4016047012707578     
 -0.69865451323883743      -0.40168402071443859     
   8.2629536429933452       0.40321466708987846     
  0.11902729866984260        14.602142389519207     
   8.0099056594653728        7.5210091656898594     
  -1.7026826177201457       -6.5285408050288218     
  -10.909683422621640        4.5890619413010034     
  -13.257063200910581        6.7649050019702415     
   10.972913581253978       -6.8776227846797138     
   5.7687427650677412        7.2872104005411007     
  -7.0951982751575615       -3.0366642931305776     
  -12.028681761371509        1.8021072407509624     
   2.4356235399969908       -11.077293655306226     
  -3.0355255275767767       -14.174923861253285     
  -5.7320386859680168        11.371442685590930     
  -5.6554151319314476        2.0461539563730033     
  -10.998366299783999       -6.4599725710597031     
  -15.182398204256453       -1.9377903028680137     
   10.011976254252364        3.2438929070877554     
   9.0916485959883619       -8.5501072281397228     
  -13.886267480700882       -1.0069528500656375     
  -7.8403346412909309        6.4148640461321822     
  -3.0066800572136145       -11.888681870260424     
  -8.8085482461521281        6.1424708429153849     
 -0.51770196774185506       -14.257476094516106     
  -6.4854300268187588      -0.12817285009412721     
   14.135550098804019       -5.8750687835617397     
   4.5137535079684161        5.1950032306854927     
   3.1234542385556803        6.3643786376226066     
   10.433972195348911        11.205147428638121     
   10.380383617569542       0.69269113938593230     
  -6.4336574925393206       -4.1658664368111200     
  -3.1536072552053072        13.821483448131278     
  -4.7215676150705086        11.074502620763212     
 -0.16643064809135980        9.3274917677202041     
   10.136060324693915       -11.320908245513499     
  -10.185124925681679        1.0732599839625054     
   2.4856013185063452        12.554579433010938     
   9.0174264058265869        7.6962857195345773     
 -0.41319350683625872       -10.601598288051825     
  -14.916381170463152       -3.4379753972562965     
  -4.3438904306066339       -2.0598633771498269     
  -6.0119967103220322        4.8253373213180373     
   9.0392963691876620        11.682884960123703     
   3.1548734171893176        10.357481722013121     
  -6.2612224534700500        8.6020940181563770     
   7.4397650861537619       -7.7113632576071565     
   12.069855882213636        5.7009815480939867     
   5.1692604776175601        8.3525658749751237     
  -6.2690182494490996       -8.8395317426617162     
  -6.9559028136374508       -2.0476459584969997     
  -14.518648304739969       -5.7624380871582927E-002
   8.0313833267753090        6.5167612427096975     
  0.38657302567761659       -13.832439056412305     
  -4.5554575541796822       -14.417272045707302     
  -2.5169341616893472       -5.9508966165131154     
  -5.4444335512064956        10.388701832849240     
 -0.80745405997483288       0.58980827484861698     
  -3.0157255303606045        8.3238874074255662     
  -12.203197175846531        7.0443312784023915     
   13.906235741680780        5.7967507162060237     
  -10.471415611172304       -4.1168997911359311     
   3.5635724700400777        9.4414514744819726     
   7.3477456427132690       -9.5985777275022652     
   3.9501370434230947       -6.0722941730433764     
   13.169308203825180       -2.5382059472460137     
  -11.292726904605543       -4.7379939184684448     
  0.25870951772561501        12.755980017022353     
   13.993214546297134        4.1493857804749984E-002
  -6.9209881707907073       -7.1809017500573553     
   7.4159652673300780        11.809878706693212     
  -5.8942605183492924       -7.1675850608110450     
   8.9773752675904088        10.608971860327737     
  -1.5147565304033470        2.3930688279171219     
  -1.9904061078928600E-002   4.6691394028426938     
  -6.7982636271620374       -10.097565022437024     
   6.5605363787646711        5.5660308500096320     
  -14.883379253487135      -0.98606014722821544     
   9.3987457293641743        9.5093086033215997     
   11.888508437853941       -3.5978390037470467     
  -1.8263556526212716       -10.484891403064941     
  0.52395378021001304        3.8305497014832528     
   4.2861211983527525       -1.6741070429129579     
  -12.712625698952374        5.8431249017474061     
