 10    ***    0.12929E-01    0.3227486122E-01    0.0000000000E+00
 10    ***    0.12929E-01    0.6454972244E-01    0.0000000000E+00
 10    ***    0.12929E-01    0.9682458366E-01    0.0000000000E+00
 10    ***    0.12929E-01    0.1290994449E+00    0.0000000000E+00
 10    ***    0.12929E-01    0.1613743061E+00    0.0000000000E+00
 10    ***    0.12929E-01    0.1936491673E+00    0.0000000000E+00
 10    ***    0.12929E-01    0.2259240285E+00    0.0000000000E+00
 10    ***    0.12929E-01    0.2581988897E+00    0.0000000000E+00
 10    ***    0.12929E-01    0.2904737510E+00    0.0000000000E+00
 10    ***    0.12929E-01    0.3227486122E+00    0.0000000000E+00
 10    ***    0.12929E-01    0.3550234734E+00    0.0000000000E+00
 10    ***    0.12929E-01    0.3872983346E+00    0.0000000000E+00
 10    ***    0.12929E-01    0.4195731958E+00    0.0000000000E+00
 10    ***    0.12929E-01    0.4518480571E+00    0.0000000000E+00
 10    ***    0.12929E-01    0.4841229183E+00    0.0000000000E+00
 10    ***    0.12929E-01    0.5163977795E+00    0.0000000000E+00
 10    ***    0.12929E-01    0.5486726407E+00    0.0000000000E+00
 10    ***    0.12929E-01    0.5809475019E+00    0.0000000000E+00
 10    ***    0.12929E-01    0.6132223631E+00    0.0000000000E+00
 10    ***    0.12929E-01    0.6454972244E+00    0.0000000000E+00
 10    ***    0.12929E-01    0.6777720856E+00    0.0000000000E+00
 10    ***    0.12929E-01    0.7100469468E+00    0.0000000000E+00
 10    ***    0.12929E-01    0.7423218080E+00    0.0000000000E+00
 10    ***    0.12929E-01    0.7745966692E+00    0.0000000000E+00
 10    ***    0.12929E-01    0.8068715305E+00    0.0000000000E+00
 10    ***    0.12929E-01    0.8391463917E+00    0.0000000000E+00
 10    ***    0.12929E-01    0.8714212529E+00    0.0000000000E+00
 10    ***    0.12929E-01    0.9036961141E+00    0.0000000000E+00
 10    ***    0.12929E-01    0.9359709753E+00    0.0000000000E+00
 10    ***    0.12929E-01    0.9682458366E+00    0.0000000000E+00
 10    ***    0.12929E-01    0.1000520698E+01    0.9614503148E+03
 10    ***    0.12929E-01    0.1032795559E+01    0.4281318495E+03
 10    ***    0.12929E-01    0.1065070420E+01    0.1403775981E+03
 10    ***    0.12929E-01    0.1097345281E+01    0.1048997356E+03
 10    ***    0.12929E-01    0.1129620143E+01    0.9022655185E+02
 10    ***    0.12929E-01    0.1161895004E+01    0.8736933890E+02
 10    ***    0.12929E-01    0.1194169865E+01    0.8087338522E+02
 10    ***    0.12929E-01    0.1226444726E+01    0.7532145616E+02
 10    ***    0.12929E-01    0.1258719588E+01    0.6899966198E+02
 10    ***    0.12929E-01    0.1290994449E+01    0.6570560729E+02
 10    ***    0.12929E-01    0.1323269310E+01    0.6169395759E+02
 10    ***    0.12929E-01    0.1355544171E+01    0.5964283554E+02
 10    ***    0.12929E-01    0.1387819032E+01    0.5692129729E+02
 10    ***    0.12929E-01    0.1420093894E+01    0.5551909813E+02
 10    ***    0.12929E-01    0.1452368755E+01    0.5658333761E+02
 10    ***    0.12929E-01    0.1484643616E+01    0.5319063135E+02
 10    ***    0.12929E-01    0.1516918477E+01    0.5675636405E+02
 10    ***    0.12929E-01    0.1549193338E+01    0.5699824354E+02
 10    ***    0.12929E-01    0.1581468200E+01    0.5374383497E+02
 10    ***    0.12929E-01    0.1613743061E+01    0.5162922049E+02
 10    ***    0.12929E-01    0.1646017922E+01    0.5482241715E+02
 10    ***    0.12929E-01    0.1678292783E+01    0.5445015094E+02
 10    ***    0.12929E-01    0.1710567645E+01    0.6156173829E+02
 10    ***    0.12929E-01    0.1742842506E+01    0.6905480118E+02
 10    ***    0.12929E-01    0.1775117367E+01    0.6735787625E+02
 10    ***    0.12929E-01    0.1807392228E+01    0.7095270746E+02
 10    ***    0.12929E-01    0.1839667089E+01    0.7638535860E+02
 10    ***    0.12929E-01    0.1871941951E+01    0.8648285854E+02
 10    ***    0.12929E-01    0.1904216812E+01    0.9632220392E+02
 10    ***    0.12929E-01    0.1936491673E+01    0.1091519373E+03
 10    ***    0.12929E-01    0.1968766534E+01    0.1218437631E+03
 10    ***    0.12929E-01    0.2001041396E+01    0.1977392771E+03
 10    ***    0.12929E-01    0.2033316257E+01    0.1020547332E+03
 10    ***    0.12929E-01    0.2065591118E+01    0.9101557388E+02
 10    ***    0.12929E-01    0.2097865979E+01    0.8319287965E+02
 10    ***    0.12929E-01    0.2130140840E+01    0.8175169816E+02
 10    ***    0.12929E-01    0.2162415702E+01    0.7523792654E+02
 10    ***    0.12929E-01    0.2194690563E+01    0.7184466338E+02
 10    ***    0.12929E-01    0.2226965424E+01    0.6901144207E+02
 10    ***    0.12929E-01    0.2259240285E+01    0.6842883953E+02
 10    ***    0.12929E-01    0.2291515147E+01    0.6897526907E+02
 10    ***    0.12929E-01    0.2323790008E+01    0.7641574174E+02
 10    ***    0.12929E-01    0.2356064869E+01    0.7460305636E+02
 10    ***    0.12929E-01    0.2388339730E+01    0.6879304599E+02
 10    ***    0.12929E-01    0.2420614591E+01    0.6776027043E+02
 10    ***    0.12929E-01    0.2452889453E+01    0.6582395485E+02
 10    ***    0.12929E-01    0.2485164314E+01    0.6581566609E+02
 10    ***    0.12929E-01    0.2517439175E+01    0.6559730134E+02
 10    ***    0.12929E-01    0.2549714036E+01    0.6374956314E+02
 10    ***    0.12929E-01    0.2581988897E+01    0.6575361352E+02
 10    ***    0.12929E-01    0.2614263759E+01    0.6945403092E+02
 10    ***    0.12929E-01    0.2646538620E+01    0.7273869105E+02
 10    ***    0.12929E-01    0.2678813481E+01    0.8104285451E+02
 10    ***    0.12929E-01    0.2711088342E+01    0.8417104535E+02
 10    ***    0.12929E-01    0.2743363204E+01    0.8247578665E+02
 10    ***    0.12929E-01    0.2775638065E+01    0.8540682382E+02
 10    ***    0.12929E-01    0.2807912926E+01    0.8483160860E+02
 10    ***    0.12929E-01    0.2840187787E+01    0.8656282747E+02
 10    ***    0.12929E-01    0.2872462648E+01    0.9077550544E+02
 10    ***    0.12929E-01    0.2904737510E+01    0.9163910448E+02
 10    ***    0.12929E-01    0.2937012371E+01    0.9278750768E+02
 10    ***    0.12929E-01    0.2969287232E+01    0.1030614357E+03
 10    ***    0.12929E-01    0.3001562093E+01    0.1026960605E+03
 10    ***    0.12929E-01    0.3033836955E+01    0.8561616755E+02
 10    ***    0.12929E-01    0.3066111816E+01    0.7918067890E+02
 10    ***    0.12929E-01    0.3098386677E+01    0.8114602267E+02
 10    ***    0.12929E-01    0.3130661538E+01    0.8097011853E+02
 10    ***    0.12929E-01    0.3162936399E+01    0.8156046052E+02
 10    ***    0.12929E-01    0.3195211261E+01    0.7789899282E+02
 10    ***    0.12929E-01    0.3227486122E+01    0.8196847465E+02
 10    ***    0.12929E-01    0.3259760983E+01    0.7423049891E+02
 10    ***    0.12929E-01    0.3292035844E+01    0.7446256096E+02
 10    ***    0.12929E-01    0.3324310705E+01    0.7423297092E+02
 10    ***    0.12929E-01    0.3356585567E+01    0.7297446357E+02
 10    ***    0.12929E-01    0.3388860428E+01    0.7631152073E+02
 10    ***    0.12929E-01    0.3421135289E+01    0.7552060450E+02
 10    ***    0.12929E-01    0.3453410150E+01    0.7446717818E+02
 10    ***    0.12929E-01    0.3485685012E+01    0.7710028038E+02
 10    ***    0.12929E-01    0.3517959873E+01    0.7515985840E+02
 10    ***    0.12929E-01    0.3550234734E+01    0.7573856711E+02
 10    ***    0.12929E-01    0.3582509595E+01    0.8042725812E+02
 10    ***    0.12929E-01    0.3614784456E+01    0.8545207319E+02
 10    ***    0.12929E-01    0.3647059318E+01    0.8395005908E+02
 10    ***    0.12929E-01    0.3679334179E+01    0.8377579665E+02
 10    ***    0.12929E-01    0.3711609040E+01    0.8890659221E+02
 10    ***    0.12929E-01    0.3743883901E+01    0.8745777707E+02
 10    ***    0.12929E-01    0.3776158763E+01    0.8258898362E+02
 10    ***    0.12929E-01    0.3808433624E+01    0.8168671476E+02
 10    ***    0.12929E-01    0.3840708485E+01    0.8233830615E+02
 10    ***    0.12929E-01    0.3872983346E+01    0.8107818945E+02
 10    ***    0.12929E-01    0.3905258207E+01    0.8005876666E+02
 10    ***    0.12929E-01    0.3937533069E+01    0.8292090428E+02
 10    ***    0.12929E-01    0.3969807930E+01    0.8201117799E+02
 10    ***    0.12929E-01    0.4002082791E+01    0.8202343172E+02
 10    ***    0.12929E-01    0.4034357652E+01    0.8176550047E+02
 10    ***    0.12929E-01    0.4066632514E+01    0.7598450115E+02
 10    ***    0.12929E-01    0.4098907375E+01    0.7707477579E+02
 10    ***    0.12929E-01    0.4131182236E+01    0.7866723010E+02
 10    ***    0.12929E-01    0.4163457097E+01    0.8340561239E+02
 10    ***    0.12929E-01    0.4195731958E+01    0.8118843911E+02
 10    ***    0.12929E-01    0.4228006820E+01    0.7783445051E+02
 10    ***    0.12929E-01    0.4260281681E+01    0.8115425527E+02
 10    ***    0.12929E-01    0.4292556542E+01    0.7935021030E+02
 10    ***    0.12929E-01    0.4324831403E+01    0.7808439551E+02
 10    ***    0.12929E-01    0.4357106264E+01    0.7893517189E+02
 10    ***    0.12929E-01    0.4389381126E+01    0.7861572935E+02
 10    ***    0.12929E-01    0.4421655987E+01    0.8043515928E+02
 10    ***    0.12929E-01    0.4453930848E+01    0.8114656566E+02
 10    ***    0.12929E-01    0.4486205709E+01    0.7867793011E+02
 10    ***    0.12929E-01    0.4518480571E+01    0.7843520682E+02
 10    ***    0.12929E-01    0.4550755432E+01    0.8012437551E+02
 10    ***    0.12929E-01    0.4583030293E+01    0.8283345550E+02
 10    ***    0.12929E-01    0.4615305154E+01    0.8160169905E+02
 10    ***    0.12929E-01    0.4647580015E+01    0.8404268270E+02
 10    ***    0.12929E-01    0.4679854877E+01    0.8690102205E+02
 10    ***    0.12929E-01    0.4712129738E+01    0.8640177298E+02
 10    ***    0.12929E-01    0.4744404599E+01    0.8622221758E+02
 10    ***    0.12929E-01    0.4776679460E+01    0.8231601558E+02
 10    ***    0.12929E-01    0.4808954322E+01    0.7957361324E+02
 10    ***    0.12929E-01    0.4841229183E+01    0.7671119216E+02
 10    ***    0.12929E-01    0.4873504044E+01    0.7794087228E+02
 10    ***    0.12929E-01    0.4905778905E+01    0.8193779713E+02
 10    ***    0.12929E-01    0.4938053766E+01    0.8512086430E+02
 10    ***    0.12929E-01    0.4970328628E+01    0.8107591274E+02
 10    ***    0.12929E-01    0.5002603489E+01    0.7997757368E+02
 10    ***    0.12929E-01    0.5034878350E+01    0.7705924118E+02
 10    ***    0.12929E-01    0.5067153211E+01    0.7883834175E+02
 10    ***    0.12929E-01    0.5099428073E+01    0.7811789440E+02
 10    ***    0.12929E-01    0.5131702934E+01    0.7840906340E+02
 10    ***    0.12929E-01    0.5163977795E+01    0.7790469821E+02
 10    ***    0.12929E-01    0.5196252656E+01    0.7693064055E+02
 10    ***    0.12929E-01    0.5228527517E+01    0.7466308226E+02
 10    ***    0.12929E-01    0.5260802379E+01    0.7576441293E+02
 10    ***    0.12929E-01    0.5293077240E+01    0.7488361751E+02
 10    ***    0.12929E-01    0.5325352101E+01    0.8190839002E+02
 10    ***    0.12929E-01    0.5357626962E+01    0.8336449370E+02
 10    ***    0.12929E-01    0.5389901823E+01    0.8304121840E+02
 10    ***    0.12929E-01    0.5422176685E+01    0.8134138340E+02
 10    ***    0.12929E-01    0.5454451546E+01    0.7811419061E+02
 10    ***    0.12929E-01    0.5486726407E+01    0.7964244808E+02
 10    ***    0.12929E-01    0.5519001268E+01    0.8199513314E+02
 10    ***    0.12929E-01    0.5551276130E+01    0.8125569778E+02
 10    ***    0.12929E-01    0.5583550991E+01    0.8576836817E+02
 10    ***    0.12929E-01    0.5615825852E+01    0.8333077624E+02
 10    ***    0.12929E-01    0.5648100713E+01    0.8305170083E+02
 10    ***    0.12929E-01    0.5680375574E+01    0.8394239788E+02
 10    ***    0.12929E-01    0.5712650436E+01    0.8639272968E+02
 10    ***    0.12929E-01    0.5744925297E+01    0.8524607746E+02
 10    ***    0.12929E-01    0.5777200158E+01    0.8413509848E+02
 10    ***    0.12929E-01    0.5809475019E+01    0.8383094282E+02
 10    ***    0.12929E-01    0.5841749881E+01    0.8408318766E+02
 10    ***    0.12929E-01    0.5874024742E+01    0.8301381530E+02
 10    ***    0.12929E-01    0.5906299603E+01    0.8207895121E+02
 10    ***    0.12929E-01    0.5938574464E+01    0.8292501606E+02
 10    ***    0.12929E-01    0.5970849325E+01    0.8113399826E+02
 10    ***    0.12929E-01    0.6003124187E+01    0.7841782831E+02
 10    ***    0.12929E-01    0.6035399048E+01    0.7969045875E+02
 10    ***    0.12929E-01    0.6067673909E+01    0.8245431386E+02
 10    ***    0.12929E-01    0.6099948770E+01    0.8459984430E+02
 10    ***    0.12929E-01    0.6132223631E+01    0.8047142680E+02
 10    ***    0.12929E-01    0.6164498493E+01    0.8223055521E+02
 10    ***    0.12929E-01    0.6196773354E+01    0.8247666791E+02
 10    ***    0.12929E-01    0.6229048215E+01    0.8176248289E+02
 10    ***    0.12929E-01    0.6261323076E+01    0.8069772494E+02
 10    ***    0.12929E-01    0.6293597938E+01    0.8105266194E+02
 10    ***    0.12929E-01    0.6325872799E+01    0.8216465522E+02
 10    ***    0.12929E-01    0.6358147660E+01    0.8196941240E+02
 10    ***    0.12929E-01    0.6390422521E+01    0.8353482899E+02
 10    ***    0.12929E-01    0.6422697382E+01    0.8211336703E+02
 10    ***    0.12929E-01    0.6454972244E+01    0.8375937737E+02
