   2.2646623046520147       -10.390622567573709     
   2.6974438083098131       -9.1444771971198069     
  -3.2444340815371371        5.0825724122265576     
   6.2378519786489974        7.8339411775774854     
   8.8205512222905309        4.2385707045066940     
   4.7294877714908496        10.398849419539774     
 -0.55827440531604677      -0.33598715128548756     
   4.7906017988533920       -6.3553345206555640     
 -0.32838824552811730       0.67550379468682276     
   4.0817104704300551       -3.2969048236379077     
   4.7083540983198953        5.4676376775642828     
  -2.5707372918460494        1.6190422108649898     
   9.0344763293916657        5.2566404399430660     
   5.2051073117959472       -7.3341482884681399     
   3.3382268031876317        7.0017069806918100     
   6.2392550911555515       -7.3976486645262698     
  -2.8940610030118719        9.3762615910446367     
  -10.771126897235305       -6.1629246310421921     
   11.162954247805880        2.3715343345778535     
   7.8867053982259012       -2.9991805435434582     
   3.6452692163444569       -4.2750872609023824     
   1.6444558071948723       0.28230533635726685     
  -3.1891891577780616       -1.7714965865308903     
   2.9636709075827516       -5.0514231865491359     
  -2.2917507976490774      -0.33329675349932114     
   5.3468350667919848        11.188553969106403     
   9.3325735555088780       -2.4060033488222969     
   7.3270339787107224       -2.1700171501461702     
   7.8713020825057569        7.1842546879316931     
  -7.4743045637958216        2.2479140886721245     
  -9.7882880826340628       -6.3482275448840806     
   4.8662056505321161       0.51585777887751927     
  -8.6790587372887860        8.6073231881274168     
   3.7708324943396350        10.051150221779199     
  -1.6357860095284313       -8.2731612842596700     
   11.414762570478899        3.3566746499647016     
   3.2613987538201998        4.0841698474010126     
   1.6791229008298187       -3.8959628243884157     
   6.3520900097048374        5.1293990628347785     
  -10.212784984775885        3.6841556698378346     
  -4.2400524744885884        4.9858666556381959     
  -7.6765955561027388        8.4689719725771369     
 -0.21296127722794739        12.256176979835928     
   3.9754225510577919        4.7857758064101672     
  -1.6579641513401768        5.4536513288522306     
   2.7308304262645340       -11.275308480046668     
  -5.6040816462345537        7.9512979858886634     
  -5.0109160911084105        3.1412632268760987     
  -1.4254514214407676      -0.83391937693190976     
   2.0548741969437669        1.1940928186683666     
  -7.0810341565433523       -4.4152016352027026     
  -1.8153634004054384        6.5040829816709937     
  -2.3030667522170334       -7.5286596121138079     
  0.10367789172269848        1.6394436266265717     
   1.3365252634289555       -8.6138087767867777     
  -1.3370714371627574        8.5464063734892619     
  -4.6479420266654374        4.0730189533538628     
  -10.125120762683652       -1.2480143791423912     
 -0.10642011339949498       -4.3582248566364479     
  -3.7208410876543541        9.9967081044481745     
  -4.5289071464858521        10.594004374128975     
  -7.6054220162630539       -2.4310732466751577     
  -11.231700173822295       -5.2754034776983989     
 -0.89145992226623383        9.4416853732027430     
   8.6894215380193351        3.2463591514095569     
  -6.4788531192969803        2.1556659045344593     
  -8.0051669679141320        6.7181802134804540     
   4.2244660818596733        3.8119111579665934     
   5.7787007613507857       -6.5101531462585482     
  -2.3047783527289263       -9.0163936551706243     
  -8.5901434118980813       -2.6909763821124901     
   5.3987731870836067      -0.33133321990067804     
  -9.4196846717854914       -2.0518423002641986     
  -7.0500410737803785        6.4234259984712763     
  -2.3360621709062550        8.5030764434093449     
   7.2232918103630963        8.0094803356594326     
   2.4585601301827129        3.3977426101537151     
  -10.469340912074600        1.6969027855292380     
   3.5057536378680934        3.1139672259759799     
   10.199776416048476       0.95015186860680112     
  -7.2710480332392784       -8.2652807226047376     
   8.2026330929299682       -9.3112768968904813     
  0.25880214852626965      -0.91670297091117459     
  -5.0587303932678189        7.1102216931586115     
 -0.79183375802514155        11.440583017502467     
   6.8760838939610140        7.0615275838952174     
  -6.2726803785586753       -8.3187369211278366     
  -9.3666066078889720        7.8731161123678985     
  -1.3756525566378450        4.3732883741484176     
  -6.2980833134850691       -10.044013863374378     
   6.3372587925600925        1.5474844658701329E-002
   3.6649150528917218       -10.918017464561164     
   2.7592590434627038        2.4422626018316929     
  -9.4942325644787875       -7.3048235137482296     
  -8.7959280920970926       -6.4863508604122995     
  0.25786947310678021        11.365590609832138     
  -4.2984111024746232       -3.0629329149767694     
   5.9374888746310877       -2.8320337675914886     
   7.1699049761969960        1.8325295240150024     
   7.3681467830611034        9.5161359177667826E-002
   9.8384581035429850        7.5623184811717952     
 -0.32366119631690965        8.6156237388316494     
   1.0948235496472669        11.916687884727658     
  -5.6998543915685849       -7.4765872318025215     
  -6.6153276672745429       -2.7081720512052798     
   6.7862369344341751       0.90915503716742241     
  -1.9648614252602181        7.5005819056176861     
   1.7682740786296891       -9.5173972250499297     
 -0.71442338611554501        5.1242365960265479     
  -2.8656008665514121       -11.979665696282536     
   11.127830280555688       -3.0908532746722805     
  -9.7282103473632711E-002   6.6873665124353554     
 -0.61082137450947627       -1.4136801726722634     
   4.9705531384788451        4.5025993020954580     
  -12.152878252256457        2.1717482324009603     
  -9.2227130404199595       -5.5236318923159189     
  -8.3079340619942244        7.6774947191855487     
  -1.2887027241831017       -7.3311545883561928     
   1.2350635580090801       -10.363872432362349     
  -2.7502316281298986        6.8580171016899403     
   4.5674772325136201        9.4124358827768475     
   9.2702620109204226       -6.6930057088227155     
   4.0828853072875049       -2.2113420965950339     
   2.6592066493018507       -4.0980377089206987     
  -2.3191712596768221        4.7035332193579782     
   3.2157099680675820       -6.0191834459898770     
   2.9664748188818550        5.0466115922990689     
   1.4079330800373100        3.5338299423243948     
  -1.3400775515229186        2.6246880822869159     
   12.092357902528972       -2.7872239466655122     
  -2.7611921427425954        10.367532701345141     
   2.0345438653605088        5.4092034007919070     
  -5.4204690442011882        2.2281207016521374     
   9.1940986010218193        8.3345454633987028     
  0.29109957973667266       -8.5417052890176581     
  -7.3941344751188289       -3.4101738250893026     
 -0.61236888956086710       -2.4325217400414756     
  -6.0085270929874826        3.0375477277734242     
   6.5782784261033900        8.7750366140773846     
   10.422908513341365        3.0439154582187613     
  -2.5842469165014532       -6.5408974953003858     
   7.2748583611450144       -7.5849897801057500     
   6.8939409752026641       -3.1229504232262841     
  -2.5841971571877433        5.8341043918538178     
  -10.408408887109589       -2.2067663499164971     
   9.6669429197893653       -7.6515029039721023     
  -1.4720150305797826       -1.9225638118177069     
  0.24358004794021879       -5.2953081555399359     
  -8.4194539030355706       -3.6860076378562061     
  -2.2861848141820111       -1.3425989488137378     
   10.238930182667595        1.9892577322441787     
   8.2168741607047018        8.1233127050402558     
 -0.33630690722061785        2.6199700081853980     
   1.9822009297307575       -4.8510557169158774     
  -2.3040802345902396       -11.152129122955733     
  -11.114451219955516       -1.4918395402583016     
   4.5720473315820458       -10.492332640132963     
  -5.6424005454420376        3.9680125056906199     
  -6.0843208570512060       -4.6376968291157388     
   12.123421949104655        2.6509462710529128     
   7.8924060957652999        3.8585784999772721     
  -11.434439335311314        1.4339604821315046     
  -1.8943254562590135        9.4004194795100879     
  -10.216081779782904       -5.3309666012112196     
   4.4967260581237962        2.8492269510869632     
   9.8468974131559026       -3.3242237446214062     
 -0.30694410502467878       -7.7298745827557447     
  -2.3417957629923771        2.5982191417245160     
  -2.3844800907245975       -2.3803441766051452     
   2.7608635255662559        6.1325163510733889     
   5.8871599507197372        6.8738275715402919     
   11.349136079774336       -2.1158032455324678     
  0.77007115766123369       -9.4374899241694319     
  -7.3063458470724996        7.4547070040080952     
  -3.3185706402618274       -2.7637228766274200     
  -1.0328587580494388       -3.9815890510907699     
   8.8585057010006949        7.3549760352942570     
  -1.8716005498732970        3.4807527507192959     
 -0.87216310596212743        3.5086255602565224     
  -4.7645249056287087        6.1543462961023971     
  -7.0046568146105548        3.1307868907104757     
   6.5982595068428216        6.0986583927827835     
   8.8467335696945835       -3.2792861540812472     
  -11.182889435896771        2.4126004605042346     
 -0.24466847305570644       -3.3622638542798917     
 -0.33140087211066943        10.549659963986112     
  -6.6974330243809801       -7.4029484564438892     
   7.9385286985879899       -8.3463453686756797     
  0.25139604893612794       -1.9198241200323296     
  -6.3957130379178357       -3.6869946912497968     
  -3.3005368380586515       -11.037595925507949     
  -7.3235798262778067       -9.8401726993988259     
   7.7979180769919205        1.0396605979225220     
   5.6165744861040130        5.8950370372198506     
   8.3242280826269788       -2.0971192056075187     
   10.350888050833534       -2.4590509992576841     
   11.106177861423738        1.3727415733203545     
  -10.174961344578540        2.6535590921681225     
   4.9428033115761760       -2.7208152067075386     
  -3.6017153818072551        11.003859375832883     
