  -8.3155495016675811       -7.2280315048006134     
   9.6576549615988121       -4.3806618609393349     
   8.0154488455351629        8.2176213892341821     
  0.86384819350219466       -4.4527070691049081E-002
   2.7927204843342501       -2.7181365045451589     
   8.3931379184199244        9.1406853302301947     
   4.3802681813831077        7.6153430181627302     
  -8.1601484825145185        8.8079459117307213     
   4.1294719297884894       0.63438252024314123     
   9.1010846933329823       -2.7608016511367621     
   5.2315937533297676       -6.6301143497526631     
  -3.9509313236764174        11.099905506864701     
   3.1662413544301544        2.5030581513790691     
  -4.1618781433204894        9.6970270300074706     
  -5.7383108289228364       -4.9591266726021423     
   7.5712970138988114        9.7018094366457124     
  -1.8942333195399721       -9.4468168761972482     
   2.4817943173012806       -5.6634411682192569     
  -3.6020137094379980        2.0709625977187698     
  -4.5652509612822882      -0.16088007123016160     
  0.28533185410684764       -9.5997314827674405     
  -6.9348831602094547       -8.5343771240682944     
 -0.13982653881566873        4.2342517688668897     
   4.7258226899695606        8.5941667710123841     
   4.0578929511186566        2.9772223431124023     
  -4.3490570224332981       -6.7957622286433983     
   5.3642288872234083        7.8056882063728716     
  -1.2410588906996760       -3.1211064424372146     
   2.3501789704324265       -11.691768097675350     
   1.6818017126647264        7.5023652979081596     
   2.8111226372673364       -1.6278042861433437     
   1.0955276358552393       -12.361152231752955     
 -0.56534624284548207        5.3056363962657880     
   8.1597135216605334       -3.0876515072595092     
   1.2996691724024789        2.0388532728093840     
   4.8491497534030277        10.469238344433039     
   6.8868648666581649       -3.1264983867199283     
 -0.70773187819303951       -9.5584046346584710     
   3.9224811701107480      -0.33985720392388435     
   4.7848892777306933       -10.412957522012219     
   4.5349559199071479       -7.3452754839760299     
  0.27907039091467428        7.5032855440184898     
  -3.8697669783589652        6.0740171139912977     
 -0.14208207118923849       -1.0676503694711179     
   7.4627420865161076      -0.29527679967556919     
  -9.5611365001163158       -7.0805663838953601     
  -11.968792260406556        3.2784911489588513     
   2.9370515030217743        4.4393936080829528     
 -0.92266375555595437       0.98792386811634558     
   4.9494603075247667        3.4283762542247067     
   8.7816370355628415       -3.9045483957162581     
  -10.629204377640061      -0.28418213302340189     
   6.0513102180795517       -6.0610880241416094     
  -2.3329622452947154       -2.7989035022243782     
  -3.8231048641992138       -2.9114559207574300     
  -7.7268428723585849        9.7093266020326983     
 -0.40767229671908983       -6.2471222464750902     
   6.2052279824668126       0.84184058903026437     
  -8.6695389036040034       -3.7628267898535381     
   8.3441509538630267        2.4564406342432150     
   7.6975410469828240       -6.4711168943410531     
  -9.0738216390014959       0.11930995365874686     
  -1.6399734422104251        7.2682528529390451     
   1.4866194206010632        12.319837808449300     
  -6.4068752197574668        8.0435969320665457     
   2.1686749505545433        2.5333960738893837     
  -3.6243856186342382       -7.4871377212131494     
   1.2607238172492590        8.8267978597769137     
   7.0011475552433753       -5.7591931673987400     
   4.7620625067563989       -1.2656626391363133     
   9.9736191127968929        1.2300645158287398     
  -2.1182732511322433       -1.3640647676845477     
   10.888332475233950       -2.1002601224622777     
  -7.1080521240263774        4.1837841372184306     
   5.6699803227703933       -8.6487437903994930     
   8.5096797415134731        4.3766186235477180     
   3.7941992516569480       -6.6791480665016412     
  -1.3341522281775016       -11.444826818640125     
   11.627694087085260       -4.0450861181996007     
   4.5096468273850299       -11.466098941629925     
  0.54169910257819998        10.562496488648151     
  -3.6620159526023222       -1.8983937222290705     
   7.6853443473867591        3.4420885993641637     
   9.7492068750366812E-002  -12.408909967836363     
   1.1630480266505780       -1.2500445586068452     
  -5.3111154980158419       -11.212417751202153     
   3.4207289677098109       -4.5082242574954314     
   4.9247485899941221       -9.3112023531037718     
  -1.5115978663465546       0.18154661292304528     
  -3.4161605142937121       -6.4480327683217435     
  -10.256647466561510       0.82004863050168719     
  -4.5238418371914202       -7.9612231654264365     
   5.9331707239675815        10.818904610259837     
  -3.9430456783630019      -0.94047236092023523     
  -8.0287678971592786        3.7957494395696449     
  -7.6340512973314265       -9.2498364905237800     
  0.43550497755916451        5.0511670500903820     
   8.7938501939040759       -8.2828051941193159     
   5.9535879275976749      -0.35224653481803303     
  -3.7460794995194764       0.69853814449090368     
  -7.1621721918207566        1.8561983155726238     
   1.2301406144326972       -4.9060815058770659     
   2.7164346054394914        9.8475221412573379     
   5.8042272695588295       -1.3378097696370610     
  -2.1448983150446073       -8.3292599018193521     
   9.4660556349486598        6.1199539247582237E-002
   1.3067511817586497        3.0393196473584299     
   7.5449373737191268       -3.8802495710035907     
  -6.4039838544127905       -6.8393695843263043     
   11.225260086683305       -9.0593164405419410E-002
  0.86562459859684482       -6.0733745382628337     
  0.30660752663901336        8.5009741099549778     
   7.5036856358737269       0.74158556089864880     
   4.1158472260554726        9.6681923060643076     
  -1.7860480462641757       -5.1429553683959766     
  -6.8830314359805680       -3.3205367451733823     
  -8.9322970356261315        5.8569637863010620     
   10.971264833499758        5.7979276721562769     
   8.6683206849904746      -0.53922870051692395     
  0.27721581591001526        9.4962336544107764     
   5.4617687457110549       -11.143173781874900     
   11.515176382059963        2.4909969413106285     
  -6.0535858720293074       -9.0028575410289697     
  -3.8837616991897028        4.2940998930483607     
  -6.3213248073523776       -4.1478407605809435     
 -0.26235695182330254       -10.453273963129545     
 -0.90393241372243704       -12.373562562263604     
  -1.4028694870731000       -6.4174038537354212     
   8.5864075529279109        7.2470986977397338     
  -8.7227777624210265       -8.5922482128613780     
  -1.5364474470211791       -2.1740819810528178     
  -2.7600823706467876       -4.5968092254601585     
  -7.8399362350882802       -2.7588419535613644     
  -8.1602080390530247        1.8045840154542037     
  -6.1781376356548643       -10.485599401531916     
 -0.52684952967259258        10.086220904314327     
  -8.0335800859023063        8.2336336748828495E-002
   5.6322319132762626        2.5221082378955186     
  -7.6331094038473344       -4.0734427521058807     
   5.6556362919160694        6.8494437027816764     
  -4.4749399773774394        2.9170212492548457     
  -11.515259183373905        4.6206163888058063     
  -7.0243179168055576       -5.9120489308068018     
  -2.8376893749862084       -9.0435438313381074     
   6.8727097181717225       -8.1262978654680253     
   9.8900535091884390        5.7343056558594094     
   8.5221159007530165       -7.0416030001882088     
   3.9455408840928015        4.3635823989679636     
   1.8749319490612106       -1.9558002688718046     
  -1.1206419306391824       -1.2637286163466790     
   7.6309912783948848       -7.4832910002385775     
  -4.6496070001808958        8.8285158763321157     
  -5.6353078813274387        2.1893483915636018     
  -4.0104573559551486       -11.743153860484899     
   7.9372429338028923       -5.4023152807833483     
   9.5821282474759766       -7.5499111065215354     
  -8.0541816180393386        6.7836583966906918     
  -5.1879263673488945        3.6356373546438672     
   7.0779343410012361       -4.7631993725812229     
  -3.3988638836170630        5.1656801890783708     
  -6.1774887521351936       -7.8118663200772973     
   5.2822257199526454       -5.4269169167400131     
  -7.8813848396586650        7.7678542374391872     
  -7.0877166817500417        8.7751894169084199     
   8.6824959389887049        3.3981557292939639     
   3.9934689799198790        1.6248866862999269     
   2.8022364506221820       -6.6261970992208630     
  0.31653150923829138        1.8640795077403300     
   4.9185362047709411      -0.27976379079541325     
  -2.4159796553532003       -6.4354120899325942     
  -8.9096401977969073        4.2849070226112147     
  -2.6232465313456048       -7.4555389482588126     
  -9.8269233763964987       -6.1137413400060607     
   7.0253967175857834        5.7074982163338390     
  -5.6353382637927298        8.6741518564443272     
   6.9211063060337326        1.5511239665228846     
   4.8987833402136278        4.6761262686190284     
   9.7828136039987736        7.4342867300416096     
  -8.8213676588395131       -6.1780283952913351     
  -2.9268551533111697       -5.5751033102230165     
   3.7234813155392037        8.6489844316057631     
 -0.68439915472567492        6.9725262448326069     
   3.9307624814041944       -9.4186002054775919     
  -11.001326327039195       -2.6672040068845511     
   3.4669134971712068       -5.5044278795259922     
   6.6946074859498870       -7.1409220672110223     
   4.2701909545984424       -2.1857514538383689     
   6.1054468692250836        4.4535642719448063     
   3.8947125738364952E-002  -5.1859403403645778     
  -12.363688664407192      -0.35005686171913536     
   9.0760524815755517       -1.4510259553431364     
  -4.6403453973992166        1.8886707659509052     
   9.2910242407989347        6.5408777645792497     
   10.633344595732014       -4.1320186603403384     
  -10.854040798316925        5.7313876861809439     
   4.3908465155248271       -5.8802888268248701     
   3.0003666584313389       -9.7919772722950427     
   6.7395258669403617      -0.98553831521452084     
  -1.9097774266617449       -12.261780867198159     
   8.9378510228363357        1.1236116587462281     
