  -9.0451046726971285        6.3589330282868595     
  -10.440139703248265       -1.0401731907483485     
   10.797302489096955       -2.5034597408072989     
   4.1927745038264410        1.7114941696512074     
  -10.282816756064936       -1.3405546154360067E-002
  -4.6515495385703094       -5.4020147986453519     
  -12.391649742042297      -0.66618466086213068     
  -8.4506290673234474      -0.84185379664650606     
  -7.7108935531955938        8.4214670179332920     
  -6.9674696269803258       -7.8154705962764144     
   6.4953439326652527        7.2984353154618145     
  -1.2903822732630312        2.4865230928501085     
  -8.1745505173135466       -4.0278709289986105     
  -7.4891108517122564       -6.9540872674512437     
  -2.2894707246009496        11.860164262408137     
  -1.4055177551445479        12.327965061672607     
   4.4229487931608418        11.595009536537074     
  -7.8399179040160609       -4.9230715943662920E-002
  -11.738826393480052       0.60165326915371542     
   3.3164477988417924       -6.8574450910212601     
   6.3305136967542355       -5.2920657667090980     
  0.13494343882683432       0.26013511321964705     
   8.7625822211756237        7.5034082506950242     
  -4.6178818149775145       -2.8333216138394280E-002
  -8.5803987346216832        3.9778257671925399     
  -4.2989683426258223       -8.0368767745018808     
   6.9772935257941873        5.0435111163951953     
   2.3435090658148368       -8.3863283977467304     
   1.9631610965901067        7.9798090820724639     
  -5.5952009184372837      -0.25082031716483993     
   3.8173976115279777        10.324163246442470     
   9.0091391580738911       -3.3337960180485853     
  -2.7788348456849268      -0.84870956341458381     
 -0.37610970582948644        2.8897941135141298     
  -11.120072188323867       -2.7398993750957730     
   3.8960824532952372        4.4433658126339983     
  -4.2491665269506873       0.90116463517952317     
   7.5252619376606251       -6.7521668737022456     
  -1.2405863120146443        6.6763882388489151     
   6.0935394519839674       -3.7649660005537706     
 -0.58897517559454982       -6.3943868083357049     
  -7.1504018466045247       0.89376589099087456     
   6.4922109724017060E-002   7.8354680846047069     
  -1.1607188896224854       -5.4833378807051423     
   2.4970122602693476        10.258105868768856     
   2.6171488576475501       -6.6265700979931702E-002
   4.5341470541756737       -4.1101205766221582     
  0.50622804244634090        3.3590878575082441     
  0.33992226987500263        2.1774486767028129     
   6.6064466942045312        10.021861942201470     
  0.98122065141393788        8.2548512684684976     
   10.522809539868184        6.5757241908806625     
  -2.8614847266404615        8.8752256211068499     
   4.5410203798176916       -6.1199143408209338     
  -9.2122261192084469       -3.3342591915502662     
  -3.9489170749277509        3.4533287416747993     
  -11.663565505217456        1.5988783897495931     
   9.0644970363119306        8.4705790698516523     
  -1.7889856707903886       -6.2725912157363330     
  -5.5059856150607231        2.6928097431066198     
   1.5813981414280003        11.194177386741504     
   5.9816771959737745        3.3683574635535902     
   5.9142144495231879      -0.74744127445741948     
  -5.1424084724651946       -6.9696804395518059     
   6.9975565969548912       -4.4545314514270871     
   8.6709015983456030        3.0963797699531295     
   3.4753147796241168      -0.61631871541519523     
  -8.9292919202457295        4.9320340751423331     
  -2.3532228322251103       -11.325875726755424     
 -0.15857036342690026       -5.4901745860090561     
  -5.2417827719161165       0.75357495986327250     
   4.1067107361631683       -11.524123695029148     
   10.224754285840294       0.83828971912205630     
  -5.9062143250803310        10.914087366973172     
  -8.0097389548266751       -5.0139107890925168     
  -3.6816739433334527      -0.41518626942263198     
  -2.1556298791271851        5.1836453659799124     
   9.2854813100756175        1.1841705744348971     
   1.1392843633225527       0.33898124106136318     
 -0.26574268919839900       -2.7468453817828524     
  -10.702706199696687        1.1174348672185350     
  -4.0501548887891037       -6.7688190195406204     
   3.4069497394140207        7.5187982572019409     
   10.305743534529975        3.5948283578494591     
  -3.3533839408685200       -11.269892965632820     
   2.4922576577409483        7.1126168101501639     
  -8.8036125482216150        2.0082214886328518     
  -1.4821122204198818       -2.0260279121784222     
  -7.4884948267840583        9.3960968193476369     
   9.3483899500045808        4.8524158533526611     
   11.425630195405612      -0.52749441262014474     
  0.72552983542108496        7.0852400223860243     
  -10.898354355370593       -4.7107815741138896     
   8.4274263677335313       -4.9110673574309764     
   3.3730851955311874       0.95736210632067464     
   9.7536763586101625        2.7058318370933732     
  -7.2990141120601368        5.5123912394233647     
   3.8546870887591682       -1.7556734759496804     
   6.4498861677547881       -1.8735964392179569     
  -4.8216825733615218        7.6793080396784434     
  -3.6898093056615466       -5.6774541005916914     
   11.677437406414718        1.2897654554347777     
   9.4236875668673328      -0.39143324487831643     
   11.288013804009887       -1.6298210308824468     
 -0.23963579407556426        6.6913694847711120     
  -7.4290319332520376      -0.96477612628880227     
   5.1819241038727508       -3.3475754275825444     
   2.7243263099292627       -3.0831897800081065     
  -2.2407840562883501       -10.245044862569296     
   1.6965044054158320       -9.7640348027840140     
  -4.5058005345744538        2.6210907651429514     
  -2.8960789539118017        4.5051852897140900     
  -4.1037929242798663        5.8471013580809643     
   2.2924240718348199       -2.1791143577009429     
  0.50145893395209540        5.7900001275022692     
  -4.3445985432847873       -9.6781191026513493     
   7.5855992029844153        9.8143571887532453     
  -1.5405109699993818        4.1786455411799972     
   3.1899488142401125        5.2378428071529353     
  0.40500647379268162       -6.5092562177219593     
  -9.6589820665995081       -7.5763178426074473     
   2.8763250015062587       -9.9358051036210249     
  -9.7395256279605427        5.5478477651120235     
  -6.9518820992839983       -8.8173676219808925     
   2.0496567932838659        5.5809102597114695     
  -10.787491667465087        2.1151310286549077     
  -3.5845607290168808       -3.7612447497821715     
   3.3804160651746176       -8.2028864109453714     
   7.4920490270390196        7.2082431398326214     
   8.3101137909825340       -2.6113466329726771     
   1.0447442627515675       -11.354558284766620     
   4.2079780721606426       -7.3104149652490182     
  -7.0453977610814276       -4.7017310138081987     
   6.8678884467196504        2.8973530946399428     
  -8.4534968378357611       -1.8420730922698412     
   7.3866912320792375       -2.2291685519514459     
   1.3609723464678274        3.8789678458749810     
   4.3646781682675000       -9.5605700224125183     
   6.6481121046119709        9.0217066236281376     
  -3.2935931145191137       -7.9738091654820167     
   5.9164428101919020       -10.907828772822899     
   5.5265383305989397       -9.9856549386571700     
   1.4567552235122072       -3.8855618947231010     
  -3.2883643781950211        6.7506042897560734     
  -7.4583057955018397        1.8466468215295728     
   8.2871476199516163       -6.0068569905351428     
 -0.79556672386842298       -10.229340350643614     
  -8.5515253552699004        2.9756467728382394     
  -5.8643914531573857        1.6304857493471798     
   5.0358204777861033        5.1441506151975229     
   1.1906917157296200        5.0588471411737874     
   7.5648453671397329       -8.5857392785943443     
   3.2177508319821020        3.1397343718029429     
  0.47276729699312153        4.3584582186906102     
  -11.708150615684932       -1.5211009276011231     
  -5.0891537857799332        6.0582949875857333     
  -8.3125496269560273       -2.8370119496231836     
  -2.4507829328229129       -3.8355608081048076     
  0.92666779358588791       -1.6143461576471085     
 -0.72693254148808895        5.8176592750302110     
  -11.329380274513088        3.5407062822446558     
  -3.5937226167757190       -1.4361050324191131     
  -8.4106877675108986       -7.3686366761122963     
   6.3780610560768016       -8.3159948319299932     
  -7.2195273006092657       -3.7161632472104471     
   4.5002834507735257      -0.61249277543501834     
   4.6365262056841692       -8.2155620312056854     
   5.3977963456619138        8.9450981572192010     
  -1.9989728906432200        3.1919259689711397     
   3.2879451387405552        2.1416568720964140     
   12.380643676709736      -0.82869283594953325     
  -1.1479127686676791       -4.4834895989441703     
   4.1237677906876860        2.7110754798856473     
   8.9348869236871860        2.1315180804073353     
  -7.3703201089472428        2.9172418825597068     
   8.8841971399201132        5.7393050181472978     
   6.5531321597731580       -2.8770087407002776     
   8.4375218425857543      -0.56851753886417333     
  -1.2907177741853801       -7.3617893519018311     
  -2.2793380562743470        6.2070269766922772     
  -1.3940653493132149        10.100612825284543     
   4.7279393955566915       -10.590674690135911     
   1.7862143526558594       -7.1844416665816118     
  -4.5050964092739978       -1.0220646165176108     
  -6.4792055719134645        2.4632744500439427     
   4.3282178171115797       -2.6425364490831011     
  -8.9728271984587487       -5.3241883631797293     
   6.0197696083989092        5.3347810333498735     
  0.55209036451597882       -8.9295114157105289     
   9.9822544773305424       -3.0947362436076111     
   1.7013496067081113        8.9498684357858327     
   1.4708345702142160        2.7742382600600903     
  -9.4035891406580330       -2.1551378243699921     
   5.3361124477138695        4.1851572448643761     
   1.0239926816480602       -5.0048055645711278     
  -8.2883046233416504        5.6996123415649222     
  0.62377713517983291       -3.3190292700577868     
  -6.4061466080108707       -1.4475733534937194     
  -2.6550857944707866       -1.8404576152433560     
  -2.6150083762368959        9.8471392359332270     


