  3    100    0.35618E+00    0.6327642729E-01    0.0000000000E+00
  3    100    0.35618E+00    0.1265528546E+00    0.3450513671E-01
  3    100    0.35618E+00    0.1898292819E+00    0.4140616406E-01
  3    100    0.35618E+00    0.2531057091E+00    0.2809703990E+00
  3    100    0.35618E+00    0.3163821364E+00    0.5405804752E+00
  3    100    0.35618E+00    0.3796585637E+00    0.9504596749E+00
  3    100    0.35618E+00    0.4429349910E+00    0.1656246562E+01
  3    100    0.35618E+00    0.5062114183E+00    0.2580984226E+01
  3    100    0.35618E+00    0.5694878456E+00    0.3811802750E+01
  3    100    0.35618E+00    0.6327642729E+00    0.5192115045E+01
  3    100    0.35618E+00    0.6960407001E+00    0.6565834586E+01
  3    100    0.35618E+00    0.7593171274E+00    0.7628635660E+01
  3    100    0.35618E+00    0.8225935547E+00    0.8844356642E+01
  3    100    0.35618E+00    0.8858699820E+00    0.9692109512E+01
  3    100    0.35618E+00    0.9491464093E+00    0.1028015108E+02
  3    100    0.35618E+00    0.1012422837E+01    0.9924122546E+01
  3    100    0.35618E+00    0.1075699264E+01    0.9190913688E+01
  3    100    0.35618E+00    0.1138975691E+01    0.9165550172E+01
  3    100    0.35618E+00    0.1202252118E+01    0.8597374469E+01
  3    100    0.35618E+00    0.1265528546E+01    0.8594433283E+01
  3    100    0.35618E+00    0.1328804973E+01    0.8584204743E+01
  3    100    0.35618E+00    0.1392081400E+01    0.8307713498E+01
  3    100    0.35618E+00    0.1455357828E+01    0.8594079384E+01
  3    100    0.35618E+00    0.1518634255E+01    0.8461834165E+01
  3    100    0.35618E+00    0.1581910682E+01    0.8695294452E+01
  3    100    0.35618E+00    0.1645187109E+01    0.8861730994E+01
  3    100    0.35618E+00    0.1708463537E+01    0.8650372670E+01
  3    100    0.35618E+00    0.1771739964E+01    0.8604953730E+01
  3    100    0.35618E+00    0.1835016391E+01    0.8715271110E+01
  3    100    0.35618E+00    0.1898292819E+01    0.8474227644E+01
  3    100    0.35618E+00    0.1961569246E+01    0.8695294452E+01
  3    100    0.35618E+00    0.2024845673E+01    0.8762661624E+01
  3    100    0.35618E+00    0.2088122100E+01    0.8679369004E+01
  3    100    0.35618E+00    0.2151398528E+01    0.8415648344E+01
  3    100    0.35618E+00    0.2214674955E+01    0.8537771002E+01
  3    100    0.35618E+00    0.2277951382E+01    0.8564077735E+01
  3    100    0.35618E+00    0.2341227810E+01    0.8647081795E+01
  3    100    0.35618E+00    0.2404504237E+01    0.8681492397E+01
  3    100    0.35618E+00    0.2467780664E+01    0.8533971735E+01
  3    100    0.35618E+00    0.2531057091E+01    0.8633709334E+01
  3    100    0.35618E+00    0.2594333519E+01    0.8607114658E+01
  3    100    0.35618E+00    0.2657609946E+01    0.8445859729E+01
  3    100    0.35618E+00    0.2720886373E+01    0.8362827311E+01
  3    100    0.35618E+00    0.2784162801E+01    0.8608436694E+01
  3    100    0.35618E+00    0.2847439228E+01    0.8495242199E+01
  3    100    0.35618E+00    0.2910715655E+01    0.8406361329E+01
  3    100    0.35618E+00    0.2973992082E+01    0.8639641006E+01
  3    100    0.35618E+00    0.3037268510E+01    0.8432692201E+01
  3    100    0.35618E+00    0.3100544937E+01    0.8507472677E+01
  3    100    0.35618E+00    0.3163821364E+01    0.8435983121E+01
  3    100    0.35618E+00    0.3227097792E+01    0.8447267430E+01
  3    100    0.35618E+00    0.3290374219E+01    0.8463138532E+01
  3    100    0.35618E+00    0.3353650646E+01    0.8514881880E+01
  3    100    0.35618E+00    0.3416927073E+01    0.8619834620E+01
  3    100    0.35618E+00    0.3480203501E+01    0.8463571882E+01
  3    100    0.35618E+00    0.3543479928E+01    0.8467747064E+01
  3    100    0.35618E+00    0.3606756355E+01    0.8326120025E+01
  3    100    0.35618E+00    0.3670032783E+01    0.8398250231E+01
  3    100    0.35618E+00    0.3733309210E+01    0.8564351882E+01
  3    100    0.35618E+00    0.3796585637E+01    0.8286452076E+01
  3    100    0.35618E+00    0.3859862064E+01    0.8639687000E+01
  3    100    0.35618E+00    0.3923138492E+01    0.8622076235E+01
  3    100    0.35618E+00    0.3986414919E+01    0.8595091535E+01
  3    100    0.35618E+00    0.4049691346E+01    0.8584443304E+01
  3    100    0.35618E+00    0.4112967774E+01    0.8541225004E+01
  3    100    0.35618E+00    0.4176244201E+01    0.8264638738E+01
  3    100    0.35618E+00    0.4239520628E+01    0.8668053554E+01
  3    100    0.35618E+00    0.4302797055E+01    0.8565708494E+01
  3    100    0.35618E+00    0.4366073483E+01    0.8573644955E+01
  3    100    0.35618E+00    0.4429349910E+01    0.8407089677E+01
  3    100    0.35618E+00    0.4492626337E+01    0.8558008057E+01
  3    100    0.35618E+00    0.4555902765E+01    0.8557756494E+01
  3    100    0.35618E+00    0.4619179192E+01    0.8604629231E+01
  3    100    0.35618E+00    0.4682455619E+01    0.8562907397E+01
  3    100    0.35618E+00    0.4745732046E+01    0.8455611120E+01
  3    100    0.35618E+00    0.4809008474E+01    0.8471125319E+01
  3    100    0.35618E+00    0.4872284901E+01    0.8637785891E+01
  3    100    0.35618E+00    0.4935561328E+01    0.8595786090E+01
  3    100    0.35618E+00    0.4998837756E+01    0.8586504371E+01
  3    100    0.35618E+00    0.5062114183E+01    0.8375633657E+01
  3    100    0.35618E+00    0.5125390610E+01    0.8640000506E+01
  3    100    0.35618E+00    0.5188667037E+01    0.8613371213E+01
  3    100    0.35618E+00    0.5251943465E+01    0.8513358276E+01
  3    100    0.35618E+00    0.5315219892E+01    0.8712030476E+01
  3    100    0.35618E+00    0.5378496319E+01    0.8575853594E+01
  3    100    0.35618E+00    0.5441772747E+01    0.8392012461E+01
  3    100    0.35618E+00    0.5505049174E+01    0.8533140254E+01
  3    100    0.35618E+00    0.5568325601E+01    0.8669267720E+01
  3    100    0.35618E+00    0.5631602028E+01    0.8537389589E+01
  3    100    0.35618E+00    0.5694878456E+01    0.8514287059E+01
  3    100    0.35618E+00    0.5758154883E+01    0.8638675526E+01
  3    100    0.35618E+00    0.5821431310E+01    0.8565758775E+01
  3    100    0.35618E+00    0.5884707738E+01    0.8642137890E+01
  3    100    0.35618E+00    0.5947984165E+01    0.8629421009E+01
  3    100    0.35618E+00    0.6011260592E+01    0.8506337751E+01
  3    100    0.35618E+00    0.6074537019E+01    0.8636762178E+01
  3    100    0.35618E+00    0.6137813447E+01    0.8511863000E+01
  3    100    0.35618E+00    0.6201089874E+01    0.8625222482E+01
  3    100    0.35618E+00    0.6264366301E+01    0.8604915515E+01
  3    100    0.35618E+00    0.6327642729E+01    0.8591258864E+01
  3    100    0.35618E+00    0.6390919156E+01    0.8524828776E+01
  3    100    0.35618E+00    0.6454195583E+01    0.8612176167E+01
  3    100    0.35618E+00    0.6517472010E+01    0.8584709697E+01
  3    100    0.35618E+00    0.6580748438E+01    0.8640786337E+01
  3    100    0.35618E+00    0.6644024865E+01    0.8553146496E+01
  3    100    0.35618E+00    0.6707301292E+01    0.8568721107E+01
  3    100    0.35618E+00    0.6770577720E+01    0.8515964939E+01
  3    100    0.35618E+00    0.6833854147E+01    0.8626926134E+01
  3    100    0.35618E+00    0.6897130574E+01    0.8457256711E+01
  3    100    0.35618E+00    0.6960407001E+01    0.8508115902E+01
  3    100    0.35618E+00    0.7023683429E+01    0.8586158295E+01
  3    100    0.35618E+00    0.7086959856E+01    0.8552786690E+01
  3    100    0.35618E+00    0.7150236283E+01    0.8536570823E+01
  3    100    0.35618E+00    0.7213512711E+01    0.8527936939E+01
  3    100    0.35618E+00    0.7276789138E+01    0.8570985553E+01
  3    100    0.35618E+00    0.7340065565E+01    0.8480197496E+01
  3    100    0.35618E+00    0.7403341992E+01    0.8514031416E+01
  3    100    0.35618E+00    0.7466618420E+01    0.8549491895E+01
  3    100    0.35618E+00    0.7529894847E+01    0.8599204198E+01
  3    100    0.35618E+00    0.7593171274E+01    0.8467473926E+01
  3    100    0.35618E+00    0.7656447702E+01    0.8613255268E+01
  3    100    0.35618E+00    0.7719724129E+01    0.8584537223E+01
  3    100    0.35618E+00    0.7783000556E+01    0.8533894914E+01
  3    100    0.35618E+00    0.7846276983E+01    0.8553641785E+01
  3    100    0.35618E+00    0.7909553411E+01    0.8509465583E+01
  3    100    0.35618E+00    0.7972829838E+01    0.8596315574E+01
  3    100    0.35618E+00    0.8036106265E+01    0.8478443988E+01
  3    100    0.35618E+00    0.8099382693E+01    0.8665254686E+01
  3    100    0.35618E+00    0.8162659120E+01    0.8605473687E+01
  3    100    0.35618E+00    0.8225935547E+01    0.8634544095E+01
  3    100    0.35618E+00    0.8289211974E+01    0.8556877294E+01
  3    100    0.35618E+00    0.8352488402E+01    0.8572099306E+01
  3    100    0.35618E+00    0.8415764829E+01    0.8626544595E+01
  3    100    0.35618E+00    0.8479041256E+01    0.8547969149E+01
  3    100    0.35618E+00    0.8542317684E+01    0.8497884023E+01
  3    100    0.35618E+00    0.8605594111E+01    0.8662826519E+01
  3    100    0.35618E+00    0.8668870538E+01    0.8685056664E+01
  3    100    0.35618E+00    0.8732146965E+01    0.8605330150E+01
  3    100    0.35618E+00    0.8795423393E+01    0.8570851739E+01
  3    100    0.35618E+00    0.8858699820E+01    0.8575454031E+01
  3    100    0.35618E+00    0.8921976247E+01    0.8511471713E+01
  3    100    0.35618E+00    0.8985252675E+01    0.8551909149E+01
  3    100    0.35618E+00    0.9048529102E+01    0.8613571760E+01
  3    100    0.35618E+00    0.9111805529E+01    0.8625322363E+01
  3    100    0.35618E+00    0.9175081956E+01    0.8658043232E+01
  3    100    0.35618E+00    0.9238358384E+01    0.8646560393E+01
  3    100    0.35618E+00    0.9301634811E+01    0.8658551781E+01
  3    100    0.35618E+00    0.9364911238E+01    0.8664766178E+01
  3    100    0.35618E+00    0.9428187666E+01    0.8577140499E+01
  3    100    0.35618E+00    0.9491464093E+01    0.8638862974E+01
  3    100    0.35618E+00    0.9554740520E+01    0.8672940626E+01
  3    100    0.35618E+00    0.9618016947E+01    0.8674454716E+01
  3    100    0.35618E+00    0.9681293375E+01    0.8684773213E+01
  3    100    0.35618E+00    0.9744569802E+01    0.8596162430E+01
  3    100    0.35618E+00    0.9807846229E+01    0.8629969193E+01
  3    100    0.35618E+00    0.9871122657E+01    0.8698622922E+01
  3    100    0.35618E+00    0.9934399084E+01    0.8563667828E+01
  3    100    0.35618E+00    0.9997675511E+01    0.8673605509E+01
  3    100    0.35618E+00    0.1006095194E+02    0.8684191853E+01
  3    100    0.35618E+00    0.1012422837E+02    0.8610924525E+01
  3    100    0.35618E+00    0.1018750479E+02    0.8613062584E+01
  3    100    0.35618E+00    0.1025078122E+02    0.8535374360E+01
  3    100    0.35618E+00    0.1031405765E+02    0.8597830712E+01
  3    100    0.35618E+00    0.1037733407E+02    0.8525617816E+01
  3    100    0.35618E+00    0.1044061050E+02    0.8612859688E+01
  3    100    0.35618E+00    0.1050388693E+02    0.8535486674E+01
  3    100    0.35618E+00    0.1056716336E+02    0.8623175608E+01
  3    100    0.35618E+00    0.1063043978E+02    0.8557170905E+01
  3    100    0.35618E+00    0.1069371621E+02    0.8722939517E+01
  3    100    0.35618E+00    0.1075699264E+02    0.8589946911E+01
  3    100    0.35618E+00    0.1082026907E+02    0.8634885166E+01
  3    100    0.35618E+00    0.1088354549E+02    0.8568239094E+01
  3    100    0.35618E+00    0.1094682192E+02    0.8703095613E+01
  3    100    0.35618E+00    0.1101009835E+02    0.8626085302E+01
  3    100    0.35618E+00    0.1107337477E+02    0.8692625000E+01
  3    100    0.35618E+00    0.1113665120E+02    0.8656660495E+01
  3    100    0.35618E+00    0.1119992763E+02    0.8625795437E+01
  3    100    0.35618E+00    0.1126320406E+02    0.8704333826E+01
  3    100    0.35618E+00    0.1132648048E+02    0.8653540337E+01
  3    100    0.35618E+00    0.1138975691E+02    0.8583417073E+01
  3    100    0.35618E+00    0.1145303334E+02    0.8559663457E+01
  3    100    0.35618E+00    0.1151630977E+02    0.8699286782E+01
  3    100    0.35618E+00    0.1157958619E+02    0.8632050790E+01
  3    100    0.35618E+00    0.1164286262E+02    0.8686268585E+01
  3    100    0.35618E+00    0.1170613905E+02    0.8629089474E+01
  3    100    0.35618E+00    0.1176941548E+02    0.8615774528E+01
  3    100    0.35618E+00    0.1183269190E+02    0.8676978052E+01
  3    100    0.35618E+00    0.1189596833E+02    0.8627664384E+01
  3    100    0.35618E+00    0.1195924476E+02    0.8662345250E+01
  3    100    0.35618E+00    0.1202252118E+02    0.8612263622E+01
  3    100    0.35618E+00    0.1208579761E+02    0.8601288331E+01
  3    100    0.35618E+00    0.1214907404E+02    0.8572319226E+01
  3    100    0.35618E+00    0.1221235047E+02    0.8788861628E+01
  3    100    0.35618E+00    0.1227562689E+02    0.8584289555E+01
  3    100    0.35618E+00    0.1233890332E+02    0.8800406501E+01
  3    100    0.35618E+00    0.1240217975E+02    0.8727063887E+01
  3    100    0.35618E+00    0.1246545618E+02    0.8652360579E+01
  3    100    0.35618E+00    0.1252873260E+02    0.8608551159E+01
  3    100    0.35618E+00    0.1259200903E+02    0.8658790277E+01
  3    100    0.35618E+00    0.1265528546E+02    0.8662345938E+01
