  -11.415073555227787      -0.14059856356060749     
 -0.89786246697617633       -3.9948967542569402     
   5.8379501456656540        9.8202509362218144     
  0.36811697376835345        4.1770379211356250     
  -11.119034799247167       -3.9639613740186102     
   4.6574195214154273        3.9823035841801193     
  0.81359254529134906        7.3057723934432213     
  -9.1880885811191426        4.2259534181464442     
   1.8305357138864253       -10.931280603115699     
   2.8283844826500548       -7.2032072778731875     
   6.7674483743451077        3.6217170435553547     
  -4.1777961461980153       0.55856295237388598     
   6.4377703808992353       -8.0313360521227679     
  -2.0068458049940676        10.429876700539809     
   10.051305942998884        5.6550747758482913     
  0.85381510411394390       -10.718540630942218     
   9.3408072471001251       0.37012362055489179     
   1.3504787363157842       -9.3892359760184245     
  -8.9749871586544128       -6.1410576737825346     
  -2.7962274737814177       -1.5642854701618714     
   2.3499328050042262E-002  -11.279503539938009     
  -7.8671013116979740       -9.0238794646512268     
   2.6260905391588945        8.4736636846905284     
  -6.2285177162975049       -10.539541629818835     
   5.7782785472146800        3.7728893843470597     
   8.7550609509136201       -7.3644519973997884     
  -6.6698634224772837        2.5429595817970037     
  -1.1225072114540975       -11.389022970728599     
   5.0568708209019327E-002  -7.9321264811863728     
  -1.8951295375240655        7.9640232174615635     
   7.1557898111067422        4.8930062806594306     
   5.9019770311792765       -2.3528928555589417     
  -4.7060315256142715        5.3755919490281689     
  0.37888868330793379       -9.1535781731720665     
  -1.4171717378117579       -3.1387747161209840     
   3.9618089716740723        6.9933764586921958     
 -0.13046539190863010        2.5892309229163213     
  -1.6629319690014135       -8.6377929325375931     
  -6.1083189238437789       0.17791309098664737     
  -3.8050370264198872       -1.3842166895682231     
 -0.32850898495130937       -6.8866957490037262     
  -9.5454716507434760        2.6616257940567767     
   4.8889710914614586       -6.4862337560395904     
   7.9576709655347608       -5.6394279362306596     
  -2.6874000879798050        7.3400660007279104     
 -0.18543226376559466        10.787561054030173     
  -5.1631081523095075       -8.8723295002576972     
   7.2251664864444498       0.91648729263978113     
   3.5906607718496306       -9.9025018766266495     
   4.3764531860613580       -3.3220597416730167     
   1.2246843403035282E-003  -5.4321582359127429     
   4.6962351012133565        11.345961351249956     
   6.3115331007461417E-002  -10.105841464342273     
   11.061187748015694       -3.1593088939282246     
  0.51694306188036210        9.7632798333298805     
   10.334673840815897       0.23801815845672145     
  -6.6873095339267454        9.6116670798526069     
 -0.19949596917883786        7.0469483431207252     
   9.3340078975148355        3.8023577506928152     
   5.1046081623228581        1.8723490912432050     
  -5.9733286985217404        3.6071971319083547     
  -9.5766250701624269       -3.2989869360606914     
  -1.6112747042835727       -2.1285782298822857     
  -6.7526826752535110      -0.85852719153212098     
   7.9658088572224184       -4.6400260707448906     
  -8.1816539268388428       -5.5321077544549846     
   12.012564786466482       -1.9457216259761205     
  -4.9514441260005455        7.9254768884421969     
  -4.6753689355871728       -7.9983463528384338     
  -8.9974972924557797       -4.1563055785382454     
  -1.9637741402236657E-002  -2.2018040778725680     
   12.105835885369522        2.7295752322152764     
  -2.3876794290372554       -11.402014406244902     
 -0.77535449533452894       -1.5464860930095219     
   2.9610451235620596       -4.4770822218160822     
   9.5742110754338530        4.7746995667209493     
  0.87029715385487583       -7.3596181086531756     
   6.5296185214180005        10.549293772271000     
   6.9466069602073075       -7.1698177572565802     
   10.369272608816789       -2.4368795131063381     
  -3.6490171101069580       -3.6064350084226593     
   8.7169233086710243       -6.2893548006560547     
   5.3089829252792358       -11.195752161952386     
   8.5021529238592546        3.2474008563575998     
   12.409306156657699       -6.2478629867855622E-002
   1.8483000610473364        2.8743621672377673     
  -7.8428666442518624        5.2580444220407703     
   6.7242162634658689        8.5665154679896585     
  0.85837457348984358       -3.0564758470469973     
  -1.7196283122395786       -4.5627442000775860     
   1.2528753418945144       0.96287538127033678     
  -9.7284307284520519       -2.3107243310076018     
   4.9537749516404910       -4.1533898116375223     
   1.2326372617691497       -11.734479815873366     
   5.6362096347529640        11.004108716983829     
  -11.391607607669966        4.9217456395010819     
  -9.4327519503783748        6.1433536022838000     
  -11.379912857636493        3.7271315145646122     
  -7.9233213075099620       0.70279001337859726     
  0.82399494659527361        10.715987099070777     
  -8.2415802721562788       -7.7267147886693452     
   10.477751113767221        2.5822671502318233     
  -4.1563155633835196        6.7089921709239553     
  -4.4398508988806542        8.9371540856268403     
  -5.5044333217840364       0.97460307979516192     
  -7.0827283090649846       -6.2029703166667636     
   3.9066569835694467        2.7648289371352139     
  -1.9397992458083522       -5.5383807202790871     
   2.1167666771936378       -3.4883341369148884     
  -4.6576984239637085        1.5100864765571054     
   5.5950573658709084       -7.3020087322373701     
  -8.5118638691733608       -3.2828598254119012     
   2.7888261015127096        11.047258053554515     
   3.3755425772242886        9.1402193337075275     
   1.2372893888454188       -6.2717702861541254     
  -10.306401713254923       -6.8985919966333151     
   10.596177487974895        4.7464093513375714     
   4.1960261031131019        9.2948571537559393E-002
   1.9434956058098569       -1.8377589830339891     
  -1.1936472468615018        11.016117972118833     
   7.2874359696236919        7.3979756405476671     
  -2.8537242616360103       -8.1654826869144621     
  -7.2985241859478753       -3.8619126557964574     
  -7.8471299622653481        4.2581946346971495     
   10.881885201681897        1.1929847184480438     
   1.5233184416394172        1.9267854675267364     
 -0.98005205824735719       -5.2365888073659814     
   4.8268970249341496      -0.68257039105249018     
  -1.9461681993611823       0.13968133971226024     
  -6.7944789809519008        1.0268815908141951     
  -1.2086526288249078        9.0643537697448266     
 -0.91079986311227235        7.7570511375003512     
  -9.1434954686831205       -1.4984158167417241     
   4.8713966424610309        10.356497997825569     
   2.2360026140454834        12.206658283890535     
  -5.3019275031707194       -7.1608707244115211     
   1.8078968136982234        7.4170282363273818     
   6.1250583979836239       -9.7481516720154104     
  -1.8518436725928624        4.0844129258660580     
  -4.9328041910028970       -1.3292144237583128     
   7.8660558716281148       -9.5982931011553045     
 -0.97615950405358332        3.1357428007427974     
  -2.1406950392561774        9.4273702186274768     
   4.2854330931830678       -8.4692086650392451     
   4.0368993067857097        5.3020300460896648     
   3.7419649910371477       -2.3618859155612273     
   10.014005140749790       -3.3711151145790841     
  -5.5587540857140052       -3.9497476433770053     
  -6.7753929008366223        8.4082769776929975     
  -10.400459128701675        6.4508671754851736     
   6.2991992680856645        7.2476331934297278     
   2.7921727672384895       -10.654376274746573     
   4.9097449776299635       -9.2500342344866660     
  -7.1071281745528312        7.6909832967845412E-002
   9.5892695776606640       -5.7996645456489500     
   9.0441159637635167       -3.0610405770463678     
   6.2083511958507174       -10.744486974256922     
   8.0624548952764581        5.3143359611864707     
  -8.8176938702202783        1.5310493767150675     
  -8.9350540739365485       0.53662834883249044     
   11.740141700069861      -0.98370963398110312     
  -8.4345531317406977        6.0661847250315315     
  0.10289686349583196       -3.9754431280863289     
  -3.7135514352264081        7.6063864428449097     
   1.2522633256622391        11.976841658449734     
  -9.0172229211164279      -0.50531907817327648     
   4.2415726148317754       -1.4960659957699614     
   8.4792428168862735       -8.8077122749388721     
   11.051780841045870        5.6427418234102404     
  -4.1666441365046545       -5.0515688943439292     
   6.4364897740501759        5.5882736588872062     
  -1.6611076534249807       -1.0821125059257524     
   7.1203191194802988       -6.1847322052079932     
   3.3908069276807593       -6.3753314415063596     
   8.0940401834885503        7.9891410822991951     
   1.2294910035100206        3.6689888375311539     
  -2.3674376470899938       -2.8145678818693867     
  -4.2763884925058608        10.655985160172886     
   10.312595784453633        3.5989525636164355     
  -6.0114127726500373       -6.4551996820827577     
   7.1905951918058779       -4.0080883168442325     
  -7.0251786693556584       -9.6108284569494735     
  -5.4051363886658361        2.7829077052817595     
   5.3672649376000727       0.23666412772731735     
  -2.9521064093709422       -10.182914179774599     
   3.6683529429035460        11.855032979130275     
   5.5064005646314085       -1.4261567780707189     
  -5.7578300573306116      -0.75897493354501833     
   4.9061042177204577        8.7472442063338871     
  -6.4075758366040745       -3.4094145879114390     
   3.0097379841197589        10.071556368304263     
  -10.003461428884830       -4.2061467220414226     
  -2.0672750541997869       -7.5420984498411459     
  -7.5912221309606345        9.1836760903391017     
   6.0481403441902160        2.8061903101161696     
   2.7125993818434813       -2.4823289185456741     
  -6.6680657596897817        7.3945749060795789     
   1.9641334869119260       -4.5917144946483317     
  -8.4989307127412346        3.4985214164363239     
  -1.9583424976626904        5.0786425713879577     


