  7    ***    0.12929E-01    0.3227486122E-01    0.0000000000E+00
  7    ***    0.12929E-01    0.6454972244E-01    0.0000000000E+00
  7    ***    0.12929E-01    0.9682458366E-01    0.0000000000E+00
  7    ***    0.12929E-01    0.1290994449E+00    0.0000000000E+00
  7    ***    0.12929E-01    0.1613743061E+00    0.0000000000E+00
  7    ***    0.12929E-01    0.1936491673E+00    0.0000000000E+00
  7    ***    0.12929E-01    0.2259240285E+00    0.0000000000E+00
  7    ***    0.12929E-01    0.2581988897E+00    0.0000000000E+00
  7    ***    0.12929E-01    0.2904737510E+00    0.0000000000E+00
  7    ***    0.12929E-01    0.3227486122E+00    0.0000000000E+00
  7    ***    0.12929E-01    0.3550234734E+00    0.0000000000E+00
  7    ***    0.12929E-01    0.3872983346E+00    0.0000000000E+00
  7    ***    0.12929E-01    0.4195731958E+00    0.0000000000E+00
  7    ***    0.12929E-01    0.4518480571E+00    0.0000000000E+00
  7    ***    0.12929E-01    0.4841229183E+00    0.0000000000E+00
  7    ***    0.12929E-01    0.5163977795E+00    0.0000000000E+00
  7    ***    0.12929E-01    0.5486726407E+00    0.0000000000E+00
  7    ***    0.12929E-01    0.5809475019E+00    0.0000000000E+00
  7    ***    0.12929E-01    0.6132223631E+00    0.0000000000E+00
  7    ***    0.12929E-01    0.6454972244E+00    0.0000000000E+00
  7    ***    0.12929E-01    0.6777720856E+00    0.0000000000E+00
  7    ***    0.12929E-01    0.7100469468E+00    0.0000000000E+00
  7    ***    0.12929E-01    0.7423218080E+00    0.0000000000E+00
  7    ***    0.12929E-01    0.7745966692E+00    0.0000000000E+00
  7    ***    0.12929E-01    0.8068715305E+00    0.0000000000E+00
  7    ***    0.12929E-01    0.8391463917E+00    0.0000000000E+00
  7    ***    0.12929E-01    0.8714212529E+00    0.0000000000E+00
  7    ***    0.12929E-01    0.9036961141E+00    0.0000000000E+00
  7    ***    0.12929E-01    0.9359709753E+00    0.0000000000E+00
  7    ***    0.12929E-01    0.9682458366E+00    0.0000000000E+00
  7    ***    0.12929E-01    0.1000520698E+01    0.4022334879E+04
  7    ***    0.12929E-01    0.1032795559E+01    0.3661723754E+04
  7    ***    0.12929E-01    0.1065070420E+01    0.7944074521E+03
  7    ***    0.12929E-01    0.1097345281E+01    0.6345369805E+03
  7    ***    0.12929E-01    0.1129620143E+01    0.5283095284E+03
  7    ***    0.12929E-01    0.1161895004E+01    0.4736020716E+03
  7    ***    0.12929E-01    0.1194169865E+01    0.4110645149E+03
  7    ***    0.12929E-01    0.1226444726E+01    0.3843485772E+03
  7    ***    0.12929E-01    0.1258719588E+01    0.3737834449E+03
  7    ***    0.12929E-01    0.1290994449E+01    0.3577706419E+03
  7    ***    0.12929E-01    0.1323269310E+01    0.3364118943E+03
  7    ***    0.12929E-01    0.1355544171E+01    0.3214822469E+03
  7    ***    0.12929E-01    0.1387819032E+01    0.3172972863E+03
  7    ***    0.12929E-01    0.1420093894E+01    0.3041257050E+03
  7    ***    0.12929E-01    0.1452368755E+01    0.3054630422E+03
  7    ***    0.12929E-01    0.1484643616E+01    0.2932872312E+03
  7    ***    0.12929E-01    0.1516918477E+01    0.2937267794E+03
  7    ***    0.12929E-01    0.1549193338E+01    0.2988655080E+03
  7    ***    0.12929E-01    0.1581468200E+01    0.3015661299E+03
  7    ***    0.12929E-01    0.1613743061E+01    0.3040341701E+03
  7    ***    0.12929E-01    0.1646017922E+01    0.3208462802E+03
  7    ***    0.12929E-01    0.1678292783E+01    0.3314872974E+03
  7    ***    0.12929E-01    0.1710567645E+01    0.3457197021E+03
  7    ***    0.12929E-01    0.1742842506E+01    0.4204403569E+03
  7    ***    0.12929E-01    0.1775117367E+01    0.4507781957E+03
  7    ***    0.12929E-01    0.1807392228E+01    0.4484739678E+03
  7    ***    0.12929E-01    0.1839667089E+01    0.4724462373E+03
  7    ***    0.12929E-01    0.1871941951E+01    0.5038397097E+03
  7    ***    0.12929E-01    0.1904216812E+01    0.5383387384E+03
  7    ***    0.12929E-01    0.1936491673E+01    0.5938132449E+03
  7    ***    0.12929E-01    0.1968766534E+01    0.6835002420E+03
  7    ***    0.12929E-01    0.2001041396E+01    0.1129825155E+04
  7    ***    0.12929E-01    0.2033316257E+01    0.6974989573E+03
  7    ***    0.12929E-01    0.2065591118E+01    0.5346403027E+03
  7    ***    0.12929E-01    0.2097865979E+01    0.4868868019E+03
  7    ***    0.12929E-01    0.2130140840E+01    0.4581951749E+03
  7    ***    0.12929E-01    0.2162415702E+01    0.4335830592E+03
  7    ***    0.12929E-01    0.2194690563E+01    0.4292118800E+03
  7    ***    0.12929E-01    0.2226965424E+01    0.4284478949E+03
  7    ***    0.12929E-01    0.2259240285E+01    0.4140758199E+03
  7    ***    0.12929E-01    0.2291515147E+01    0.4028277078E+03
  7    ***    0.12929E-01    0.2323790008E+01    0.4010829219E+03
  7    ***    0.12929E-01    0.2356064869E+01    0.4086168157E+03
  7    ***    0.12929E-01    0.2388339730E+01    0.3911946217E+03
  7    ***    0.12929E-01    0.2420614591E+01    0.3873245966E+03
  7    ***    0.12929E-01    0.2452889453E+01    0.3918542260E+03
  7    ***    0.12929E-01    0.2485164314E+01    0.3790226079E+03
  7    ***    0.12929E-01    0.2517439175E+01    0.3849750659E+03
  7    ***    0.12929E-01    0.2549714036E+01    0.3856764228E+03
  7    ***    0.12929E-01    0.2581988897E+01    0.3891532548E+03
  7    ***    0.12929E-01    0.2614263759E+01    0.4027802354E+03
  7    ***    0.12929E-01    0.2646538620E+01    0.4157103680E+03
  7    ***    0.12929E-01    0.2678813481E+01    0.4404760630E+03
  7    ***    0.12929E-01    0.2711088342E+01    0.4596470998E+03
  7    ***    0.12929E-01    0.2743363204E+01    0.4860550525E+03
  7    ***    0.12929E-01    0.2775638065E+01    0.4780828344E+03
  7    ***    0.12929E-01    0.2807912926E+01    0.4774898525E+03
  7    ***    0.12929E-01    0.2840187787E+01    0.4857343382E+03
  7    ***    0.12929E-01    0.2872462648E+01    0.4831462112E+03
  7    ***    0.12929E-01    0.2904737510E+01    0.5009536093E+03
  7    ***    0.12929E-01    0.2937012371E+01    0.5272365369E+03
  7    ***    0.12929E-01    0.2969287232E+01    0.5273855601E+03
  7    ***    0.12929E-01    0.3001562093E+01    0.5438728745E+03
  7    ***    0.12929E-01    0.3033836955E+01    0.4747835366E+03
  7    ***    0.12929E-01    0.3066111816E+01    0.4551541694E+03
  7    ***    0.12929E-01    0.3098386677E+01    0.4439139673E+03
  7    ***    0.12929E-01    0.3130661538E+01    0.4387121674E+03
  7    ***    0.12929E-01    0.3162936399E+01    0.4258653276E+03
  7    ***    0.12929E-01    0.3195211261E+01    0.4250164084E+03
  7    ***    0.12929E-01    0.3227486122E+01    0.4261500765E+03
  7    ***    0.12929E-01    0.3259760983E+01    0.4116225085E+03
  7    ***    0.12929E-01    0.3292035844E+01    0.4191479493E+03
  7    ***    0.12929E-01    0.3324310705E+01    0.4203156276E+03
  7    ***    0.12929E-01    0.3356585567E+01    0.4155657045E+03
  7    ***    0.12929E-01    0.3388860428E+01    0.4134312367E+03
  7    ***    0.12929E-01    0.3421135289E+01    0.4091745358E+03
  7    ***    0.12929E-01    0.3453410150E+01    0.4204727144E+03
  7    ***    0.12929E-01    0.3485685012E+01    0.4176699470E+03
  7    ***    0.12929E-01    0.3517959873E+01    0.4199977198E+03
  7    ***    0.12929E-01    0.3550234734E+01    0.4105156847E+03
  7    ***    0.12929E-01    0.3582509595E+01    0.4176041346E+03
  7    ***    0.12929E-01    0.3614784456E+01    0.4206829133E+03
  7    ***    0.12929E-01    0.3647059318E+01    0.4314754169E+03
  7    ***    0.12929E-01    0.3679334179E+01    0.4348533719E+03
  7    ***    0.12929E-01    0.3711609040E+01    0.4469615682E+03
  7    ***    0.12929E-01    0.3743883901E+01    0.4454993513E+03
  7    ***    0.12929E-01    0.3776158763E+01    0.4342435381E+03
  7    ***    0.12929E-01    0.3808433624E+01    0.4375349535E+03
  7    ***    0.12929E-01    0.3840708485E+01    0.4380803605E+03
  7    ***    0.12929E-01    0.3872983346E+01    0.4269902042E+03
  7    ***    0.12929E-01    0.3905258207E+01    0.4326605335E+03
  7    ***    0.12929E-01    0.3937533069E+01    0.4288228869E+03
  7    ***    0.12929E-01    0.3969807930E+01    0.4313506914E+03
  7    ***    0.12929E-01    0.4002082791E+01    0.4285012943E+03
  7    ***    0.12929E-01    0.4034357652E+01    0.4244786332E+03
  7    ***    0.12929E-01    0.4066632514E+01    0.4170787807E+03
  7    ***    0.12929E-01    0.4098907375E+01    0.4146513429E+03
  7    ***    0.12929E-01    0.4131182236E+01    0.4150581164E+03
  7    ***    0.12929E-01    0.4163457097E+01    0.4139603969E+03
  7    ***    0.12929E-01    0.4195731958E+01    0.4067916774E+03
  7    ***    0.12929E-01    0.4228006820E+01    0.4058990102E+03
  7    ***    0.12929E-01    0.4260281681E+01    0.4040826606E+03
  7    ***    0.12929E-01    0.4292556542E+01    0.4090971509E+03
  7    ***    0.12929E-01    0.4324831403E+01    0.4086803280E+03
  7    ***    0.12929E-01    0.4357106264E+01    0.4096177279E+03
  7    ***    0.12929E-01    0.4389381126E+01    0.4066022361E+03
  7    ***    0.12929E-01    0.4421655987E+01    0.4075635119E+03
  7    ***    0.12929E-01    0.4453930848E+01    0.4099405378E+03
  7    ***    0.12929E-01    0.4486205709E+01    0.4082677074E+03
  7    ***    0.12929E-01    0.4518480571E+01    0.4092401822E+03
  7    ***    0.12929E-01    0.4550755432E+01    0.4086473647E+03
  7    ***    0.12929E-01    0.4583030293E+01    0.4078901615E+03
  7    ***    0.12929E-01    0.4615305154E+01    0.4121900819E+03
  7    ***    0.12929E-01    0.4647580015E+01    0.4126396346E+03
  7    ***    0.12929E-01    0.4679854877E+01    0.4130829650E+03
  7    ***    0.12929E-01    0.4712129738E+01    0.4162504472E+03
  7    ***    0.12929E-01    0.4744404599E+01    0.4161833320E+03
  7    ***    0.12929E-01    0.4776679460E+01    0.4182578956E+03
  7    ***    0.12929E-01    0.4808954322E+01    0.4101528987E+03
  7    ***    0.12929E-01    0.4841229183E+01    0.4080702933E+03
  7    ***    0.12929E-01    0.4873504044E+01    0.4119712483E+03
  7    ***    0.12929E-01    0.4905778905E+01    0.4032883306E+03
  7    ***    0.12929E-01    0.4938053766E+01    0.3996152064E+03
  7    ***    0.12929E-01    0.4970328628E+01    0.4121745985E+03
  7    ***    0.12929E-01    0.5002603489E+01    0.4132449341E+03
  7    ***    0.12929E-01    0.5034878350E+01    0.4137119648E+03
  7    ***    0.12929E-01    0.5067153211E+01    0.4059006311E+03
  7    ***    0.12929E-01    0.5099428073E+01    0.3961707075E+03
  7    ***    0.12929E-01    0.5131702934E+01    0.3913962460E+03
  7    ***    0.12929E-01    0.5163977795E+01    0.3900918588E+03
  7    ***    0.12929E-01    0.5196252656E+01    0.3873186762E+03
  7    ***    0.12929E-01    0.5228527517E+01    0.3804360921E+03
  7    ***    0.12929E-01    0.5260802379E+01    0.3785462614E+03
  7    ***    0.12929E-01    0.5293077240E+01    0.3770159634E+03
  7    ***    0.12929E-01    0.5325352101E+01    0.3804826763E+03
  7    ***    0.12929E-01    0.5357626962E+01    0.3809532718E+03
  7    ***    0.12929E-01    0.5389901823E+01    0.3799438567E+03
  7    ***    0.12929E-01    0.5422176685E+01    0.3827654527E+03
  7    ***    0.12929E-01    0.5454451546E+01    0.3870708667E+03
  7    ***    0.12929E-01    0.5486726407E+01    0.3928037892E+03
  7    ***    0.12929E-01    0.5519001268E+01    0.3931106558E+03
  7    ***    0.12929E-01    0.5551276130E+01    0.3855324797E+03
  7    ***    0.12929E-01    0.5583550991E+01    0.3788098007E+03
  7    ***    0.12929E-01    0.5615825852E+01    0.3840119821E+03
  7    ***    0.12929E-01    0.5648100713E+01    0.3791729254E+03
  7    ***    0.12929E-01    0.5680375574E+01    0.3828047289E+03
  7    ***    0.12929E-01    0.5712650436E+01    0.3878843118E+03
  7    ***    0.12929E-01    0.5744925297E+01    0.3836561262E+03
  7    ***    0.12929E-01    0.5777200158E+01    0.3864485309E+03
  7    ***    0.12929E-01    0.5809475019E+01    0.3936757367E+03
  7    ***    0.12929E-01    0.5841749881E+01    0.3894462381E+03
  7    ***    0.12929E-01    0.5874024742E+01    0.3831812656E+03
  7    ***    0.12929E-01    0.5906299603E+01    0.3826444130E+03
  7    ***    0.12929E-01    0.5938574464E+01    0.3765680544E+03
  7    ***    0.12929E-01    0.5970849325E+01    0.3739307864E+03
  7    ***    0.12929E-01    0.6003124187E+01    0.3662097756E+03
  7    ***    0.12929E-01    0.6035399048E+01    0.3695330299E+03
  7    ***    0.12929E-01    0.6067673909E+01    0.3635964703E+03
  7    ***    0.12929E-01    0.6099948770E+01    0.3623484389E+03
  7    ***    0.12929E-01    0.6132223631E+01    0.3579153628E+03
  7    ***    0.12929E-01    0.6164498493E+01    0.3552238075E+03
  7    ***    0.12929E-01    0.6196773354E+01    0.3593208322E+03
  7    ***    0.12929E-01    0.6229048215E+01    0.3650579509E+03
  7    ***    0.12929E-01    0.6261323076E+01    0.3607867366E+03
  7    ***    0.12929E-01    0.6293597938E+01    0.3676984881E+03
  7    ***    0.12929E-01    0.6325872799E+01    0.3661876007E+03
  7    ***    0.12929E-01    0.6358147660E+01    0.3617270307E+03
  7    ***    0.12929E-01    0.6390422521E+01    0.3614994609E+03
  7    ***    0.12929E-01    0.6422697382E+01    0.3627674342E+03
  7    ***    0.12929E-01    0.6454972244E+01    0.3606988707E+03
