 10    ***    0.12929E-01    0.3227486122E-01    0.0000000000E+00
 10    ***    0.12929E-01    0.6454972244E-01    0.0000000000E+00
 10    ***    0.12929E-01    0.9682458366E-01    0.0000000000E+00
 10    ***    0.12929E-01    0.1290994449E+00    0.0000000000E+00
 10    ***    0.12929E-01    0.1613743061E+00    0.0000000000E+00
 10    ***    0.12929E-01    0.1936491673E+00    0.0000000000E+00
 10    ***    0.12929E-01    0.2259240285E+00    0.0000000000E+00
 10    ***    0.12929E-01    0.2581988897E+00    0.0000000000E+00
 10    ***    0.12929E-01    0.2904737510E+00    0.0000000000E+00
 10    ***    0.12929E-01    0.3227486122E+00    0.0000000000E+00
 10    ***    0.12929E-01    0.3550234734E+00    0.0000000000E+00
 10    ***    0.12929E-01    0.3872983346E+00    0.0000000000E+00
 10    ***    0.12929E-01    0.4195731958E+00    0.0000000000E+00
 10    ***    0.12929E-01    0.4518480571E+00    0.0000000000E+00
 10    ***    0.12929E-01    0.4841229183E+00    0.0000000000E+00
 10    ***    0.12929E-01    0.5163977795E+00    0.0000000000E+00
 10    ***    0.12929E-01    0.5486726407E+00    0.0000000000E+00
 10    ***    0.12929E-01    0.5809475019E+00    0.0000000000E+00
 10    ***    0.12929E-01    0.6132223631E+00    0.0000000000E+00
 10    ***    0.12929E-01    0.6454972244E+00    0.0000000000E+00
 10    ***    0.12929E-01    0.6777720856E+00    0.0000000000E+00
 10    ***    0.12929E-01    0.7100469468E+00    0.0000000000E+00
 10    ***    0.12929E-01    0.7423218080E+00    0.0000000000E+00
 10    ***    0.12929E-01    0.7745966692E+00    0.0000000000E+00
 10    ***    0.12929E-01    0.8068715305E+00    0.0000000000E+00
 10    ***    0.12929E-01    0.8391463917E+00    0.0000000000E+00
 10    ***    0.12929E-01    0.8714212529E+00    0.0000000000E+00
 10    ***    0.12929E-01    0.9036961141E+00    0.0000000000E+00
 10    ***    0.12929E-01    0.9359709753E+00    0.0000000000E+00
 10    ***    0.12929E-01    0.9682458366E+00    0.0000000000E+00
 10    ***    0.12929E-01    0.1000520698E+01    0.3579765162E+03
 10    ***    0.12929E-01    0.1032795559E+01    0.5278244848E+03
 10    ***    0.12929E-01    0.1065070420E+01    0.9549688352E+02
 10    ***    0.12929E-01    0.1097345281E+01    0.7087573442E+02
 10    ***    0.12929E-01    0.1129620143E+01    0.5919641246E+02
 10    ***    0.12929E-01    0.1161895004E+01    0.5377016128E+02
 10    ***    0.12929E-01    0.1194169865E+01    0.5461325565E+02
 10    ***    0.12929E-01    0.1226444726E+01    0.5133701844E+02
 10    ***    0.12929E-01    0.1258719588E+01    0.5241116962E+02
 10    ***    0.12929E-01    0.1290994449E+01    0.4956286390E+02
 10    ***    0.12929E-01    0.1323269310E+01    0.4796183332E+02
 10    ***    0.12929E-01    0.1355544171E+01    0.3941826909E+02
 10    ***    0.12929E-01    0.1387819032E+01    0.4071969857E+02
 10    ***    0.12929E-01    0.1420093894E+01    0.4582491566E+02
 10    ***    0.12929E-01    0.1452368755E+01    0.4271217960E+02
 10    ***    0.12929E-01    0.1484643616E+01    0.3944524093E+02
 10    ***    0.12929E-01    0.1516918477E+01    0.4247417595E+02
 10    ***    0.12929E-01    0.1549193338E+01    0.4479658794E+02
 10    ***    0.12929E-01    0.1581468200E+01    0.4179375990E+02
 10    ***    0.12929E-01    0.1613743061E+01    0.4315124566E+02
 10    ***    0.12929E-01    0.1646017922E+01    0.4100587714E+02
 10    ***    0.12929E-01    0.1678292783E+01    0.4133701978E+02
 10    ***    0.12929E-01    0.1710567645E+01    0.4503145117E+02
 10    ***    0.12929E-01    0.1742842506E+01    0.4908278948E+02
 10    ***    0.12929E-01    0.1775117367E+01    0.5382649378E+02
 10    ***    0.12929E-01    0.1807392228E+01    0.5436159325E+02
 10    ***    0.12929E-01    0.1839667089E+01    0.5815887818E+02
 10    ***    0.12929E-01    0.1871941951E+01    0.6526072324E+02
 10    ***    0.12929E-01    0.1904216812E+01    0.7243318299E+02
 10    ***    0.12929E-01    0.1936491673E+01    0.8085392094E+02
 10    ***    0.12929E-01    0.1968766534E+01    0.9625270053E+02
 10    ***    0.12929E-01    0.2001041396E+01    0.1639849721E+03
 10    ***    0.12929E-01    0.2033316257E+01    0.1025273597E+03
 10    ***    0.12929E-01    0.2065591118E+01    0.7657884204E+02
 10    ***    0.12929E-01    0.2097865979E+01    0.6711650313E+02
 10    ***    0.12929E-01    0.2130140840E+01    0.6341704871E+02
 10    ***    0.12929E-01    0.2162415702E+01    0.6721173079E+02
 10    ***    0.12929E-01    0.2194690563E+01    0.6568784282E+02
 10    ***    0.12929E-01    0.2226965424E+01    0.6548726371E+02
 10    ***    0.12929E-01    0.2259240285E+01    0.6403204110E+02
 10    ***    0.12929E-01    0.2291515147E+01    0.6140446031E+02
 10    ***    0.12929E-01    0.2323790008E+01    0.5588720262E+02
 10    ***    0.12929E-01    0.2356064869E+01    0.6062376425E+02
 10    ***    0.12929E-01    0.2388339730E+01    0.5941091623E+02
 10    ***    0.12929E-01    0.2420614591E+01    0.5795718046E+02
 10    ***    0.12929E-01    0.2452889453E+01    0.5690621880E+02
 10    ***    0.12929E-01    0.2485164314E+01    0.6023671321E+02
 10    ***    0.12929E-01    0.2517439175E+01    0.6227209252E+02
 10    ***    0.12929E-01    0.2549714036E+01    0.6169940418E+02
 10    ***    0.12929E-01    0.2581988897E+01    0.5805331700E+02
 10    ***    0.12929E-01    0.2614263759E+01    0.5867340888E+02
 10    ***    0.12929E-01    0.2646538620E+01    0.5802847810E+02
 10    ***    0.12929E-01    0.2678813481E+01    0.6396755473E+02
 10    ***    0.12929E-01    0.2711088342E+01    0.6622675438E+02
 10    ***    0.12929E-01    0.2743363204E+01    0.6152534567E+02
 10    ***    0.12929E-01    0.2775638065E+01    0.6309311466E+02
 10    ***    0.12929E-01    0.2807912926E+01    0.6516631344E+02
 10    ***    0.12929E-01    0.2840187787E+01    0.6907797448E+02
 10    ***    0.12929E-01    0.2872462648E+01    0.6802120415E+02
 10    ***    0.12929E-01    0.2904737510E+01    0.6558819662E+02
 10    ***    0.12929E-01    0.2937012371E+01    0.7031096076E+02
 10    ***    0.12929E-01    0.2969287232E+01    0.7299350116E+02
 10    ***    0.12929E-01    0.3001562093E+01    0.7488024998E+02
 10    ***    0.12929E-01    0.3033836955E+01    0.6570188402E+02
 10    ***    0.12929E-01    0.3066111816E+01    0.6309878768E+02
 10    ***    0.12929E-01    0.3098386677E+01    0.6115816167E+02
 10    ***    0.12929E-01    0.3130661538E+01    0.6194937109E+02
 10    ***    0.12929E-01    0.3162936399E+01    0.6161695864E+02
 10    ***    0.12929E-01    0.3195211261E+01    0.5681362890E+02
 10    ***    0.12929E-01    0.3227486122E+01    0.5817744991E+02
 10    ***    0.12929E-01    0.3259760983E+01    0.6093306382E+02
 10    ***    0.12929E-01    0.3292035844E+01    0.6043309193E+02
 10    ***    0.12929E-01    0.3324310705E+01    0.5673306974E+02
 10    ***    0.12929E-01    0.3356585567E+01    0.5630302172E+02
 10    ***    0.12929E-01    0.3388860428E+01    0.5512091579E+02
 10    ***    0.12929E-01    0.3421135289E+01    0.5666459062E+02
 10    ***    0.12929E-01    0.3453410150E+01    0.5715590249E+02
 10    ***    0.12929E-01    0.3485685012E+01    0.5511765158E+02
 10    ***    0.12929E-01    0.3517959873E+01    0.5406515420E+02
 10    ***    0.12929E-01    0.3550234734E+01    0.5488301965E+02
 10    ***    0.12929E-01    0.3582509595E+01    0.5789840782E+02
 10    ***    0.12929E-01    0.3614784456E+01    0.5982741366E+02
 10    ***    0.12929E-01    0.3647059318E+01    0.5974832182E+02
 10    ***    0.12929E-01    0.3679334179E+01    0.6075652312E+02
 10    ***    0.12929E-01    0.3711609040E+01    0.6221860175E+02
 10    ***    0.12929E-01    0.3743883901E+01    0.6156526588E+02
 10    ***    0.12929E-01    0.3776158763E+01    0.5915700436E+02
 10    ***    0.12929E-01    0.3808433624E+01    0.6238115244E+02
 10    ***    0.12929E-01    0.3840708485E+01    0.6047081990E+02
 10    ***    0.12929E-01    0.3872983346E+01    0.6041654824E+02
 10    ***    0.12929E-01    0.3905258207E+01    0.5803013759E+02
 10    ***    0.12929E-01    0.3937533069E+01    0.5888549506E+02
 10    ***    0.12929E-01    0.3969807930E+01    0.5911989004E+02
 10    ***    0.12929E-01    0.4002082791E+01    0.5998556249E+02
 10    ***    0.12929E-01    0.4034357652E+01    0.5656660699E+02
 10    ***    0.12929E-01    0.4066632514E+01    0.5863192013E+02
 10    ***    0.12929E-01    0.4098907375E+01    0.5969027507E+02
 10    ***    0.12929E-01    0.4131182236E+01    0.5856702182E+02
 10    ***    0.12929E-01    0.4163457097E+01    0.5912587557E+02
 10    ***    0.12929E-01    0.4195731958E+01    0.5832321992E+02
 10    ***    0.12929E-01    0.4228006820E+01    0.5680697261E+02
 10    ***    0.12929E-01    0.4260281681E+01    0.5642145608E+02
 10    ***    0.12929E-01    0.4292556542E+01    0.5794825472E+02
 10    ***    0.12929E-01    0.4324831403E+01    0.5881126838E+02
 10    ***    0.12929E-01    0.4357106264E+01    0.5956299788E+02
 10    ***    0.12929E-01    0.4389381126E+01    0.6057425388E+02
 10    ***    0.12929E-01    0.4421655987E+01    0.5793659678E+02
 10    ***    0.12929E-01    0.4453930848E+01    0.5650035204E+02
 10    ***    0.12929E-01    0.4486205709E+01    0.5587912815E+02
 10    ***    0.12929E-01    0.4518480571E+01    0.5847957284E+02
 10    ***    0.12929E-01    0.4550755432E+01    0.5923055989E+02
 10    ***    0.12929E-01    0.4583030293E+01    0.5789055784E+02
 10    ***    0.12929E-01    0.4615305154E+01    0.6143715866E+02
 10    ***    0.12929E-01    0.4647580015E+01    0.6104451615E+02
 10    ***    0.12929E-01    0.4679854877E+01    0.6174991508E+02
 10    ***    0.12929E-01    0.4712129738E+01    0.6180856050E+02
 10    ***    0.12929E-01    0.4744404599E+01    0.6019076990E+02
 10    ***    0.12929E-01    0.4776679460E+01    0.6024537919E+02
 10    ***    0.12929E-01    0.4808954322E+01    0.5953102227E+02
 10    ***    0.12929E-01    0.4841229183E+01    0.5945986091E+02
 10    ***    0.12929E-01    0.4873504044E+01    0.6196827254E+02
 10    ***    0.12929E-01    0.4905778905E+01    0.6402672045E+02
 10    ***    0.12929E-01    0.4938053766E+01    0.6177006851E+02
 10    ***    0.12929E-01    0.4970328628E+01    0.6260854778E+02
 10    ***    0.12929E-01    0.5002603489E+01    0.6393063490E+02
 10    ***    0.12929E-01    0.5034878350E+01    0.6177054100E+02
 10    ***    0.12929E-01    0.5067153211E+01    0.6099183526E+02
 10    ***    0.12929E-01    0.5099428073E+01    0.5845745902E+02
 10    ***    0.12929E-01    0.5131702934E+01    0.5778659930E+02
 10    ***    0.12929E-01    0.5163977795E+01    0.6076425965E+02
 10    ***    0.12929E-01    0.5196252656E+01    0.6006834787E+02
 10    ***    0.12929E-01    0.5228527517E+01    0.5927383401E+02
 10    ***    0.12929E-01    0.5260802379E+01    0.5946067851E+02
 10    ***    0.12929E-01    0.5293077240E+01    0.5953932883E+02
 10    ***    0.12929E-01    0.5325352101E+01    0.6088639243E+02
 10    ***    0.12929E-01    0.5357626962E+01    0.5787816159E+02
 10    ***    0.12929E-01    0.5389901823E+01    0.5838090078E+02
 10    ***    0.12929E-01    0.5422176685E+01    0.5608639198E+02
 10    ***    0.12929E-01    0.5454451546E+01    0.5653939210E+02
 10    ***    0.12929E-01    0.5486726407E+01    0.5627192966E+02
 10    ***    0.12929E-01    0.5519001268E+01    0.5810452932E+02
 10    ***    0.12929E-01    0.5551276130E+01    0.5958909552E+02
 10    ***    0.12929E-01    0.5583550991E+01    0.6129854940E+02
 10    ***    0.12929E-01    0.5615825852E+01    0.6082782673E+02
 10    ***    0.12929E-01    0.5648100713E+01    0.5952777938E+02
 10    ***    0.12929E-01    0.5680375574E+01    0.5813227250E+02
 10    ***    0.12929E-01    0.5712650436E+01    0.6058456086E+02
 10    ***    0.12929E-01    0.5744925297E+01    0.6132208575E+02
 10    ***    0.12929E-01    0.5777200158E+01    0.5918673639E+02
 10    ***    0.12929E-01    0.5809475019E+01    0.5966847382E+02
 10    ***    0.12929E-01    0.5841749881E+01    0.5898238104E+02
 10    ***    0.12929E-01    0.5874024742E+01    0.6132875700E+02
 10    ***    0.12929E-01    0.5906299603E+01    0.6120479933E+02
 10    ***    0.12929E-01    0.5938574464E+01    0.6023290376E+02
 10    ***    0.12929E-01    0.5970849325E+01    0.6159028883E+02
 10    ***    0.12929E-01    0.6003124187E+01    0.6328995792E+02
 10    ***    0.12929E-01    0.6035399048E+01    0.6161796694E+02
 10    ***    0.12929E-01    0.6067673909E+01    0.6099055091E+02
 10    ***    0.12929E-01    0.6099948770E+01    0.6198008521E+02
 10    ***    0.12929E-01    0.6132223631E+01    0.6092736777E+02
 10    ***    0.12929E-01    0.6164498493E+01    0.6161811029E+02
 10    ***    0.12929E-01    0.6196773354E+01    0.6107826503E+02
 10    ***    0.12929E-01    0.6229048215E+01    0.6195682838E+02
 10    ***    0.12929E-01    0.6261323076E+01    0.6400545581E+02
 10    ***    0.12929E-01    0.6293597938E+01    0.6310554864E+02
 10    ***    0.12929E-01    0.6325872799E+01    0.6402799290E+02
 10    ***    0.12929E-01    0.6358147660E+01    0.6330300792E+02
 10    ***    0.12929E-01    0.6390422521E+01    0.6466896466E+02
 10    ***    0.12929E-01    0.6422697382E+01    0.6388647791E+02
 10    ***    0.12929E-01    0.6454972244E+01    0.6432189187E+02
