  -9.8649769011572701        3.9307834439158866     
  -5.9829519427813187       -4.5802294781462844     
   12.236781256223699        2.0578753433218062     
   9.5623593074303486       -5.3320385082514070     
   2.8270017460085035        8.8844064543113745     
   2.1320019888352548       -10.065971226130106     
   7.0261352300402038       0.23797383777768594     
   4.7316501187184032       -9.5454392113100166     
   2.8464986119774820       0.82509946630157616     
  -5.3018387745399975       -11.219371602547346     
  -8.8487740319698194        6.1258834752274467     
   5.4067314913231224       -8.8066342835693980     
   2.8723913722804744        5.4421454874266431     
   4.5484205452852997        10.733716641938486     
  -3.4658976606625198        7.6718029126257834     
  -8.9042593743513656        4.2096472580410964     
  -2.9700510678398762        5.1244030273066432     
   6.3286422920393646       -8.4197760594448727     
  -11.650061286342108        3.3884934359543641     
  -3.9052392916379071       0.75553321695175069     
  -8.0762590003136516        5.1646321357594642     
   4.4600158866516164       -10.850302271969216     
  -6.6029331630424348        6.2358750453056837     
  -10.065336357916030        7.2588944642403428     
  -4.4288273576793316        10.842287157744677     
  -5.6433201332962950       -8.7339843437565090     
   7.9339112427056682       -1.5114896141862360     
   6.2703709181134837      -0.41724185037059425     
   4.2614584741938941        9.0719233833513826     
   1.8429941733247281        1.0640221873999847     
  -8.1605671094365881       -7.6025762183394781     
   2.3001355647944481       -6.5794144176024014     
  -5.9351483389492863       -6.5769007928205987     
  -5.7906869931951039        9.0663031815425121     
  -5.2773028562264654       -7.8024789504915129     
  -11.070926194897471      -0.78621521663428884     
  -10.286328804663150       -6.6710162509886608     
  -4.8396604258827178       0.21581728081581539     
  -10.583038316075770        6.4032602237585010     
   10.493688003584042       -1.6052857707335619     
  -1.4203492049109141       -8.6500887155442232     
  -6.2281337134624817        2.1067320454664293     
  -10.665444949160046       -3.0747948410809269     
  -1.0974391792685894       -9.5997943022254866     
   11.649539382936247       -2.8183991144426375     
   7.4703549481913862       -2.4263031030933466     
   2.8221436624614484       -1.4253881054950877     
  -3.4207901604455335        8.7481877986088410     
   1.4996732129275931       -8.6328515370556733     
   8.0846717322438479        1.7316114447199102     
   3.8658577850570195       -10.046568443356920     
  -7.7456918798280894       -8.5142213370027484     
   9.0241357340387989        8.1557770922659216     
  -7.5481067494424234        3.2392238180775181     
   6.0635323127277960       -4.8449619465866993     
   12.032523073859839        3.0364014009890616     
   6.8548991763069864        2.1459633704780048     
 -0.23639640180018323        12.289236166501281     
   1.8696639864305984        2.2124244126409449     
  -10.072685172220099      -0.84941489273897930     
   2.9940364718498729       -9.5543053731432117     
  -5.5075727877453806       -2.3709177785808122     
 -0.38387533114260802        9.0632770496663859     
   3.8309935907179495        1.0038270314508642     
  -9.4276286804513898       -4.5800586347034953     
  -7.4588936577591864        9.4280514338568775     
  -10.096700523860358        5.5300639776863560     
   8.5605027964910168       -5.1689105584257549     
   10.227975839649732        1.7486493785891375     
  0.47392129571324115        6.3984734040558067     
   4.1253523281423803       -5.8802377978769087     
   1.1256568753554992       -4.7678620638507958     
  -5.8128986576579971       -3.7977837415756464E-002
  -4.5312535614019739E-002   7.8674453968543432     
   7.3978558961869574       -5.1611355924071018     
   9.0604365453994475        5.5845783499650024     
   9.0649133264101511       -7.0887079249347575     
   1.8396479247152393        5.2924956543333899     
   9.8340483713838065        7.5684126089487922     
  -11.096015653525363        5.5435728975491942     
   3.0520137901193540        1.8062775442166403     
 -0.65274197330959804       -6.1773341504809220     
  -8.3708666418160877       -1.7112869891715103     
   4.0770704271319325        3.2660238574316165E-002
  -7.3100489253764414       -9.4154519953913773     
 -0.23224654169329836        5.5447139160418741     
   11.413687482573410       -1.2148360660158544     
   3.0924028547765472      -0.14640133347345144     
   5.8883976044983495       -1.3417272560994549     
  -3.8354434300244296       -2.4262796216652829     
   5.0771435228466411        6.4480277593630841E-002
   11.446109442030480      -0.21602924801418857     
   6.8305648767071627        5.4453936950383071     
  -3.2617958783182250       -6.8824594761645930     
  0.82576784143599635        12.364266621436691     
  -4.9734336305586035       -6.8501176115146416     
  -2.5496463215599294       -1.8764652949887484     
   4.9242007302110764       -1.0767352944582371     
   8.8111397571576848        4.3524325909226977     
   8.9674995933029678       -4.1071074813312345     
   11.089520182363909        2.2552523507244069     
   2.7204386750793277        9.8788056541573415     
   4.1219920330865767       -4.8051660836260783     
   10.347816318559262       0.75488608001458601     
   8.7187260706888061      -0.66872852778182079     
   10.886731829619135       -5.6749666615843219     
   7.9766590337781667       -4.3462236004390844     
   5.1068807470961604        4.9613601433154901     
   4.4715149801001113       -7.3059106425292777     
  0.71809193629781476       -7.5473931949826225     
   9.8014890630209166        2.6542777461231593     
   6.8798765700132645       -1.2097629668962810     
   5.3974233805418610       -7.8062421121953678     
   9.0381504535951009       -1.6161876195136584     
  -4.2744082658378053        6.6996226279710784     
   1.4767186152617919        7.4844459802186609     
   7.2959758409289641        4.2194869436570412     
  -12.018731844118093       -3.0898926364079276     
   1.0500773231384235        2.7868804824660649     
   6.4781467557083099       -2.1580899643706850     
  -7.5885134828487084        8.4346699522706317     
  -8.2933510127905912       -6.6109039481664063     
   7.1906280269265039       -7.9108786611358708     
   3.2920015978666437       -6.4402785965046698     
  -6.3766622723515232       -1.8444815395534193     
   5.9420977681792611       -6.4942377969043719     
 -0.77228437869162481        2.2750998584376085     
   3.2093341080250637        10.750964662584394     
  -1.5551666550318985        9.6516143003804480     
   8.7938534516508755E-003  -4.4737662834930898     
  -1.9482989641938557        1.1622643859740622     
   3.7320295203887337        6.0517700659942646     
  -6.9736326803872775       -4.8868189175871350     
  0.35628284520789788        2.0651696840318130     
  -1.9419207200173769       -7.4223389408212261     
   8.8085600102662571        2.9249083981541060     
   6.0342190511529754       -9.6437937637575963     
  -2.2205918648670715        3.5360527427162367     
  -3.1123003667165090        3.0801071499630193     
  -11.449951494462374       -2.2608488302464376     
  -1.7718269462372083        2.2837516111503464     
  -2.5819246093716068        8.2030975211525909     
  -6.3004422302149239       -9.4885838282607349     
  -4.6602591739066455        5.4339788025979523     
   1.2145985571526892       -6.6217811047340271     
   4.3449106350487341        7.5774313533968884     
   7.7257886295412463        7.8702381342508652     
   6.9694905112665646       -9.1868140772316256     
  -5.8436301631253622E-002   2.9748150491217107     
 -0.43944186957061260       -8.8457083666415492     
  -7.2506037320044516       -7.0810703451216099     
   5.0810081857386713        1.1207074590485220     
 -0.63785486969320426        6.5021905000024613     
   4.1688912485314518       -1.7401943302061078     
   6.4383539218686519        7.9881256602184481     
   3.1035874948504274       -2.9670717784139899     
  -9.3879843365036688        2.7263669907357460     
  -4.7291565268853839       -1.5885382046792245     
   9.4083881535848750        1.1686226322365103     
  -4.6606723400242291       -3.9448359228148178     
   5.5674449562630297        2.1683842613432578     
   9.2259785683319393        6.7751012995873499     
  -5.7678379125479582        3.0061299837207698     
  -11.361821659961288       -4.9815384805006939     
   10.863583629302836        3.2310594879127081     
  0.63945975701061442       -10.681241140568401     
  -2.2215037004811693       -3.5319758911592207     
   2.3526759490021378        4.3000563251519974     
   10.670836412165540       -2.5897888376468527     
   1.8118982219771103        12.195389428436863     
  -10.626379300602730       -1.6851820827545532     
  -3.8492410902600822       -11.793805667474407     
  -9.0777203895652772        7.1030638048982997     
  -9.5700472693328393        1.5142845282706105E-002
  -2.8872936642228066       -12.069209117170427     
   4.5197389510292370        3.8816897331503468     
  -10.273093299366488       -5.1347668330956262     
   7.8692136549063481       -7.0055334628497334     
 -0.67750995480049370        4.1467320867547182     
  -5.0342101201315907       -5.8523489871436043     
  0.47897107013327467        10.777486121476167     
 -0.20281595169517333        10.046538773295826     
   1.1898761223668644        4.5320576912728336     
  -3.3152806804949129       -7.8819305886908673     
  -1.9012155550238863        5.5049330743873952     
   5.7993520504379195       -3.8758451740243611     
   9.6854032541531758       -3.4074157490294321     
  -3.0385994172610888        4.1268139512412834     
   3.2292247859908949       -4.3532740030748887     
   5.4446942481764191        6.8750595686706424     
  0.76476740762384665        8.5677846665421704     
   4.5190982685137495       -2.9875535379027065     
   6.2556829745506590       -10.716088547063316     
  -2.8520423662734973      -0.92138332062811912     
   1.4043979415457450        11.231719155610563     
   8.6801562431275272       -3.1461747316186801     
  -9.3752642199668141       -5.5792955181658161     
  -6.0943099346128289        4.8146047357463209     
  -7.0441809188864948      -0.88845353668900040     
  -4.6435873282324245       -8.7203384504546957     
