  -11.221242732613240        1.5651766243530509     
  0.68761775531646196       -2.8525106269230096     
   5.6186755494419094        11.063961983123729     
   2.0185545281919284        4.9625483552190373     
  -7.7885225646596581       -1.9989681171911036     
   6.6825407839491389        3.5203273338989347     
   2.1571928138619922E-002   7.8982186863456967     
  -10.626426582027310        5.4473706808413400     
   3.1144044402968052       -12.010951800469678     
   3.4787879455705526       -6.3348640577310604     
   8.0794877435230639        4.2811637806639702     
  -3.1887738056304520       -1.9233264608025269     
   7.2085142572588365       -5.8990070305969446     
  -3.0126437109730131        12.038709972586480     
   10.229598915976483        7.0235623427189884     
  -2.2409567789513378       -12.193716324710223     
   8.4611323243778074        2.3212228740227312     
   2.5001382484021186       -6.0590742730667486     
  -9.0708508474311280       -7.5609823005643841     
  0.18988656014460017       0.46096527198226656     
 -0.30159923593145199       -11.595733227644590     
  -8.9871234157666517       -8.5573694175571031     
   1.6202688818657631        7.4663810982734233     
  -4.6813504511005277       -10.376132154514783     
   4.9129070271368107        3.6229270412174324     
   7.3769295596707565       -8.7197945006768673     
  -7.2060092433966982        2.7311762395171439     
  -3.4205106436974129       -11.912303954144550     
  0.82783730823997415       -7.6717584602806088     
  -3.6931307938423164        8.5109205571521951     
   5.4343539558971639        2.7422334700183217     
   4.4429034394350833       -1.5078941819398255     
  -5.1901719974925618        4.2338096708594186     
  0.14588534997235303       -8.8602041295602092     
  -2.7194498963712408       -2.8065101361292575     
   5.7129087007582386        7.9846560975091823     
  0.83586183739821307        3.3850669608322428     
  -2.7588864207889370       -9.3375267739266725     
  -3.1501670865077367       0.86198351809804041     
  -4.0864353859066638       -3.8072038590568380     
   1.0524589471107964       -4.9592907582595434     
  -11.400868049852763       0.58125986851717859     
   5.6636921701109904       -2.9744524813069484     
   4.7248493959192759       -4.5058375952847687     
  -2.3900287551774442        5.0574313102143638     
  -1.6718399045469108        11.702456089962071     
  -6.3134538929129782       -10.683552447884136     
   6.2473194315447653       0.43245207139172576     
   5.1745846056319715       -9.6607058693604397     
   5.5753134764677084      -0.87082631582815639     
  -2.3017620514611004       -5.1085907467097051     
   4.4779293075702791        10.946211430331131     
   1.7631369101097587       -12.139336632835970     
   10.414826259955310       -4.9060795451687227     
 -0.42584899119445280        11.212754434609250     
   10.764060577123415      -0.62610018224066422     
  -6.0505002909698105        10.184507849639507     
  -2.1203236646812949        8.0058190268490925     
   10.232781544969848        2.0988315519227294     
   4.7634472162909010        4.7093264465355933     
  -6.2020449412574052        2.6983238566454948     
  -9.0242635356068668       -3.7404261887219961     
  -1.6759796367246689       -2.5247696660278782     
  -5.1538682686179591      -0.31261563352716870     
   8.5571203208722491       -2.2219721834702639     
  -8.6905401904932571       -5.5229565136945071     
   12.383678877193079      -0.79850673844403552     
  -2.9680189890226583        7.3514119154482342     
  -1.7517838976182376       -10.930901694397898     
  -9.1064614368390711       -2.7369861071366537     
  0.39230645796637836       -1.0571258632088878     
   11.763298902360628        3.9534306618704660     
  -4.1402218337133885       -11.217703647205340     
  0.56079935899446154        1.4545593940139629     
   3.2139739718801223       -2.6408606551716249     
   9.2573879668803993        4.7898234374133857     
   2.5912612221769002       -8.9420160268068631     
   6.5569734297592204        10.447667603677864     
   6.4742212151369261       -6.5794416407983878     
   11.843227406246486       -2.2316720585665779     
  -3.0859109900032404       -3.8050745230124678     
   7.4920766339884928       -4.5807747638786189     
   6.1759035350349496       -9.7475629855547545     
   9.6341975406872553        3.8637978425329957     
   11.260070659725811       0.24235488523037008     
   2.5588362998438670        3.9808875254084639     
  -9.1336366346401565        4.1042464515159827     
   6.7647290505987234        9.4678236272472738     
   3.4984910722195188       -1.1764651609758592     
  -2.5605299287209995       -6.8333001071742130     
 -0.44027615318390367        1.4843589052219905     
  -9.7109116798691240      -0.78992523173082574     
   3.8134375932192150       -3.4644779351485293     
   3.8832783450609800       -9.0715727999142288     
   5.7178648539504406        9.0515280394410524     
  -9.1604630050721774        6.8625401932085515     
  -6.5757809560411840        8.6752680984152040     
  -10.419704366550928        2.1633654041521804     
  -9.8851953106387036        4.7764376998687244     
   1.8682832152109838        11.146817956682028     
  -8.0255309938862354       -8.8387212156323702     
   9.5413189498958371        1.3717956949109598     
  -4.6826278087736233        8.6579502926734122     
  -1.5573594365774259        8.9711314759520651     
  -3.3842022078464802        4.9573757621599688     
  -7.8496643623462372       -6.8467288286904981     
   4.9342345805005783        5.6952036225671190     
  -3.2673821927065325       -4.7905790642302408     
 -0.39170549581342623       -3.1839965079395873     
  -3.6945808987346869       -1.0598223720549820     
   5.1021246882033839       -7.2192881593808726     
  -8.9716512304322222       -3.1762601663824934E-002
   1.5548570049795887        12.120712422308724     
   2.8181063305849299        10.811320890594558     
  0.40541349396373955       -5.7242755149815245     
  -9.5887293873946593       -5.9617350361690500     
   9.7824841311094488        5.9848391453403575     
   3.1641400721537010       0.43551836382421660     
   1.5925604558446793       -3.2788585825652374     
  -1.5196823558841632        9.9710939323162968     
   6.4690540354156401        7.0229349344932377     
  -1.8224766632828797       -7.5147597356762699     
  -8.8002004862075509       -1.3828070044824223     
  -6.5940954854140292        6.5117094233258630     
   11.749223354058811        1.1237920227396714     
   2.6473831819264073        2.3770409102688248     
 -0.11112127528748159       -7.3275649083904701     
   3.9289617722923933        1.2039609381275944     
  -1.6764519826924162      -0.65426469410435795     
  -5.3886118071352263        1.5820949681719862     
  -2.0922948814897890        10.795649953335852     
  -3.0124397578514626        10.400514802104313     
  -6.1932143008240832      -0.84872768745435545     
   4.7990052857383487        9.4445288810330617     
   3.9185222777333344        11.775006324663796     
  -5.6456080022697694       -9.9328454130027009     
  -1.1336002158089624        7.8283525899064941     
   4.2959310330706852       -8.1085768165229481     
  0.32018683261374453        4.2420569322334725     
  -2.6782319409799951      -0.82532087329521919     
   8.2378439985636263       -9.2280872476175837     
 -0.66186107211906420        4.0524727451426532     
  -4.6414338776442392        11.509276612906097     
   4.1049021712399405       -7.1264530320809287     
  0.70254996489855637        6.6950701743604180     
   5.2924709731609489       -2.0360733660479600     
   10.836174848002402       -3.9987128929518256     
  -5.8020847201295958       -5.4282980435327248     
  -5.2279141048129496        5.9490625545273508     
  -8.0779002292313873        7.5730247091422394     
   8.5143086922422615        8.7383687390201725     
  0.34080403264898973       -10.829404569016614     
   5.1576904634768450       -8.6554467628433471     
  -4.6089146157635952       0.65906463792728243     
   9.1172891974313544       -6.2660155324512736     
   6.4909768146616615       -4.6319305735779421     
   6.3706725036259924       -8.5456702345781146     
   6.6392665911766393        5.3733481691069276     
  -10.214802566790354        1.1818680050484747     
  -9.2437707994301945       0.93680413703971677     
   10.623701961398327       -2.3024522751321319     
  -6.1513577419558665        3.9276763768589347     
  -6.3145773435528588E-002  -4.6008226018284164     
 -0.59393059894605393        8.6866678858136090     
  0.86879085169227288        11.193883458167351     
  -9.9898152292129119       -2.2676479398932758     
   7.5378156202966116      -0.35307267991404118     
   8.4213189806315238       -6.9838067534426687     
   8.8238493040860124        5.6937120381371695     
  -4.2673743142043001       -4.7944456435232929     
   4.9262141028521498        6.6945275510654083     
  -1.6741702632838369        1.0954804960135445     
   4.3719972573224100       -5.7325476880438755     
   3.7257919863723314       -4.4605867589540429     
   9.3411596086467146        8.1697645512983996     
   3.1143443730965967        5.8671959844961687     
  -2.0327580686113933       -1.5888933695135556     
  -3.6646315706235497        11.280592645703351     
   10.300244379058324        3.0979220682791508     
  -4.0583762068040201       -7.5418409071224088     
   6.5975363157462805       -2.6164061536679322     
  -6.5705877264662380       -9.5458724827768844     
  -7.1678309097402932        3.8918741706182791     
   5.7439569272942572        1.2963348167669497     
  -4.6359437767488387       -8.3596367775616418     
   2.5304408395900433        11.898381272675184     
   8.1646485643986129       -1.2053721063251988     
  -3.9923571198733412        1.5295519843298091     
   4.2707135724405489        8.5949678723459009     
  -6.1030159925647913       -4.0816401076420972     
   2.3084043121362368        8.1977268658565059     
  -9.8451337771948833       -6.9283351599623400     
 -0.39374489368835563       -6.3689623145525704     
  -6.3917537271441125        7.6774905550665871     
   4.4314440145028939        2.7457591835961681     
  0.79178470342938845       -3.8804771345935638     
  -8.0525995040533971        8.7409532889163781     
   1.7845703020642547       -4.2779687872210683     
  -7.9102735324877029        4.5615035998397584     
  -1.5063010078496550        4.5903602181780148     
