   6.1621124236766294        12.678673961346838     
  -10.003682059126133        11.420657723966858     
   2.8402891772153143        3.3539423782183166     
   8.6527712004075124       -3.1540798813872750     
   1.4644412436765943       0.24445981648646953     
   6.7258207683379840       -10.464562394729253     
  -8.6014354819861385        6.0693952722303646     
  -3.3816439503055165        11.354787719940004     
  -7.7674323898246209        3.2011888806338367     
   5.1830377455366961        8.1050526639456759     
   14.506043308089030        4.8887865394270911     
  -9.8890219751338631        1.0174801616389650     
  -3.3259690549170795       -1.4203026148725086     
 -0.87918167774561795       -3.9936552699570536     
  -5.4953661457500029        5.8879597747286638     
   5.0314958704803621        7.1284671455931861     
  -3.0121534187924457      -0.23012321353079893     
   9.3517259696649226       -2.4428856002794719     
  -5.3058699202192994        11.618647323407886     
  -8.7655502346362262        8.9924675845480433     
   7.2923582923727768        8.6876237174337039     
   9.6342679649966438        8.0354826874323955     
   6.4213679488531490        8.2026753677059236     
  -12.100823814330788        3.1187726237569438     
   3.5697399862828050        11.146015188065071     
  -6.1056861879029318       -6.2922653381992095     
   2.0802708336323845       -10.409354382313028     
   10.882250006172297        8.7212950014070554     
  -7.0191188439428123        8.9159230119454751     
   13.566214691989400        2.6370635186228295     
   10.533754383184872        10.855444304381807     
   5.0813074358611585       -13.997834365219402     
  -9.8131472658090999        8.6471337473475725     
   7.9400212224813931       -5.6728788269735491     
 -0.22869237548004148       -7.6129699443633534     
  -8.6489408402799945       -3.8010157263153657     
   3.0009120112645853        4.6200186012385434     
   6.5888278118541965        13.819913327671044     
  -2.0536115678812537        1.4292062602392421     
   2.2755212267798015        13.692381053693351     
   2.8387551482760895        6.8392027932920580     
 -0.90708780321351379        6.1996625199157416     
   15.127350132480924       -2.0488836576397884     
  -12.962758307025510        4.3481192106308582     
  -5.8759254175111995        9.2103649275490866     
  -8.1425776805059760E-002  -15.310768276197219     
   8.4016723430256075       -2.1504129471988680     
   5.6171703956872516        6.3069868126450919     
  -7.2796627318570923       -11.121926009485628     
   1.3999587065044927        2.5102953976968068     
   3.1131460650663092       -7.4273290239715495     
  -2.7768413690812181        2.1489635198426575     
  -5.9221423035880747       -8.9746217599109066     
   4.1087592456534310       -14.228361916457619     
   9.1713556395454585        4.2458207175943352     
   6.0301263670074166       -1.7084419266845472     
  -12.052624086949878        1.0952863159227630     
   14.210836954359554        3.5500912595906744     
   13.735927398930242       -5.5979342996682693     
  -7.8035001795831045        10.906647319511842     
  0.99767760798851890        10.128756784215375     
  -9.4400219851093610       -12.053001280499339     
  -6.1632132425481574        12.757058107476027     
   2.1769423478610803       -7.8678459025096368     
   3.4389866693408249        9.7234384494253234     
   14.579824498964379       -1.2202066078912619     
   15.301772414798929      -0.54131819849483021     
  -12.572270337599095        6.1758947629053145     
  -7.9605439352402811       -9.9514418132978815     
   2.8859495686162790        5.6402156909924965     
  -7.7976868495249807        9.9114034897653465     
   12.104366265480706       -8.6286117672196276     
  -6.8152014484693551        10.042476444386232     
   6.9831911693536872       -5.4070157246666346     
   4.1446895313886580        6.6692553419514073     
  -10.021781083270168        4.8803307426058602     
  -8.3919776522469824       0.37435926969278849     
  -12.374877381329332        2.0336630148289006     
   6.6205245640598731        6.2505083656315383     
   1.9898997532531395        1.7091389509587522     
   9.2994838086563032        3.0735703671283381     
   4.5848950567453919       -3.0937051730499654     
  -6.5118871934275973      -0.44471174151637288     
   3.2862840961404038       0.68258538370871924     
   3.0563282620256413       -3.2113929775462400     
  -7.1505346569182144        7.8801933445307704     
  -3.4172035561955498        9.0478254863365049     
   2.2108585185842626       -5.1544354835979735     
  -3.0282932614037525       0.78475181991869847     
  -12.279500157958703        7.5134536847371818     
  -15.040607757959664        2.8666174097469583     
   10.272094650593340        2.8328032399758882     
   8.8825142516691145        5.1930138357784754     
  -11.017984400270942       -9.4225621965116844     
   7.1393015215738176       -4.4282895486216889     
  -10.523631662810194        9.7077049793595851     
  0.17044401119166475        7.1933250772811990     
   6.7600419819110087       -13.609884138026358     
   3.0943768039502144       -5.6176154519877075     
 -0.37175100011438367       -12.823773382905626     
   4.8765183484521879        9.3975460154852382     
  -9.5376980494786920       -9.6179048575767627     
  -7.2114248231241396        13.013876256752756     
   10.007052576550237       -5.8920370277825898     
   12.800651948496581        1.9900221693762252     
   2.3050833945459983       -4.1678620016868946     
   3.1229488996440229       -14.988125742180298     
  -3.1936568823533200       -3.6653419011449633     
  -2.4005216150395663        15.120686994319367     
  -7.5793044716233293       -8.9479732802905012     
   4.2991465200824432       -2.1471028708939359     
  -9.6718359417991273        10.486429334008102     
  -7.4639474424316878        1.6149710549685597E-002
  -1.1284681071936584      -0.26385364124675692     
  -5.1500941984273734        1.7643918883291048     
   12.522749763626788        7.4015427499380122     
   1.6413753888124718        6.4818968768792393     
   2.9652004371508918       -11.432667215283534     
   7.5847182809179658       -2.7088582797530201     
   2.6006160168109340      -0.24184350936513302     
   7.9629501185979290        4.6863311147965190     
  0.21192982571675700       -8.5990781542585584     
  -10.262382098530834        7.7642011908318560     
  -9.2999706541609584        12.162386801254248     
   9.0838457857421506       -12.325086456234216     
   9.9340145133494318        11.650679139804641     
  -8.3506337593738600        7.3174263954010952     
  -3.7937511285446028        2.9200264618986793     
  -6.9803916930277197       -10.135511062236803     
  -13.518604541303327       -6.9638008862183556     
  -4.4642597907244417        12.208592763705468     
  -7.1195578095888843        5.3604839560398432     
   1.9089701971198496       -1.4348424247138909     
  -8.1549826001811621       -8.1404107294074706     
   11.473421883595256       -9.7771951939081383     
   10.696894895635650       -10.885110004785794     
  -4.7915018975896242        2.6918178111801958     
  -6.6395682968686032        11.779687360018087     
  -11.495437197705028       -5.8195292331315267     
  -11.367716638714604        2.4081584209086340     
   1.1784390829459879       -10.830545424526447     
  0.49888415666253305       -6.2143108311552258     
   8.9918297123000368       -6.5803485730784459     
  0.87663683784814783       -2.2049423225730322     
   7.6490519524525418        2.6574392293622471     
   9.9413552338426907        1.7940518521231739     
   14.572477999435137        2.6283453923242934     
  -8.0550854905802822        8.2784088241885527     
  -6.2430555824556206        8.2795392091407578     
  -1.0193583944439195        7.5364927761341418     
   1.5499847507542355        13.019065244844937     
   9.9311366541767665       -9.5563001769949203     
  -7.6360719196138822        1.0307268516705030     
   5.7721432573903613        8.9598543186126935     
   2.6122152864384089        10.892688506038436     
  -11.187717045503831       -4.5500119857434145     
  -11.960987711514809        4.1008295276596227     
  -11.140420518968162        6.6262825055534620     
  -2.4352542218455868        8.9409113838463838     
  -6.2565342995723476        10.857133422451053     
   2.8563570246743719        12.742659261426716     
  -10.998456206229655        4.3666887807965891     
  0.70255688591094179       -5.1981121905850509     
   11.480457212684199        5.0109203652509793     
   7.9570191661897622       -3.8594837684494010     
  -3.6496576267317962       -11.612528096279689     
  -9.5110840171851851        7.0349220163081290     
 -0.39955265817026497       0.40886869883287924     
  -3.0057281236637396        5.1891025830826365     
   5.5330740283220008       -10.951746615067703     
 -0.40754760508755811       -9.9854206407820900     
  -6.2784952914042496       -4.9593273230194859     
  -6.7033955130934704        4.3192619107560990     
  -13.109313943314071        3.1605041381973149     
  -9.0309569665820018        8.0368111610232038     
  -8.6576618814477477        11.412041100023211     
   3.1879372815619251       -4.6231142449558504     
  -14.912489031826793       -1.8921192510681419     
  -2.0521543864793208        13.718502582809011     
   7.0188068215089965        3.4261925311850883     
   3.8237437535726073       -12.015472740089260     
   12.479185255193435       -2.3163897857754594     
  -14.744222995221918       -3.9531337927911321     
 -0.89527577447783102        15.284411722589933     
   10.238679403146334       -2.0032504455493489     
  -12.945044498207805       -3.4275352736202960     
   3.7560350148810535        13.220029077839337     
  -3.9970413242466760        1.0672387983246618     
   3.6109136743384433        14.378224875259189     
  -3.2365706082815389        3.9391637896210776     
   8.0163321526800324        5.6800531458497847     
  -5.6620454017850737       -13.112704029998024     
   13.328984359431610       -3.4614023422180540     
  -6.4528191589061565        6.1632809883551465     
  0.90521915983987589       -1.2033758434348802     
   10.470338315232132       -6.7771891325020661     
  -10.720210849192510      -0.26638703273398207     
   10.755843155783154        4.0722304807091554     
   1.8208418246613338        4.5748729037015430     
  -14.141518236645492        1.6345012990272516E-002
