  0      1    0.12929E-03    0.46488E-02
  0      2    0.25857E-03    0.16163E-01
  0      3    0.38786E-03    0.33902E-01
  0      4    0.51714E-03    0.55122E-01
  0      5    0.64643E-03    0.78992E-01
  0      6    0.77571E-03    0.10446E+00
  0      7    0.90500E-03    0.13145E+00
  0      8    0.10343E-02    0.16112E+00
  0      9    0.11636E-02    0.19038E+00
  0     10    0.12929E-02    0.22001E+00
  0     11    0.14221E-02    0.25099E+00
  0     12    0.15514E-02    0.28316E+00
  0     13    0.16807E-02    0.31663E+00
  0     14    0.18100E-02    0.35185E+00
  0     15    0.19393E-02    0.38842E+00
  0     16    0.20686E-02    0.42608E+00
  0     17    0.21979E-02    0.46302E+00
  0     18    0.23271E-02    0.50099E+00
  0     19    0.24564E-02    0.53588E+00
  0     20    0.25857E-02    0.57049E+00
  0     21    0.27150E-02    0.60620E+00
  0     22    0.28443E-02    0.64056E+00
  0     23    0.29736E-02    0.67414E+00
  0     24    0.31029E-02    0.70612E+00
  0     25    0.32321E-02    0.73843E+00
  0     26    0.33614E-02    0.77462E+00
  0     27    0.34907E-02    0.81033E+00
  0     28    0.36200E-02    0.84688E+00
  0     29    0.37493E-02    0.88245E+00
  0     30    0.38786E-02    0.91723E+00
  0     31    0.40079E-02    0.95406E+00
  0     32    0.41371E-02    0.99186E+00
  0     33    0.42664E-02    0.10283E+01
  0     34    0.43957E-02    0.10611E+01
  0     35    0.45250E-02    0.10921E+01
  0     36    0.46543E-02    0.11242E+01
  0     37    0.47836E-02    0.11546E+01
  0     38    0.49129E-02    0.11850E+01
  0     39    0.50421E-02    0.12151E+01
  0     40    0.51714E-02    0.12451E+01
  0     41    0.53007E-02    0.12754E+01
  0     42    0.54300E-02    0.13031E+01
  0     43    0.55593E-02    0.13312E+01
  0     44    0.56886E-02    0.13609E+01
  0     45    0.58179E-02    0.13890E+01
  0     46    0.59471E-02    0.14173E+01
  0     47    0.60764E-02    0.14461E+01
  0     48    0.62057E-02    0.14758E+01
  0     49    0.63350E-02    0.15034E+01
  0     50    0.64643E-02    0.15343E+01
  0     51    0.65936E-02    0.15634E+01
  0     52    0.67229E-02    0.15941E+01
  0     53    0.68521E-02    0.16283E+01
  0     54    0.69814E-02    0.16611E+01
  0     55    0.71107E-02    0.16940E+01
  0     56    0.72400E-02    0.17249E+01
  0     57    0.73693E-02    0.17562E+01
  0     58    0.74986E-02    0.17834E+01
  0     59    0.76279E-02    0.18121E+01
  0     60    0.77571E-02    0.18385E+01
  0     61    0.78864E-02    0.18683E+01
  0     62    0.80157E-02    0.18978E+01
  0     63    0.81450E-02    0.19334E+01
  0     64    0.82743E-02    0.19736E+01
  0     65    0.84036E-02    0.20118E+01
  0     66    0.85329E-02    0.20476E+01
  0     67    0.86621E-02    0.20826E+01
  0     68    0.87914E-02    0.21155E+01
  0     69    0.89207E-02    0.21498E+01
  0     70    0.90500E-02    0.21809E+01
  0     71    0.91793E-02    0.22108E+01
  0     72    0.93086E-02    0.22400E+01
  0     73    0.94379E-02    0.22670E+01
  0     74    0.95671E-02    0.22916E+01
  0     75    0.96964E-02    0.23132E+01
  0     76    0.98257E-02    0.23331E+01
  0     77    0.99550E-02    0.23529E+01
  0     78    0.10084E-01    0.23726E+01
  0     79    0.10214E-01    0.23954E+01
  0     80    0.10343E-01    0.24236E+01
  0     81    0.10472E-01    0.24485E+01
  0     82    0.10601E-01    0.24744E+01
  0     83    0.10731E-01    0.24963E+01
  0     84    0.10860E-01    0.25200E+01
  0     85    0.10989E-01    0.25408E+01
  0     86    0.11119E-01    0.25639E+01
  0     87    0.11248E-01    0.25903E+01
  0     88    0.11377E-01    0.26212E+01
  0     89    0.11506E-01    0.26496E+01
  0     90    0.11636E-01    0.26723E+01
  0     91    0.11765E-01    0.26930E+01
  0     92    0.11894E-01    0.27127E+01
  0     93    0.12024E-01    0.27365E+01
  0     94    0.12153E-01    0.27568E+01
  0     95    0.12282E-01    0.27779E+01
  0     96    0.12411E-01    0.27989E+01
  0     97    0.12541E-01    0.28230E+01
  0     98    0.12670E-01    0.28480E+01
  0     99    0.12799E-01    0.28736E+01
  0    100    0.12929E-01    0.28974E+01
  0    101    0.13058E-01    0.29210E+01
  0    102    0.13187E-01    0.29406E+01
  0    103    0.13316E-01    0.29597E+01
  0    104    0.13446E-01    0.29779E+01
  0    105    0.13575E-01    0.29987E+01
  0    106    0.13704E-01    0.30147E+01
  0    107    0.13834E-01    0.30322E+01
  0    108    0.13963E-01    0.30509E+01
  0    109    0.14092E-01    0.30612E+01
  0    110    0.14221E-01    0.30733E+01
  0    111    0.14351E-01    0.30889E+01
  0    112    0.14480E-01    0.31062E+01
  0    113    0.14609E-01    0.31281E+01
  0    114    0.14739E-01    0.31526E+01
  0    115    0.14868E-01    0.31790E+01
  0    116    0.14997E-01    0.32069E+01
  0    117    0.15126E-01    0.32388E+01
  0    118    0.15256E-01    0.32658E+01
  0    119    0.15385E-01    0.32908E+01
  0    120    0.15514E-01    0.33103E+01
  0    121    0.15644E-01    0.33334E+01
  0    122    0.15773E-01    0.33664E+01
  0    123    0.15902E-01    0.34040E+01
  0    124    0.16031E-01    0.34422E+01
  0    125    0.16161E-01    0.34755E+01
  0    126    0.16290E-01    0.35083E+01
  0    127    0.16419E-01    0.35334E+01
  0    128    0.16549E-01    0.35594E+01
  0    129    0.16678E-01    0.35854E+01
  0    130    0.16807E-01    0.36101E+01
  0    131    0.16936E-01    0.36302E+01
  0    132    0.17066E-01    0.36464E+01
  0    133    0.17195E-01    0.36634E+01
  0    134    0.17324E-01    0.36837E+01
  0    135    0.17454E-01    0.37058E+01
  0    136    0.17583E-01    0.37311E+01
  0    137    0.17712E-01    0.37606E+01
  0    138    0.17841E-01    0.37928E+01
  0    139    0.17971E-01    0.38209E+01
  0    140    0.18100E-01    0.38519E+01
  0    141    0.18229E-01    0.38815E+01
  0    142    0.18359E-01    0.39098E+01
  0    143    0.18488E-01    0.39386E+01
  0    144    0.18617E-01    0.39626E+01
  0    145    0.18746E-01    0.39918E+01
  0    146    0.18876E-01    0.40326E+01
  0    147    0.19005E-01    0.40700E+01
  0    148    0.19134E-01    0.41035E+01
  0    149    0.19264E-01    0.41350E+01
  0    150    0.19393E-01    0.41668E+01
  0    151    0.19522E-01    0.41932E+01
  0    152    0.19651E-01    0.42228E+01
  0    153    0.19781E-01    0.42533E+01
  0    154    0.19910E-01    0.42803E+01
  0    155    0.20039E-01    0.43134E+01
  0    156    0.20169E-01    0.43509E+01
  0    157    0.20298E-01    0.43882E+01
  0    158    0.20427E-01    0.44239E+01
  0    159    0.20556E-01    0.44516E+01
  0    160    0.20686E-01    0.44828E+01
  0    161    0.20815E-01    0.45167E+01
  0    162    0.20944E-01    0.45469E+01
  0    163    0.21074E-01    0.45825E+01
  0    164    0.21203E-01    0.46163E+01
  0    165    0.21332E-01    0.46430E+01
  0    166    0.21461E-01    0.46648E+01
  0    167    0.21591E-01    0.46796E+01
  0    168    0.21720E-01    0.46934E+01
  0    169    0.21849E-01    0.47128E+01
  0    170    0.21979E-01    0.47366E+01
  0    171    0.22108E-01    0.47551E+01
  0    172    0.22237E-01    0.47712E+01
  0    173    0.22366E-01    0.47870E+01
  0    174    0.22496E-01    0.47993E+01
  0    175    0.22625E-01    0.48138E+01
  0    176    0.22754E-01    0.48305E+01
  0    177    0.22884E-01    0.48535E+01
  0    178    0.23013E-01    0.48761E+01
  0    179    0.23142E-01    0.48954E+01
  0    180    0.23271E-01    0.49127E+01
  0    181    0.23401E-01    0.49330E+01
  0    182    0.23530E-01    0.49618E+01
  0    183    0.23659E-01    0.49935E+01
  0    184    0.23789E-01    0.50192E+01
  0    185    0.23918E-01    0.50418E+01
  0    186    0.24047E-01    0.50622E+01
  0    187    0.24176E-01    0.50837E+01
  0    188    0.24306E-01    0.50975E+01
  0    189    0.24435E-01    0.51210E+01
  0    190    0.24564E-01    0.51391E+01
  0    191    0.24694E-01    0.51561E+01
  0    192    0.24823E-01    0.51690E+01
  0    193    0.24952E-01    0.51798E+01
  0    194    0.25081E-01    0.51926E+01
  0    195    0.25211E-01    0.52143E+01
  0    196    0.25340E-01    0.52350E+01
  0    197    0.25469E-01    0.52548E+01
  0    198    0.25599E-01    0.52805E+01
  0    199    0.25728E-01    0.53069E+01
  0    200    0.25857E-01    0.53369E+01
  0    201    0.25986E-01    0.53717E+01
  0    202    0.26116E-01    0.53984E+01
  0    203    0.26245E-01    0.54245E+01
  0    204    0.26374E-01    0.54425E+01
  0    205    0.26504E-01    0.54619E+01
  0    206    0.26633E-01    0.54767E+01
  0    207    0.26762E-01    0.54905E+01
  0    208    0.26891E-01    0.55068E+01
  0    209    0.27021E-01    0.55292E+01
  0    210    0.27150E-01    0.55453E+01
  0    211    0.27279E-01    0.55603E+01
  0    212    0.27409E-01    0.55837E+01
  0    213    0.27538E-01    0.56151E+01
  0    214    0.27667E-01    0.56416E+01
  0    215    0.27796E-01    0.56727E+01
  0    216    0.27926E-01    0.57020E+01
  0    217    0.28055E-01    0.57298E+01
  0    218    0.28184E-01    0.57579E+01
  0    219    0.28314E-01    0.57781E+01
  0    220    0.28443E-01    0.57973E+01
  0    221    0.28572E-01    0.58207E+01
  0    222    0.28701E-01    0.58469E+01
  0    223    0.28831E-01    0.58739E+01
  0    224    0.28960E-01    0.59011E+01
  0    225    0.29089E-01    0.59356E+01
  0    226    0.29219E-01    0.59674E+01
  0    227    0.29348E-01    0.59936E+01
  0    228    0.29477E-01    0.60173E+01
  0    229    0.29606E-01    0.60364E+01
  0    230    0.29736E-01    0.60594E+01
  0    231    0.29865E-01    0.60860E+01
  0    232    0.29994E-01    0.61153E+01
  0    233    0.30124E-01    0.61431E+01
  0    234    0.30253E-01    0.61700E+01
  0    235    0.30382E-01    0.61961E+01
  0    236    0.30511E-01    0.62247E+01
  0    237    0.30641E-01    0.62426E+01
  0    238    0.30770E-01    0.62631E+01
  0    239    0.30899E-01    0.62895E+01
  0    240    0.31029E-01    0.63167E+01
  0    241    0.31158E-01    0.63441E+01
  0    242    0.31287E-01    0.63729E+01
  0    243    0.31416E-01    0.64016E+01
  0    244    0.31546E-01    0.64286E+01
  0    245    0.31675E-01    0.64500E+01
  0    246    0.31804E-01    0.64705E+01
  0    247    0.31934E-01    0.64831E+01
  0    248    0.32063E-01    0.64968E+01
  0    249    0.32192E-01    0.65143E+01
  0    250    0.32321E-01    0.65312E+01
  0    251    0.32451E-01    0.65487E+01
  0    252    0.32580E-01    0.65682E+01
  0    253    0.32709E-01    0.65859E+01
  0    254    0.32839E-01    0.66020E+01
  0    255    0.32968E-01    0.66287E+01
  0    256    0.33097E-01    0.66508E+01
  0    257    0.33226E-01    0.66720E+01
  0    258    0.33356E-01    0.66938E+01
  0    259    0.33485E-01    0.67162E+01
  0    260    0.33614E-01    0.67361E+01
  0    261    0.33744E-01    0.67486E+01
  0    262    0.33873E-01    0.67607E+01
  0    263    0.34002E-01    0.67770E+01
  0    264    0.34131E-01    0.67895E+01
  0    265    0.34261E-01    0.67965E+01
  0    266    0.34390E-01    0.68040E+01
  0    267    0.34519E-01    0.68167E+01
  0    268    0.34649E-01    0.68307E+01
  0    269    0.34778E-01    0.68509E+01
  0    270    0.34907E-01    0.68751E+01
  0    271    0.35036E-01    0.68974E+01
  0    272    0.35166E-01    0.69174E+01
  0    273    0.35295E-01    0.69466E+01
  0    274    0.35424E-01    0.69756E+01
  0    275    0.35554E-01    0.70007E+01
  0    276    0.35683E-01    0.70324E+01
  0    277    0.35812E-01    0.70582E+01
  0    278    0.35941E-01    0.70816E+01
  0    279    0.36071E-01    0.71103E+01
  0    280    0.36200E-01    0.71323E+01
  0    281    0.36329E-01    0.71546E+01
  0    282    0.36459E-01    0.71784E+01
  0    283    0.36588E-01    0.71988E+01
  0    284    0.36717E-01    0.72203E+01
  0    285    0.36846E-01    0.72483E+01
  0    286    0.36976E-01    0.72798E+01
  0    287    0.37105E-01    0.73039E+01
  0    288    0.37234E-01    0.73282E+01
  0    289    0.37364E-01    0.73504E+01
  0    290    0.37493E-01    0.73735E+01
  0    291    0.37622E-01    0.73928E+01
  0    292    0.37751E-01    0.74013E+01
  0    293    0.37881E-01    0.74080E+01
  0    294    0.38010E-01    0.74061E+01
  0    295    0.38139E-01    0.74073E+01
  0    296    0.38269E-01    0.74166E+01
  0    297    0.38398E-01    0.74287E+01
  0    298    0.38527E-01    0.74402E+01
  0    299    0.38656E-01    0.74588E+01
  0    300    0.38786E-01    0.74800E+01
  0    301    0.38915E-01    0.74943E+01
  0    302    0.39044E-01    0.75160E+01
  0    303    0.39174E-01    0.75342E+01
  0    304    0.39303E-01    0.75561E+01
  0    305    0.39432E-01    0.75645E+01
  0    306    0.39561E-01    0.75699E+01
  0    307    0.39691E-01    0.75716E+01
  0    308    0.39820E-01    0.75812E+01
  0    309    0.39949E-01    0.75879E+01
  0    310    0.40079E-01    0.76064E+01
  0    311    0.40208E-01    0.76319E+01
  0    312    0.40337E-01    0.76698E+01
  0    313    0.40466E-01    0.77022E+01
  0    314    0.40596E-01    0.77418E+01
  0    315    0.40725E-01    0.77687E+01
  0    316    0.40854E-01    0.77905E+01
  0    317    0.40984E-01    0.78141E+01
  0    318    0.41113E-01    0.78423E+01
  0    319    0.41242E-01    0.78717E+01
  0    320    0.41371E-01    0.79030E+01
  0    321    0.41501E-01    0.79253E+01
  0    322    0.41630E-01    0.79474E+01
  0    323    0.41759E-01    0.79645E+01
  0    324    0.41889E-01    0.79837E+01
  0    325    0.42018E-01    0.80044E+01
  0    326    0.42147E-01    0.80301E+01
  0    327    0.42276E-01    0.80514E+01
  0    328    0.42406E-01    0.80726E+01
  0    329    0.42535E-01    0.80912E+01
  0    330    0.42664E-01    0.81114E+01
  0    331    0.42794E-01    0.81328E+01
  0    332    0.42923E-01    0.81525E+01
  0    333    0.43052E-01    0.81777E+01
  0    334    0.43181E-01    0.82010E+01
  0    335    0.43311E-01    0.82147E+01
  0    336    0.43440E-01    0.82301E+01
  0    337    0.43569E-01    0.82426E+01
  0    338    0.43699E-01    0.82502E+01
  0    339    0.43828E-01    0.82495E+01
  0    340    0.43957E-01    0.82455E+01
  0    341    0.44086E-01    0.82442E+01
  0    342    0.44216E-01    0.82380E+01
  0    343    0.44345E-01    0.82413E+01
  0    344    0.44474E-01    0.82479E+01
  0    345    0.44604E-01    0.82495E+01
  0    346    0.44733E-01    0.82473E+01
  0    347    0.44862E-01    0.82416E+01
  0    348    0.44991E-01    0.82396E+01
  0    349    0.45121E-01    0.82414E+01
  0    350    0.45250E-01    0.82480E+01
  0    351    0.45379E-01    0.82587E+01
  0    352    0.45509E-01    0.82728E+01
  0    353    0.45638E-01    0.82843E+01
  0    354    0.45767E-01    0.82963E+01
  0    355    0.45896E-01    0.83086E+01
  0    356    0.46026E-01    0.83277E+01
  0    357    0.46155E-01    0.83458E+01
  0    358    0.46284E-01    0.83644E+01
  0    359    0.46414E-01    0.83832E+01
  0    360    0.46543E-01    0.83951E+01
  0    361    0.46672E-01    0.84044E+01
  0    362    0.46801E-01    0.84173E+01
  0    363    0.46931E-01    0.84410E+01
  0    364    0.47060E-01    0.84659E+01
  0    365    0.47189E-01    0.84893E+01
  0    366    0.47319E-01    0.85161E+01
  0    367    0.47448E-01    0.85385E+01
  0    368    0.47577E-01    0.85629E+01
  0    369    0.47706E-01    0.85903E+01
  0    370    0.47836E-01    0.86158E+01
  0    371    0.47965E-01    0.86351E+01
  0    372    0.48094E-01    0.86580E+01
  0    373    0.48224E-01    0.86915E+01
  0    374    0.48353E-01    0.87219E+01
  0    375    0.48482E-01    0.87541E+01
  0    376    0.48611E-01    0.87857E+01
  0    377    0.48741E-01    0.88256E+01
  0    378    0.48870E-01    0.88704E+01
  0    379    0.48999E-01    0.89116E+01
  0    380    0.49129E-01    0.89481E+01
  0    381    0.49258E-01    0.89759E+01
  0    382    0.49387E-01    0.89994E+01
  0    383    0.49516E-01    0.90186E+01
  0    384    0.49646E-01    0.90404E+01
  0    385    0.49775E-01    0.90684E+01
  0    386    0.49904E-01    0.90972E+01
  0    387    0.50034E-01    0.91266E+01
  0    388    0.50163E-01    0.91564E+01
  0    389    0.50292E-01    0.91781E+01
  0    390    0.50421E-01    0.91956E+01
  0    391    0.50551E-01    0.92152E+01
  0    392    0.50680E-01    0.92404E+01
  0    393    0.50809E-01    0.92700E+01
  0    394    0.50939E-01    0.92996E+01
  0    395    0.51068E-01    0.93283E+01
  0    396    0.51197E-01    0.93573E+01
  0    397    0.51326E-01    0.93860E+01
  0    398    0.51456E-01    0.94138E+01
  0    399    0.51585E-01    0.94400E+01
  0    400    0.51714E-01    0.94603E+01
  0    401    0.51844E-01    0.94826E+01
  0    402    0.51973E-01    0.94967E+01
  0    403    0.52102E-01    0.95052E+01
  0    404    0.52231E-01    0.95170E+01
  0    405    0.52361E-01    0.95256E+01
  0    406    0.52490E-01    0.95362E+01
  0    407    0.52619E-01    0.95466E+01
  0    408    0.52749E-01    0.95468E+01
  0    409    0.52878E-01    0.95473E+01
  0    410    0.53007E-01    0.95482E+01
  0    411    0.53136E-01    0.95376E+01
  0    412    0.53266E-01    0.95306E+01
  0    413    0.53395E-01    0.95261E+01
  0    414    0.53524E-01    0.95238E+01
  0    415    0.53654E-01    0.95260E+01
  0    416    0.53783E-01    0.95231E+01
  0    417    0.53912E-01    0.95209E+01
  0    418    0.54041E-01    0.95258E+01
  0    419    0.54171E-01    0.95258E+01
  0    420    0.54300E-01    0.95281E+01
  0    421    0.54429E-01    0.95315E+01
  0    422    0.54559E-01    0.95362E+01
  0    423    0.54688E-01    0.95498E+01
  0    424    0.54817E-01    0.95632E+01
  0    425    0.54946E-01    0.95697E+01
  0    426    0.55076E-01    0.95814E+01
  0    427    0.55205E-01    0.95923E+01
  0    428    0.55334E-01    0.96084E+01
  0    429    0.55464E-01    0.96279E+01
  0    430    0.55593E-01    0.96499E+01
  0    431    0.55722E-01    0.96705E+01
  0    432    0.55851E-01    0.96852E+01
  0    433    0.55981E-01    0.96999E+01
  0    434    0.56110E-01    0.97227E+01
  0    435    0.56239E-01    0.97469E+01
  0    436    0.56369E-01    0.97602E+01
  0    437    0.56498E-01    0.97767E+01
  0    438    0.56627E-01    0.98005E+01
  0    439    0.56756E-01    0.98186E+01
  0    440    0.56886E-01    0.98448E+01
  0    441    0.57015E-01    0.98703E+01
  0    442    0.57144E-01    0.98950E+01
  0    443    0.57274E-01    0.99248E+01
  0    444    0.57403E-01    0.99507E+01
  0    445    0.57532E-01    0.99648E+01
  0    446    0.57661E-01    0.99826E+01
  0    447    0.57791E-01    0.99950E+01
  0    448    0.57920E-01    0.10023E+02
  0    449    0.58049E-01    0.10045E+02
  0    450    0.58179E-01    0.10073E+02
  0    451    0.58308E-01    0.10106E+02
  0    452    0.58437E-01    0.10133E+02
  0    453    0.58566E-01    0.10156E+02
  0    454    0.58696E-01    0.10166E+02
  0    455    0.58825E-01    0.10174E+02
  0    456    0.58954E-01    0.10181E+02
  0    457    0.59084E-01    0.10187E+02
  0    458    0.59213E-01    0.10193E+02
  0    459    0.59342E-01    0.10194E+02
  0    460    0.59471E-01    0.10202E+02
  0    461    0.59601E-01    0.10209E+02
  0    462    0.59730E-01    0.10210E+02
  0    463    0.59859E-01    0.10220E+02
  0    464    0.59989E-01    0.10222E+02
  0    465    0.60118E-01    0.10234E+02
  0    466    0.60247E-01    0.10254E+02
  0    467    0.60376E-01    0.10271E+02
  0    468    0.60506E-01    0.10284E+02
  0    469    0.60635E-01    0.10300E+02
  0    470    0.60764E-01    0.10319E+02
  0    471    0.60894E-01    0.10336E+02
  0    472    0.61023E-01    0.10351E+02
  0    473    0.61152E-01    0.10369E+02
  0    474    0.61281E-01    0.10388E+02
  0    475    0.61411E-01    0.10402E+02
  0    476    0.61540E-01    0.10426E+02
  0    477    0.61669E-01    0.10448E+02
  0    478    0.61799E-01    0.10481E+02
  0    479    0.61928E-01    0.10512E+02
  0    480    0.62057E-01    0.10548E+02
  0    481    0.62186E-01    0.10577E+02
  0    482    0.62316E-01    0.10607E+02
  0    483    0.62445E-01    0.10639E+02
  0    484    0.62574E-01    0.10667E+02
  0    485    0.62704E-01    0.10687E+02
  0    486    0.62833E-01    0.10706E+02
  0    487    0.62962E-01    0.10721E+02
  0    488    0.63091E-01    0.10741E+02
  0    489    0.63221E-01    0.10768E+02
  0    490    0.63350E-01    0.10788E+02
  0    491    0.63479E-01    0.10802E+02
  0    492    0.63609E-01    0.10824E+02
  0    493    0.63738E-01    0.10845E+02
  0    494    0.63867E-01    0.10870E+02
  0    495    0.63996E-01    0.10887E+02
  0    496    0.64126E-01    0.10906E+02
  0    497    0.64255E-01    0.10928E+02
  0    498    0.64384E-01    0.10960E+02
  0    499    0.64514E-01    0.10987E+02
  0    500    0.64643E-01    0.11013E+02
  0    501    0.64772E-01    0.11032E+02
  0    502    0.64901E-01    0.11052E+02
  0    503    0.65031E-01    0.11053E+02
  0    504    0.65160E-01    0.11059E+02
  0    505    0.65289E-01    0.11061E+02
  0    506    0.65419E-01    0.11061E+02
  0    507    0.65548E-01    0.11067E+02
  0    508    0.65677E-01    0.11076E+02
  0    509    0.65806E-01    0.11083E+02
  0    510    0.65936E-01    0.11101E+02
  0    511    0.66065E-01    0.11115E+02
  0    512    0.66194E-01    0.11129E+02
  0    513    0.66324E-01    0.11139E+02
  0    514    0.66453E-01    0.11155E+02
  0    515    0.66582E-01    0.11166E+02
  0    516    0.66711E-01    0.11172E+02
  0    517    0.66841E-01    0.11184E+02
  0    518    0.66970E-01    0.11205E+02
  0    519    0.67099E-01    0.11234E+02
  0    520    0.67229E-01    0.11263E+02
  0    521    0.67358E-01    0.11285E+02
  0    522    0.67487E-01    0.11307E+02
  0    523    0.67616E-01    0.11321E+02
  0    524    0.67746E-01    0.11331E+02
  0    525    0.67875E-01    0.11339E+02
  0    526    0.68004E-01    0.11349E+02
  0    527    0.68134E-01    0.11362E+02
  0    528    0.68263E-01    0.11379E+02
  0    529    0.68392E-01    0.11391E+02
  0    530    0.68521E-01    0.11399E+02
  0    531    0.68651E-01    0.11409E+02
  0    532    0.68780E-01    0.11420E+02
  0    533    0.68909E-01    0.11429E+02
  0    534    0.69039E-01    0.11437E+02
  0    535    0.69168E-01    0.11450E+02
  0    536    0.69297E-01    0.11461E+02
  0    537    0.69426E-01    0.11471E+02
  0    538    0.69556E-01    0.11480E+02
  0    539    0.69685E-01    0.11494E+02
  0    540    0.69814E-01    0.11507E+02
  0    541    0.69944E-01    0.11517E+02
  0    542    0.70073E-01    0.11523E+02
  0    543    0.70202E-01    0.11517E+02
  0    544    0.70331E-01    0.11515E+02
  0    545    0.70461E-01    0.11516E+02
  0    546    0.70590E-01    0.11528E+02
  0    547    0.70719E-01    0.11548E+02
  0    548    0.70849E-01    0.11562E+02
  0    549    0.70978E-01    0.11561E+02
  0    550    0.71107E-01    0.11560E+02
  0    551    0.71236E-01    0.11562E+02
  0    552    0.71366E-01    0.11564E+02
  0    553    0.71495E-01    0.11560E+02
  0    554    0.71624E-01    0.11563E+02
  0    555    0.71754E-01    0.11567E+02
  0    556    0.71883E-01    0.11572E+02
  0    557    0.72012E-01    0.11577E+02
  0    558    0.72141E-01    0.11585E+02
  0    559    0.72271E-01    0.11595E+02
  0    560    0.72400E-01    0.11607E+02
  0    561    0.72529E-01    0.11613E+02
  0    562    0.72659E-01    0.11615E+02
  0    563    0.72788E-01    0.11615E+02
  0    564    0.72917E-01    0.11614E+02
  0    565    0.73046E-01    0.11614E+02
  0    566    0.73176E-01    0.11617E+02
  0    567    0.73305E-01    0.11620E+02
  0    568    0.73434E-01    0.11619E+02
  0    569    0.73564E-01    0.11618E+02
  0    570    0.73693E-01    0.11624E+02
  0    571    0.73822E-01    0.11633E+02
  0    572    0.73951E-01    0.11634E+02
  0    573    0.74081E-01    0.11642E+02
  0    574    0.74210E-01    0.11658E+02
  0    575    0.74339E-01    0.11679E+02
  0    576    0.74469E-01    0.11701E+02
  0    577    0.74598E-01    0.11732E+02
  0    578    0.74727E-01    0.11770E+02
  0    579    0.74856E-01    0.11807E+02
  0    580    0.74986E-01    0.11843E+02
  0    581    0.75115E-01    0.11878E+02
  0    582    0.75244E-01    0.11918E+02
  0    583    0.75374E-01    0.11964E+02
  0    584    0.75503E-01    0.12003E+02
  0    585    0.75632E-01    0.12039E+02
  0    586    0.75761E-01    0.12075E+02
  0    587    0.75891E-01    0.12104E+02
  0    588    0.76020E-01    0.12129E+02
  0    589    0.76149E-01    0.12153E+02
  0    590    0.76279E-01    0.12181E+02
  0    591    0.76408E-01    0.12202E+02
  0    592    0.76537E-01    0.12227E+02
  0    593    0.76666E-01    0.12256E+02
  0    594    0.76796E-01    0.12285E+02
  0    595    0.76925E-01    0.12311E+02
  0    596    0.77054E-01    0.12328E+02
  0    597    0.77184E-01    0.12340E+02
  0    598    0.77313E-01    0.12348E+02
  0    599    0.77442E-01    0.12356E+02
  0    600    0.77571E-01    0.12374E+02
  0    601    0.77701E-01    0.12389E+02
  0    602    0.77830E-01    0.12398E+02
  0    603    0.77959E-01    0.12405E+02
  0    604    0.78089E-01    0.12408E+02
  0    605    0.78218E-01    0.12406E+02
  0    606    0.78347E-01    0.12403E+02
  0    607    0.78476E-01    0.12407E+02
  0    608    0.78606E-01    0.12405E+02
  0    609    0.78735E-01    0.12404E+02
  0    610    0.78864E-01    0.12411E+02
  0    611    0.78994E-01    0.12423E+02
  0    612    0.79123E-01    0.12429E+02
  0    613    0.79252E-01    0.12441E+02
  0    614    0.79381E-01    0.12450E+02
  0    615    0.79511E-01    0.12467E+02
  0    616    0.79640E-01    0.12486E+02
  0    617    0.79769E-01    0.12509E+02
  0    618    0.79899E-01    0.12535E+02
  0    619    0.80028E-01    0.12559E+02
  0    620    0.80157E-01    0.12586E+02
  0    621    0.80286E-01    0.12608E+02
  0    622    0.80416E-01    0.12624E+02
  0    623    0.80545E-01    0.12639E+02
  0    624    0.80674E-01    0.12656E+02
  0    625    0.80804E-01    0.12678E+02
  0    626    0.80933E-01    0.12693E+02
  0    627    0.81062E-01    0.12709E+02
  0    628    0.81191E-01    0.12727E+02
  0    629    0.81321E-01    0.12744E+02
  0    630    0.81450E-01    0.12758E+02
  0    631    0.81579E-01    0.12764E+02
  0    632    0.81709E-01    0.12775E+02
  0    633    0.81838E-01    0.12782E+02
  0    634    0.81967E-01    0.12800E+02
  0    635    0.82096E-01    0.12812E+02
  0    636    0.82226E-01    0.12826E+02
  0    637    0.82355E-01    0.12831E+02
  0    638    0.82484E-01    0.12831E+02
  0    639    0.82614E-01    0.12836E+02
  0    640    0.82743E-01    0.12834E+02
  0    641    0.82872E-01    0.12832E+02
  0    642    0.83001E-01    0.12840E+02
  0    643    0.83131E-01    0.12851E+02
  0    644    0.83260E-01    0.12862E+02
  0    645    0.83389E-01    0.12874E+02
  0    646    0.83519E-01    0.12897E+02
  0    647    0.83648E-01    0.12931E+02
  0    648    0.83777E-01    0.12951E+02
  0    649    0.83906E-01    0.12972E+02
  0    650    0.84036E-01    0.12993E+02
  0    651    0.84165E-01    0.13019E+02
  0    652    0.84294E-01    0.13037E+02
  0    653    0.84424E-01    0.13049E+02
  0    654    0.84553E-01    0.13059E+02
  0    655    0.84682E-01    0.13072E+02
  0    656    0.84811E-01    0.13079E+02
  0    657    0.84941E-01    0.13088E+02
  0    658    0.85070E-01    0.13094E+02
  0    659    0.85199E-01    0.13107E+02
  0    660    0.85329E-01    0.13129E+02
  0    661    0.85458E-01    0.13147E+02
  0    662    0.85587E-01    0.13175E+02
  0    663    0.85716E-01    0.13205E+02
  0    664    0.85846E-01    0.13224E+02
  0    665    0.85975E-01    0.13233E+02
  0    666    0.86104E-01    0.13246E+02
  0    667    0.86234E-01    0.13255E+02
  0    668    0.86363E-01    0.13269E+02
  0    669    0.86492E-01    0.13276E+02
  0    670    0.86621E-01    0.13283E+02
  0    671    0.86751E-01    0.13301E+02
  0    672    0.86880E-01    0.13327E+02
  0    673    0.87009E-01    0.13356E+02
  0    674    0.87139E-01    0.13376E+02
  0    675    0.87268E-01    0.13389E+02
  0    676    0.87397E-01    0.13401E+02
  0    677    0.87526E-01    0.13412E+02
  0    678    0.87656E-01    0.13418E+02
  0    679    0.87785E-01    0.13421E+02
  0    680    0.87914E-01    0.13434E+02
  0    681    0.88044E-01    0.13447E+02
  0    682    0.88173E-01    0.13456E+02
  0    683    0.88302E-01    0.13459E+02
  0    684    0.88431E-01    0.13464E+02
  0    685    0.88561E-01    0.13473E+02
  0    686    0.88690E-01    0.13484E+02
  0    687    0.88819E-01    0.13493E+02
  0    688    0.88949E-01    0.13515E+02
  0    689    0.89078E-01    0.13533E+02
  0    690    0.89207E-01    0.13555E+02
  0    691    0.89336E-01    0.13574E+02
  0    692    0.89466E-01    0.13583E+02
  0    693    0.89595E-01    0.13601E+02
  0    694    0.89724E-01    0.13633E+02
  0    695    0.89854E-01    0.13658E+02
  0    696    0.89983E-01    0.13683E+02
  0    697    0.90112E-01    0.13707E+02
  0    698    0.90241E-01    0.13727E+02
  0    699    0.90371E-01    0.13744E+02
  0    700    0.90500E-01    0.13772E+02
  0    701    0.90629E-01    0.13806E+02
  0    702    0.90759E-01    0.13837E+02
  0    703    0.90888E-01    0.13862E+02
  0    704    0.91017E-01    0.13880E+02
  0    705    0.91146E-01    0.13892E+02
  0    706    0.91276E-01    0.13906E+02
  0    707    0.91405E-01    0.13925E+02
  0    708    0.91534E-01    0.13944E+02
  0    709    0.91664E-01    0.13956E+02
  0    710    0.91793E-01    0.13967E+02
  0    711    0.91922E-01    0.13975E+02
  0    712    0.92051E-01    0.13982E+02
  0    713    0.92181E-01    0.13981E+02
  0    714    0.92310E-01    0.13982E+02
  0    715    0.92439E-01    0.13998E+02
  0    716    0.92569E-01    0.14007E+02
  0    717    0.92698E-01    0.14021E+02
  0    718    0.92827E-01    0.14044E+02
  0    719    0.92956E-01    0.14061E+02
  0    720    0.93086E-01    0.14078E+02
  0    721    0.93215E-01    0.14099E+02
  0    722    0.93344E-01    0.14122E+02
  0    723    0.93474E-01    0.14151E+02
  0    724    0.93603E-01    0.14174E+02
  0    725    0.93732E-01    0.14192E+02
  0    726    0.93861E-01    0.14206E+02
  0    727    0.93991E-01    0.14222E+02
  0    728    0.94120E-01    0.14243E+02
  0    729    0.94249E-01    0.14264E+02
  0    730    0.94379E-01    0.14285E+02
  0    731    0.94508E-01    0.14304E+02
  0    732    0.94637E-01    0.14312E+02
  0    733    0.94766E-01    0.14327E+02
  0    734    0.94896E-01    0.14352E+02
  0    735    0.95025E-01    0.14386E+02
  0    736    0.95154E-01    0.14415E+02
  0    737    0.95284E-01    0.14459E+02
  0    738    0.95413E-01    0.14496E+02
  0    739    0.95542E-01    0.14526E+02
  0    740    0.95671E-01    0.14554E+02
  0    741    0.95801E-01    0.14578E+02
  0    742    0.95930E-01    0.14596E+02
  0    743    0.96059E-01    0.14611E+02
  0    744    0.96189E-01    0.14636E+02
  0    745    0.96318E-01    0.14656E+02
  0    746    0.96447E-01    0.14669E+02
  0    747    0.96576E-01    0.14683E+02
  0    748    0.96706E-01    0.14702E+02
  0    749    0.96835E-01    0.14723E+02
  0    750    0.96964E-01    0.14736E+02
  0    751    0.97094E-01    0.14744E+02
  0    752    0.97223E-01    0.14750E+02
  0    753    0.97352E-01    0.14752E+02
  0    754    0.97481E-01    0.14754E+02
  0    755    0.97611E-01    0.14748E+02
  0    756    0.97740E-01    0.14748E+02
  0    757    0.97869E-01    0.14750E+02
  0    758    0.97999E-01    0.14762E+02
  0    759    0.98128E-01    0.14776E+02
  0    760    0.98257E-01    0.14789E+02
  0    761    0.98386E-01    0.14807E+02
  0    762    0.98516E-01    0.14817E+02
  0    763    0.98645E-01    0.14832E+02
  0    764    0.98774E-01    0.14843E+02
  0    765    0.98904E-01    0.14860E+02
  0    766    0.99033E-01    0.14876E+02
  0    767    0.99162E-01    0.14887E+02
  0    768    0.99291E-01    0.14904E+02
  0    769    0.99421E-01    0.14912E+02
  0    770    0.99550E-01    0.14923E+02
  0    771    0.99679E-01    0.14930E+02
  0    772    0.99809E-01    0.14943E+02
  0    773    0.99938E-01    0.14961E+02
  0    774    0.10007E+00    0.14988E+02
  0    775    0.10020E+00    0.15011E+02
  0    776    0.10033E+00    0.15037E+02
  0    777    0.10045E+00    0.15052E+02
  0    778    0.10058E+00    0.15061E+02
  0    779    0.10071E+00    0.15065E+02
  0    780    0.10084E+00    0.15076E+02
  0    781    0.10097E+00    0.15090E+02
  0    782    0.10110E+00    0.15112E+02
  0    783    0.10123E+00    0.15133E+02
  0    784    0.10136E+00    0.15156E+02
  0    785    0.10149E+00    0.15164E+02
  0    786    0.10162E+00    0.15171E+02
  0    787    0.10175E+00    0.15188E+02
  0    788    0.10188E+00    0.15213E+02
  0    789    0.10201E+00    0.15230E+02
  0    790    0.10214E+00    0.15242E+02
  0    791    0.10226E+00    0.15247E+02
  0    792    0.10239E+00    0.15245E+02
  0    793    0.10252E+00    0.15247E+02
  0    794    0.10265E+00    0.15256E+02
  0    795    0.10278E+00    0.15257E+02
  0    796    0.10291E+00    0.15260E+02
  0    797    0.10304E+00    0.15268E+02
  0    798    0.10317E+00    0.15279E+02
  0    799    0.10330E+00    0.15302E+02
  0    800    0.10343E+00    0.15316E+02
  0    801    0.10356E+00    0.15319E+02
  0    802    0.10369E+00    0.15325E+02
  0    803    0.10382E+00    0.15337E+02
  0    804    0.10395E+00    0.15355E+02
  0    805    0.10407E+00    0.15371E+02
  0    806    0.10420E+00    0.15390E+02
  0    807    0.10433E+00    0.15410E+02
  0    808    0.10446E+00    0.15433E+02
  0    809    0.10459E+00    0.15453E+02
  0    810    0.10472E+00    0.15466E+02
  0    811    0.10485E+00    0.15482E+02
  0    812    0.10498E+00    0.15494E+02
  0    813    0.10511E+00    0.15519E+02
  0    814    0.10524E+00    0.15540E+02
  0    815    0.10537E+00    0.15555E+02
  0    816    0.10550E+00    0.15564E+02
  0    817    0.10563E+00    0.15579E+02
  0    818    0.10576E+00    0.15596E+02
  0    819    0.10588E+00    0.15607E+02
  0    820    0.10601E+00    0.15616E+02
  0    821    0.10614E+00    0.15637E+02
  0    822    0.10627E+00    0.15656E+02
  0    823    0.10640E+00    0.15672E+02
  0    824    0.10653E+00    0.15692E+02
  0    825    0.10666E+00    0.15709E+02
  0    826    0.10679E+00    0.15724E+02
  0    827    0.10692E+00    0.15738E+02
  0    828    0.10705E+00    0.15752E+02
  0    829    0.10718E+00    0.15751E+02
  0    830    0.10731E+00    0.15754E+02
  0    831    0.10744E+00    0.15761E+02
  0    832    0.10757E+00    0.15773E+02
  0    833    0.10769E+00    0.15791E+02
  0    834    0.10782E+00    0.15805E+02
  0    835    0.10795E+00    0.15822E+02
  0    836    0.10808E+00    0.15839E+02
  0    837    0.10821E+00    0.15853E+02
  0    838    0.10834E+00    0.15863E+02
  0    839    0.10847E+00    0.15875E+02
  0    840    0.10860E+00    0.15891E+02
  0    841    0.10873E+00    0.15910E+02
  0    842    0.10886E+00    0.15931E+02
  0    843    0.10899E+00    0.15939E+02
  0    844    0.10912E+00    0.15956E+02
  0    845    0.10925E+00    0.15971E+02
  0    846    0.10938E+00    0.15982E+02
  0    847    0.10950E+00    0.15988E+02
  0    848    0.10963E+00    0.15997E+02
  0    849    0.10976E+00    0.16020E+02
  0    850    0.10989E+00    0.16040E+02
  0    851    0.11002E+00    0.16051E+02
  0    852    0.11015E+00    0.16051E+02
  0    853    0.11028E+00    0.16046E+02
  0    854    0.11041E+00    0.16038E+02
  0    855    0.11054E+00    0.16037E+02
  0    856    0.11067E+00    0.16034E+02
  0    857    0.11080E+00    0.16042E+02
  0    858    0.11093E+00    0.16061E+02
  0    859    0.11106E+00    0.16066E+02
  0    860    0.11119E+00    0.16074E+02
  0    861    0.11131E+00    0.16075E+02
  0    862    0.11144E+00    0.16074E+02
  0    863    0.11157E+00    0.16088E+02
  0    864    0.11170E+00    0.16106E+02
  0    865    0.11183E+00    0.16127E+02
  0    866    0.11196E+00    0.16140E+02
  0    867    0.11209E+00    0.16154E+02
  0    868    0.11222E+00    0.16175E+02
  0    869    0.11235E+00    0.16193E+02
  0    870    0.11248E+00    0.16216E+02
  0    871    0.11261E+00    0.16235E+02
  0    872    0.11274E+00    0.16248E+02
  0    873    0.11287E+00    0.16253E+02
  0    874    0.11300E+00    0.16256E+02
  0    875    0.11312E+00    0.16264E+02
  0    876    0.11325E+00    0.16261E+02
  0    877    0.11338E+00    0.16254E+02
  0    878    0.11351E+00    0.16248E+02
  0    879    0.11364E+00    0.16240E+02
  0    880    0.11377E+00    0.16233E+02
  0    881    0.11390E+00    0.16227E+02
  0    882    0.11403E+00    0.16226E+02
  0    883    0.11416E+00    0.16226E+02
  0    884    0.11429E+00    0.16240E+02
  0    885    0.11442E+00    0.16246E+02
  0    886    0.11455E+00    0.16257E+02
  0    887    0.11468E+00    0.16286E+02
  0    888    0.11481E+00    0.16315E+02
  0    889    0.11493E+00    0.16349E+02
  0    890    0.11506E+00    0.16387E+02
  0    891    0.11519E+00    0.16422E+02
  0    892    0.11532E+00    0.16448E+02
  0    893    0.11545E+00    0.16466E+02
  0    894    0.11558E+00    0.16483E+02
  0    895    0.11571E+00    0.16493E+02
  0    896    0.11584E+00    0.16502E+02
  0    897    0.11597E+00    0.16510E+02
  0    898    0.11610E+00    0.16533E+02
  0    899    0.11623E+00    0.16556E+02
  0    900    0.11636E+00    0.16567E+02
  0    901    0.11649E+00    0.16587E+02
  0    902    0.11662E+00    0.16614E+02
  0    903    0.11674E+00    0.16626E+02
  0    904    0.11687E+00    0.16635E+02
  0    905    0.11700E+00    0.16638E+02
  0    906    0.11713E+00    0.16657E+02
  0    907    0.11726E+00    0.16683E+02
  0    908    0.11739E+00    0.16705E+02
  0    909    0.11752E+00    0.16723E+02
  0    910    0.11765E+00    0.16735E+02
  0    911    0.11778E+00    0.16747E+02
  0    912    0.11791E+00    0.16763E+02
  0    913    0.11804E+00    0.16779E+02
  0    914    0.11817E+00    0.16788E+02
  0    915    0.11830E+00    0.16804E+02
  0    916    0.11843E+00    0.16824E+02
  0    917    0.11855E+00    0.16838E+02
  0    918    0.11868E+00    0.16842E+02
  0    919    0.11881E+00    0.16851E+02
  0    920    0.11894E+00    0.16866E+02
  0    921    0.11907E+00    0.16874E+02
  0    922    0.11920E+00    0.16881E+02
  0    923    0.11933E+00    0.16886E+02
  0    924    0.11946E+00    0.16887E+02
  0    925    0.11959E+00    0.16884E+02
  0    926    0.11972E+00    0.16878E+02
  0    927    0.11985E+00    0.16883E+02
  0    928    0.11998E+00    0.16900E+02
  0    929    0.12011E+00    0.16914E+02
  0    930    0.12024E+00    0.16930E+02
  0    931    0.12036E+00    0.16952E+02
  0    932    0.12049E+00    0.16959E+02
  0    933    0.12062E+00    0.16958E+02
  0    934    0.12075E+00    0.16971E+02
  0    935    0.12088E+00    0.16982E+02
  0    936    0.12101E+00    0.16995E+02
  0    937    0.12114E+00    0.17004E+02
  0    938    0.12127E+00    0.17011E+02
  0    939    0.12140E+00    0.17010E+02
  0    940    0.12153E+00    0.17022E+02
  0    941    0.12166E+00    0.17041E+02
  0    942    0.12179E+00    0.17063E+02
  0    943    0.12192E+00    0.17095E+02
  0    944    0.12205E+00    0.17126E+02
  0    945    0.12217E+00    0.17160E+02
  0    946    0.12230E+00    0.17178E+02
  0    947    0.12243E+00    0.17202E+02
  0    948    0.12256E+00    0.17227E+02
  0    949    0.12269E+00    0.17247E+02
  0    950    0.12282E+00    0.17269E+02
  0    951    0.12295E+00    0.17285E+02
  0    952    0.12308E+00    0.17300E+02
  0    953    0.12321E+00    0.17320E+02
  0    954    0.12334E+00    0.17333E+02
  0    955    0.12347E+00    0.17344E+02
  0    956    0.12360E+00    0.17349E+02
  0    957    0.12373E+00    0.17356E+02
  0    958    0.12386E+00    0.17361E+02
  0    959    0.12398E+00    0.17367E+02
  0    960    0.12411E+00    0.17369E+02
  0    961    0.12424E+00    0.17366E+02
  0    962    0.12437E+00    0.17359E+02
  0    963    0.12450E+00    0.17357E+02
  0    964    0.12463E+00    0.17363E+02
  0    965    0.12476E+00    0.17368E+02
  0    966    0.12489E+00    0.17376E+02
  0    967    0.12502E+00    0.17383E+02
  0    968    0.12515E+00    0.17383E+02
  0    969    0.12528E+00    0.17396E+02
  0    970    0.12541E+00    0.17414E+02
  0    971    0.12554E+00    0.17441E+02
  0    972    0.12567E+00    0.17462E+02
  0    973    0.12579E+00    0.17488E+02
  0    974    0.12592E+00    0.17516E+02
  0    975    0.12605E+00    0.17541E+02
  0    976    0.12618E+00    0.17559E+02
  0    977    0.12631E+00    0.17574E+02
  0    978    0.12644E+00    0.17585E+02
  0    979    0.12657E+00    0.17602E+02
  0    980    0.12670E+00    0.17624E+02
  0    981    0.12683E+00    0.17644E+02
  0    982    0.12696E+00    0.17672E+02
  0    983    0.12709E+00    0.17699E+02
  0    984    0.12722E+00    0.17722E+02
  0    985    0.12735E+00    0.17744E+02
  0    986    0.12748E+00    0.17768E+02
  0    987    0.12760E+00    0.17778E+02
  0    988    0.12773E+00    0.17783E+02
  0    989    0.12786E+00    0.17784E+02
  0    990    0.12799E+00    0.17785E+02
  0    991    0.12812E+00    0.17785E+02
  0    992    0.12825E+00    0.17777E+02
  0    993    0.12838E+00    0.17767E+02
  0    994    0.12851E+00    0.17754E+02
  0    995    0.12864E+00    0.17739E+02
  0    996    0.12877E+00    0.17737E+02
  0    997    0.12890E+00    0.17734E+02
  0    998    0.12903E+00    0.17731E+02
  0    999    0.12916E+00    0.17732E+02
  0    ***    0.12929E+00    0.17738E+02
