  1    ***    0.12929E-01    0.3227486122E-01    0.0000000000E+00
  1    ***    0.12929E-01    0.6454972244E-01    0.0000000000E+00
  1    ***    0.12929E-01    0.9682458366E-01    0.0000000000E+00
  1    ***    0.12929E-01    0.1290994449E+00    0.0000000000E+00
  1    ***    0.12929E-01    0.1613743061E+00    0.0000000000E+00
  1    ***    0.12929E-01    0.1936491673E+00    0.0000000000E+00
  1    ***    0.12929E-01    0.2259240285E+00    0.0000000000E+00
  1    ***    0.12929E-01    0.2581988897E+00    0.0000000000E+00
  1    ***    0.12929E-01    0.2904737510E+00    0.0000000000E+00
  1    ***    0.12929E-01    0.3227486122E+00    0.0000000000E+00
  1    ***    0.12929E-01    0.3550234734E+00    0.0000000000E+00
  1    ***    0.12929E-01    0.3872983346E+00    0.0000000000E+00
  1    ***    0.12929E-01    0.4195731958E+00    0.0000000000E+00
  1    ***    0.12929E-01    0.4518480571E+00    0.0000000000E+00
  1    ***    0.12929E-01    0.4841229183E+00    0.0000000000E+00
  1    ***    0.12929E-01    0.5163977795E+00    0.0000000000E+00
  1    ***    0.12929E-01    0.5486726407E+00    0.0000000000E+00
  1    ***    0.12929E-01    0.5809475019E+00    0.0000000000E+00
  1    ***    0.12929E-01    0.6132223631E+00    0.0000000000E+00
  1    ***    0.12929E-01    0.6454972244E+00    0.0000000000E+00
  1    ***    0.12929E-01    0.6777720856E+00    0.0000000000E+00
  1    ***    0.12929E-01    0.7100469468E+00    0.0000000000E+00
  1    ***    0.12929E-01    0.7423218080E+00    0.0000000000E+00
  1    ***    0.12929E-01    0.7745966692E+00    0.0000000000E+00
  1    ***    0.12929E-01    0.8068715305E+00    0.0000000000E+00
  1    ***    0.12929E-01    0.8391463917E+00    0.0000000000E+00
  1    ***    0.12929E-01    0.8714212529E+00    0.0000000000E+00
  1    ***    0.12929E-01    0.9036961141E+00    0.0000000000E+00
  1    ***    0.12929E-01    0.9359709753E+00    0.0000000000E+00
  1    ***    0.12929E-01    0.9682458366E+00    0.0000000000E+00
  1    ***    0.12929E-01    0.1000520698E+01    0.5172441723E+03
  1    ***    0.12929E-01    0.1032795559E+01    0.5901040877E+03
  1    ***    0.12929E-01    0.1065070420E+01    0.1066230383E+03
  1    ***    0.12929E-01    0.1097345281E+01    0.8075759357E+02
  1    ***    0.12929E-01    0.1129620143E+01    0.7017948749E+02
  1    ***    0.12929E-01    0.1161895004E+01    0.7124402906E+02
  1    ***    0.12929E-01    0.1194169865E+01    0.6686426190E+02
  1    ***    0.12929E-01    0.1226444726E+01    0.6304403164E+02
  1    ***    0.12929E-01    0.1258719588E+01    0.6100967044E+02
  1    ***    0.12929E-01    0.1290994449E+01    0.5448820573E+02
  1    ***    0.12929E-01    0.1323269310E+01    0.5211165110E+02
  1    ***    0.12929E-01    0.1355544171E+01    0.5073322678E+02
  1    ***    0.12929E-01    0.1387819032E+01    0.5042627769E+02
  1    ***    0.12929E-01    0.1420093894E+01    0.4673813575E+02
  1    ***    0.12929E-01    0.1452368755E+01    0.4307841480E+02
  1    ***    0.12929E-01    0.1484643616E+01    0.4013922644E+02
  1    ***    0.12929E-01    0.1516918477E+01    0.4146653691E+02
  1    ***    0.12929E-01    0.1549193338E+01    0.4303817712E+02
  1    ***    0.12929E-01    0.1581468200E+01    0.4507005465E+02
  1    ***    0.12929E-01    0.1613743061E+01    0.4549709307E+02
  1    ***    0.12929E-01    0.1646017922E+01    0.4530211513E+02
  1    ***    0.12929E-01    0.1678292783E+01    0.4800236699E+02
  1    ***    0.12929E-01    0.1710567645E+01    0.5261753364E+02
  1    ***    0.12929E-01    0.1742842506E+01    0.6307652503E+02
  1    ***    0.12929E-01    0.1775117367E+01    0.6513379543E+02
  1    ***    0.12929E-01    0.1807392228E+01    0.6531833571E+02
  1    ***    0.12929E-01    0.1839667089E+01    0.7121127365E+02
  1    ***    0.12929E-01    0.1871941951E+01    0.7301973431E+02
  1    ***    0.12929E-01    0.1904216812E+01    0.7189341648E+02
  1    ***    0.12929E-01    0.1936491673E+01    0.7198618199E+02
  1    ***    0.12929E-01    0.1968766534E+01    0.8798611386E+02
  1    ***    0.12929E-01    0.2001041396E+01    0.1558859264E+03
  1    ***    0.12929E-01    0.2033316257E+01    0.1028370115E+03
  1    ***    0.12929E-01    0.2065591118E+01    0.7056353710E+02
  1    ***    0.12929E-01    0.2097865979E+01    0.6694278983E+02
  1    ***    0.12929E-01    0.2130140840E+01    0.6405464042E+02
  1    ***    0.12929E-01    0.2162415702E+01    0.6491415568E+02
  1    ***    0.12929E-01    0.2194690563E+01    0.6457116459E+02
  1    ***    0.12929E-01    0.2226965424E+01    0.5934597399E+02
  1    ***    0.12929E-01    0.2259240285E+01    0.6461828089E+02
  1    ***    0.12929E-01    0.2291515147E+01    0.6300820034E+02
  1    ***    0.12929E-01    0.2323790008E+01    0.6147164907E+02
  1    ***    0.12929E-01    0.2356064869E+01    0.6056756609E+02
  1    ***    0.12929E-01    0.2388339730E+01    0.5821909472E+02
  1    ***    0.12929E-01    0.2420614591E+01    0.6203154700E+02
  1    ***    0.12929E-01    0.2452889453E+01    0.6150674527E+02
  1    ***    0.12929E-01    0.2485164314E+01    0.5573626912E+02
  1    ***    0.12929E-01    0.2517439175E+01    0.5571367670E+02
  1    ***    0.12929E-01    0.2549714036E+01    0.5722279126E+02
  1    ***    0.12929E-01    0.2581988897E+01    0.5509363565E+02
  1    ***    0.12929E-01    0.2614263759E+01    0.5525701458E+02
  1    ***    0.12929E-01    0.2646538620E+01    0.6026563028E+02
  1    ***    0.12929E-01    0.2678813481E+01    0.6895556710E+02
  1    ***    0.12929E-01    0.2711088342E+01    0.7346058480E+02
  1    ***    0.12929E-01    0.2743363204E+01    0.7342297815E+02
  1    ***    0.12929E-01    0.2775638065E+01    0.7321946425E+02
  1    ***    0.12929E-01    0.2807912926E+01    0.7568194732E+02
  1    ***    0.12929E-01    0.2840187787E+01    0.6786730556E+02
  1    ***    0.12929E-01    0.2872462648E+01    0.6390079957E+02
  1    ***    0.12929E-01    0.2904737510E+01    0.6575891030E+02
  1    ***    0.12929E-01    0.2937012371E+01    0.6715951702E+02
  1    ***    0.12929E-01    0.2969287232E+01    0.7149066104E+02
  1    ***    0.12929E-01    0.3001562093E+01    0.7527667484E+02
  1    ***    0.12929E-01    0.3033836955E+01    0.6370827686E+02
  1    ***    0.12929E-01    0.3066111816E+01    0.5862560748E+02
  1    ***    0.12929E-01    0.3098386677E+01    0.5717978806E+02
  1    ***    0.12929E-01    0.3130661538E+01    0.5886720780E+02
  1    ***    0.12929E-01    0.3162936399E+01    0.6120952199E+02
  1    ***    0.12929E-01    0.3195211261E+01    0.6044333108E+02
  1    ***    0.12929E-01    0.3227486122E+01    0.5999965404E+02
  1    ***    0.12929E-01    0.3259760983E+01    0.6042630182E+02
  1    ***    0.12929E-01    0.3292035844E+01    0.6066390580E+02
  1    ***    0.12929E-01    0.3324310705E+01    0.6020125004E+02
  1    ***    0.12929E-01    0.3356585567E+01    0.6312315702E+02
  1    ***    0.12929E-01    0.3388860428E+01    0.6066712288E+02
  1    ***    0.12929E-01    0.3421135289E+01    0.5895280121E+02
  1    ***    0.12929E-01    0.3453410150E+01    0.6099116302E+02
  1    ***    0.12929E-01    0.3485685012E+01    0.6156083589E+02
  1    ***    0.12929E-01    0.3517959873E+01    0.6135019668E+02
  1    ***    0.12929E-01    0.3550234734E+01    0.6268757108E+02
  1    ***    0.12929E-01    0.3582509595E+01    0.6648038803E+02
  1    ***    0.12929E-01    0.3614784456E+01    0.6651449058E+02
  1    ***    0.12929E-01    0.3647059318E+01    0.7005194210E+02
  1    ***    0.12929E-01    0.3679334179E+01    0.6928217998E+02
  1    ***    0.12929E-01    0.3711609040E+01    0.6577700048E+02
  1    ***    0.12929E-01    0.3743883901E+01    0.6741224644E+02
  1    ***    0.12929E-01    0.3776158763E+01    0.6827624106E+02
  1    ***    0.12929E-01    0.3808433624E+01    0.6813727879E+02
  1    ***    0.12929E-01    0.3840708485E+01    0.6846483020E+02
  1    ***    0.12929E-01    0.3872983346E+01    0.6598257617E+02
  1    ***    0.12929E-01    0.3905258207E+01    0.7209600051E+02
  1    ***    0.12929E-01    0.3937533069E+01    0.6980915680E+02
  1    ***    0.12929E-01    0.3969807930E+01    0.7165064592E+02
  1    ***    0.12929E-01    0.4002082791E+01    0.6972610274E+02
  1    ***    0.12929E-01    0.4034357652E+01    0.6874061786E+02
  1    ***    0.12929E-01    0.4066632514E+01    0.6406170344E+02
  1    ***    0.12929E-01    0.4098907375E+01    0.6395789220E+02
  1    ***    0.12929E-01    0.4131182236E+01    0.6545350017E+02
  1    ***    0.12929E-01    0.4163457097E+01    0.6625205363E+02
  1    ***    0.12929E-01    0.4195731958E+01    0.6769898231E+02
  1    ***    0.12929E-01    0.4228006820E+01    0.6663384517E+02
  1    ***    0.12929E-01    0.4260281681E+01    0.6886918809E+02
  1    ***    0.12929E-01    0.4292556542E+01    0.6852623277E+02
  1    ***    0.12929E-01    0.4324831403E+01    0.6908874354E+02
  1    ***    0.12929E-01    0.4357106264E+01    0.6915820683E+02
  1    ***    0.12929E-01    0.4389381126E+01    0.6703911593E+02
  1    ***    0.12929E-01    0.4421655987E+01    0.6499584724E+02
  1    ***    0.12929E-01    0.4453930848E+01    0.6482687567E+02
  1    ***    0.12929E-01    0.4486205709E+01    0.6648424829E+02
  1    ***    0.12929E-01    0.4518480571E+01    0.6951249013E+02
  1    ***    0.12929E-01    0.4550755432E+01    0.7222213435E+02
  1    ***    0.12929E-01    0.4583030293E+01    0.7117903954E+02
  1    ***    0.12929E-01    0.4615305154E+01    0.7352444608E+02
  1    ***    0.12929E-01    0.4647580015E+01    0.7432524751E+02
  1    ***    0.12929E-01    0.4679854877E+01    0.7061060495E+02
  1    ***    0.12929E-01    0.4712129738E+01    0.7170045040E+02
  1    ***    0.12929E-01    0.4744404599E+01    0.6943109949E+02
  1    ***    0.12929E-01    0.4776679460E+01    0.6860128346E+02
  1    ***    0.12929E-01    0.4808954322E+01    0.6876350942E+02
  1    ***    0.12929E-01    0.4841229183E+01    0.7015677641E+02
  1    ***    0.12929E-01    0.4873504044E+01    0.7136909501E+02
  1    ***    0.12929E-01    0.4905778905E+01    0.7355374585E+02
  1    ***    0.12929E-01    0.4938053766E+01    0.7090065714E+02
  1    ***    0.12929E-01    0.4970328628E+01    0.7177255461E+02
  1    ***    0.12929E-01    0.5002603489E+01    0.7149919929E+02
  1    ***    0.12929E-01    0.5034878350E+01    0.6832751995E+02
  1    ***    0.12929E-01    0.5067153211E+01    0.6643300209E+02
  1    ***    0.12929E-01    0.5099428073E+01    0.6634103492E+02
  1    ***    0.12929E-01    0.5131702934E+01    0.6927065768E+02
  1    ***    0.12929E-01    0.5163977795E+01    0.6994116361E+02
  1    ***    0.12929E-01    0.5196252656E+01    0.6578642303E+02
  1    ***    0.12929E-01    0.5228527517E+01    0.6818572244E+02
  1    ***    0.12929E-01    0.5260802379E+01    0.6738375437E+02
  1    ***    0.12929E-01    0.5293077240E+01    0.6621780120E+02
  1    ***    0.12929E-01    0.5325352101E+01    0.6593910231E+02
  1    ***    0.12929E-01    0.5357626962E+01    0.6548528704E+02
  1    ***    0.12929E-01    0.5389901823E+01    0.6438233258E+02
  1    ***    0.12929E-01    0.5422176685E+01    0.6468512973E+02
  1    ***    0.12929E-01    0.5454451546E+01    0.6714241720E+02
  1    ***    0.12929E-01    0.5486726407E+01    0.6660808077E+02
  1    ***    0.12929E-01    0.5519001268E+01    0.7143284568E+02
  1    ***    0.12929E-01    0.5551276130E+01    0.7383156049E+02
  1    ***    0.12929E-01    0.5583550991E+01    0.7235838785E+02
  1    ***    0.12929E-01    0.5615825852E+01    0.7409593680E+02
  1    ***    0.12929E-01    0.5648100713E+01    0.7142983293E+02
  1    ***    0.12929E-01    0.5680375574E+01    0.7274659580E+02
  1    ***    0.12929E-01    0.5712650436E+01    0.7350018738E+02
  1    ***    0.12929E-01    0.5744925297E+01    0.7314922581E+02
  1    ***    0.12929E-01    0.5777200158E+01    0.7116446101E+02
  1    ***    0.12929E-01    0.5809475019E+01    0.7571058276E+02
  1    ***    0.12929E-01    0.5841749881E+01    0.7334424094E+02
  1    ***    0.12929E-01    0.5874024742E+01    0.7235087255E+02
  1    ***    0.12929E-01    0.5906299603E+01    0.6945957757E+02
  1    ***    0.12929E-01    0.5938574464E+01    0.6863697862E+02
  1    ***    0.12929E-01    0.5970849325E+01    0.6811590028E+02
  1    ***    0.12929E-01    0.6003124187E+01    0.6591468461E+02
  1    ***    0.12929E-01    0.6035399048E+01    0.6995239502E+02
  1    ***    0.12929E-01    0.6067673909E+01    0.6979118264E+02
  1    ***    0.12929E-01    0.6099948770E+01    0.7225246028E+02
  1    ***    0.12929E-01    0.6132223631E+01    0.6903847478E+02
  1    ***    0.12929E-01    0.6164498493E+01    0.7110357781E+02
  1    ***    0.12929E-01    0.6196773354E+01    0.7261521155E+02
  1    ***    0.12929E-01    0.6229048215E+01    0.6806837820E+02
  1    ***    0.12929E-01    0.6261323076E+01    0.6526882528E+02
  1    ***    0.12929E-01    0.6293597938E+01    0.6702804291E+02
  1    ***    0.12929E-01    0.6325872799E+01    0.7062930033E+02
  1    ***    0.12929E-01    0.6358147660E+01    0.7197010825E+02
  1    ***    0.12929E-01    0.6390422521E+01    0.7216786207E+02
  1    ***    0.12929E-01    0.6422697382E+01    0.7093195054E+02
  1    ***    0.12929E-01    0.6454972244E+01    0.6888640777E+02
