   2.8573973053704007       -7.9129063944931328     
   12.246198530371068       -1.8477854629169692     
  -9.9600911843635167       -1.2476727312111795     
   4.0594358963144144        6.1960383308693103     
   2.6302219700498024       -12.127832788397134     
  -5.2710714743921629        3.7294896136451472     
   11.435866354463350       -1.2403760805219675     
   3.9655492740489722        5.1913087930391537     
   1.2022923643082062       -9.0725458530433780     
  -4.8042251397947391        10.308814134313730     
   3.1828002860012026        6.7095405274315487     
   7.7131888074893711        7.9375581002251856     
  -8.4108041837182981        6.8624595802715858     
   11.302560270485746       -2.2313572446842289     
  -5.0221402937412316       -1.1874202213288461     
   12.006559577294054        3.0784634923859229     
  -4.4620466815850905        4.3347470574269273     
   9.0784208684902250        5.2241707526631016     
   3.6964864466583620       -2.5924961579686761     
   7.2241801548545652       -10.090449020552748     
  -2.3436739490269125        2.2824125009274230     
   4.4930606592765097       -11.217544068709126     
   2.5496118291201300        1.4272278433048931     
  -3.3452980860589303       -9.7657828490124245     
  0.92555207088439762        5.3595959534887392     
 -0.17728553085901144        3.8453602934224471     
  -3.2245078043225255        6.1219602156435133     
  0.24255800086643237       -7.6569218772861039     
  0.65912512657123623       -12.390224708528311     
   9.5640511664316605       -4.2638194125838353     
   2.8558913267751973       -6.9128928870140127     
  -1.4848448843932160       -8.7300797995414676     
  -4.1422113273542109      -0.71132358580109778     
  -2.3516103179070162       -8.2303976783274528     
  -6.9486804833935345      -0.69776363738066560     
   1.5786981997377987       -4.7161461351944425     
   11.681933199245124        4.0662426121674162     
   4.8758266200457454        5.6114494340639025     
   2.0489127965155509       -3.0724247040430024     
  0.20146234102608798       -2.3270756081089163     
   4.5652850997256671       -2.0973393559928311     
 -0.60635581476082567       -8.2058282639286304     
  -9.4648351789087908       -4.5578410738616277     
   10.507176909996140       -1.6191065733698813     
   9.2655996744648323       -6.9717443708777704     
   2.7252110824971898       -1.2426048774969063     
   3.8637409881100484        4.1969272730104814     
  -4.7540159496672318        5.2927890068407768     
  -4.5434059579962289       -4.0923810953147495     
  -5.9473448655110177      -0.78082625849974829     
   12.229795263216499        2.1032589707776617     
  -7.5099599315749641       -2.4770367064309746     
  -5.3705432268940871       -10.260674934491783     
   9.2153868147468803        1.8891139645455897     
  0.30476886819766486        2.9636109570171323     
  -5.5548280549616491        4.6883225836416935     
  -10.824136873694872      -0.73783579130480692     
  -1.9554244623651773        9.7819182512598886     
   2.0059686135575072      -0.50829702915753849     
  -5.4101154311248321       -6.1540661716244358     
 -0.71947222447013470        3.0045188843341299     
   7.3867360115525047      -0.32514925566253411     
  -2.3828426306454142       -9.2504183829174771     
  -10.439561125743342       -4.3322272091267280     
  -11.303355236868770       0.85072854971357736     
  -7.5709647582789845        9.8264065662748337     
  0.42536007256095276        10.612822626752457     
   9.7071335795671505       -6.0742813583972053     
   7.3459360995481271        9.5439206666202985     
   2.9798172227737303      -0.27586834124002413     
   1.9610341512984906       -7.4663189929798683     
   11.031787502894405        3.3020387864480938     
  -10.123711094804836        2.4895054236827949     
  -4.2271977784046229        6.1438991445515674     
   3.7353837233266214       -8.4118889199874545     
  -7.5748539956590442       -1.4780724956077445     
  0.97035184739294178      -0.40140727563306411     
  -1.6552595510940309        4.8091979447260318     
   2.2949436283660565       0.45279406826659985     
   6.7292187654045899        7.6437987635898308     
   2.3127934855819552       -4.0366174664824657     
  -10.349030365716068       -2.1983072854279619     
   8.0809742582826374        5.1537221553543553     
   3.2007150611991055        10.211305010722205     
  -4.8484352675101299       -9.4068633133942718     
   8.0329850818074231       -3.1632939869493351     
   1.9258260772899203        11.336391836983411     
   10.057048256466832       -5.1376406383330115     
  -5.6828775768040360        5.7223998104340925     
  -9.7137748120936767        1.5659775349721976     
   2.9539308725485838        11.180484687193987     
  -1.1772470470797305        3.9083983470150869     
  -3.8342497082311677        10.011650469414477     
   1.5163519068217064        12.287916361862594     
  -3.1981860739976598       -1.0482884406343500     
   4.7763985522541663        4.6068772259322159     
  -3.5897416332120660       -1.9680123140015930     
  -2.9318030093529783       -2.7234267255560400     
   3.0270540795529000       -3.3358675636217843     
  -9.0320899723108750E-002   11.510530476079703     
  -7.4371638051213678       -6.4100398100222282     
   6.9764748943166612        8.6134447098386708     
  -10.573286510090050        3.4604263392130798     
   3.7231943376773753       -7.4118726547055429     
   1.2644465315930158        10.066280460814056     
   6.6907365521811339       -8.1373046517227934     
  -5.0353085020614810      -0.18728142288803243     
  0.59473458756905551       -4.4555780763833051     
   3.7775631537959260       -10.519613809452707     
  -2.0280316085563754        12.021828985514121     
   10.637523912564246        4.2222041815572489     
  -9.3462095406880241        7.2773195401054558     
   7.6915663511025159       -8.2080184291482148     
   8.7026810505645287       -6.0166437638899808     
  -4.6139624543034330        9.3266818131878555     
  0.29238780791523583       -8.6577503697779612     
   7.4976017440498230        5.9686655416681083     
   2.8310883749291729       -10.192292913106421     
   3.1115336749067488        5.7111319297929128     
   7.0972868760689378       -9.0742827943495765     
  0.41057140205779685       -9.6854104792849522     
  -10.146191000594285       -5.2901518767742601     
   9.0330580577334025       -3.1496840358996461     
   2.0524669624021148       -8.5064733706625777     
  -10.312630397037626       0.71455401192769319     
  -11.701655652796019        1.8036946521397317     
   1.6284771242456260       -12.144206962142940     
   8.3769053456986935      -0.18054145611996070     
  -5.4855564178209191       -4.4367397641647086     
 -0.25270456165587557        2.1204351759714841     
   1.1512308111290435       -8.0741319494209343     
   8.5294884543952296        6.0596796864228200     
   8.7468593797010303       -8.7968922096280053     
  -6.5851486781492525       -1.6305753615455105     
   6.3474192634330819        9.3908865614696708     
  -7.4157122887238511        7.0957511307912675     
   8.5878199474411758       -4.0467423886153453     
   11.251859395259549        2.3254112921521441     
  -9.9212633592762778      -0.24133799922867988     
  -1.7358807179026261        3.0784650990895748     
 -0.63317490991004566       -7.1737455467174982     
  0.69832655198265481        6.3569809759808882     
   6.7634650228154296        10.356897477172984     
   2.8855301200937857        7.6716310202451812     
 -0.55723443085993918        12.396510290746702     
  -2.9107266136673546        4.6939455009140438     
  -11.384384633003297       -2.1892281097417725     
  -10.709778679862785        1.6695478248617970     
   6.0139823273700985        8.3435677743880063     
   2.1034395597270068       -9.5055437102448366     
  -2.5377112731969174        8.0111793617190497     
  -9.1250559584700248        2.4365859502823035     
   6.0210118755265993       -3.4472498811689198     
  -5.5919160227017368        9.6916140521025653     
  -3.1245730783581638        7.1604978946122353     
 -0.64629321810512752        4.7795238614323221     
   1.3105446233859774       -3.7510263270207318     
  -9.2441287494310611        8.2795049383689445     
  -6.4043978213983790       -6.2787200554703606     
  -4.9375899712092135       -5.2728041506508010     
  -3.5636974043147571        8.0597095280626085     
   5.7729840411846860        7.3511829116948197     
  -1.2890051795403636        2.1814863822445361     
  -6.5661657406825125        9.9258149542938323     
  -2.9862750792666577        11.734343657798840     
  0.49600810568177578        12.373745009736934     
  -3.9401210650008247       -5.1857665169398786     
   10.698671858676121       -5.9457195810911712     
   3.8431432545030604       -6.4189425096482253     
  -4.1472107606070043        7.1639505376989394     
   8.0128626359587027       -9.4762092064454624     
   4.3152850490396100       -4.4940411501534214     
  0.93354250935171768        11.474686349840013     
  -2.2947508708343141        11.007348718885309     
   3.2686509667479804       0.68185933596661352     
  -9.5717764077429095        3.3309918442403048     
  -10.901822741820506       -3.0664828912409039     
   10.298199369944925       -6.9016658466658685     
   5.0944256378200654       -2.9480348298219470     
   10.062045292250914        5.0443731719792435     
   5.5652245912683140       -2.0662745803846203     
  -5.8830947927022557       -9.3994703241548603     
   3.8289957833375197        11.668043007750345     
  0.75816298019134198       -1.4296325999761499     
   5.4894511322607134        3.8543741631242936     
  -8.4085789853652226       -2.0313085713420742     
  -5.8436268119756036        10.659377370472169     
   12.071168794933214       -2.8721106208703908     
  -11.115180369361115        2.6152296063635538     
  -3.7504432645615911        5.2511189277926826     
  -2.9477462624353126       -5.3153119765172967     
  -1.1214767267947519        11.568246663160982     
  -2.3715152817530556        5.5363751868913544     
  0.31933026753230664       -3.4099201649190838     
  0.92258971130545853       -11.426193832192887     
   3.3170071716178078       -4.2932152667521217     
   7.7498795115492882       0.60650118298046718     
  -1.4850028517080434       -7.7289199174625685     
  -5.0938157066384004       -3.2041402293440497     
   2.5931859848866532       -4.9958696141429000     
