  -9.2444829375675521        5.4870642613341234     
  -11.135587915686887       -3.0278203018831746     
   9.7775097196180969       -2.6941081634897621     
   3.0878406486167513        3.4990157762038443     
  -10.651215701178065       0.42421255935836899     
  -6.3470618664806073       -5.4084869288347353     
  -12.098705557365673       -2.7559084439665358     
  -8.5197172080563615      -0.80908775494990104     
  -7.3662761543909001        9.9097022710202332     
  -8.0412468524780163       -7.6755636306713999     
   5.5028421693678728        6.9553050755137500     
  -1.8922346735599340        3.8825508732501901     
  -8.9942486327645561       -3.6066192942846440     
  -7.0690328329140417       -7.1985913464043341     
  -1.6420944124920380        12.295742739362968     
 -0.60446181064475391        12.174607417380026     
  0.47536571053798810        10.274903190452214     
  -9.0376691311954751        1.1161308262939555     
  -11.648259443981146       0.56271294688728823     
   2.3302044947494496       -8.4689297924132241     
   4.9932536798989764       -4.2006194404638482     
   2.8671087438810461       0.22516211711563069     
   8.6859829469232785        6.6992580471909937     
  -4.9851488076691153      -0.45506810883901794     
  -8.3479326003047198        3.6947987388194736     
  -6.1557436856015562       -6.7714454790677427     
   5.7515707521104105        4.9248945666005222     
   1.7853311705626345       -9.3168343667524827     
   1.0358544088075188        6.4647955956425420     
  -5.8351515465907946       -1.0063366245696832     
   1.2699494913307963        9.5969948088646166     
   8.9739120442149165       -2.0976271243118494     
  -2.2995827883448232      -0.69118221636468613     
  -1.7483446851061923        2.8817655573808043     
  -10.752308780575019       -3.9776130800711251     
   1.5693649167126118        4.8135577823623219     
  -4.1259470773030769       0.13560751657342390     
   6.6462716974262275       -6.1309357734642536     
  -1.5298005430822548        6.8590043271613332     
   3.6410583692782024       -3.7583238376758468     
 -0.71117633718821482       -5.2514707192315084     
  -8.0154652606582797        1.0161094814067104     
 -0.84307842614761597        8.4296760802826931     
 -0.27427284837471133       -6.1510758450393981     
   3.2070586367624854        8.1511639140160543     
   4.4297061749551618      -0.99333795411806902     
   4.5304007743979300       -3.2952774414371890     
 -0.76330181765608307        3.1074143620021100     
  -1.0057215027412443        2.1381197618115833     
   7.9228360239080056        9.5515327914349069     
   1.2123077791727257        7.4628674476210586     
   10.668205681863444        5.4928557245949845     
  -1.6698719300877265        7.8621367193018479     
   5.3913880988237182       -5.1211491016685518     
  -9.9717325032452617       -3.3446058797788178     
  -4.8532784114641689        6.0122833470581103     
  -11.907375855052042        1.8318704980500202     
   9.6528503757365698        6.4402993280408118     
 -0.84203075618459944       -6.9793224482492082     
  -5.4872118896268143        1.8971397291187262     
   1.9879694471139255        8.8637851556900547     
   5.2332111130150016        2.3286482073421606     
   5.3303875710533584      -0.55341659082140149     
  -6.9743017186930620       -6.1973931919784944     
   5.9921365195872394       -4.2468575993495916     
   8.8796213553104568        2.5787175059092582     
   2.4991720712098333      -0.70484968245675306     
  -7.7962461012187063        4.5373416037911909     
  -1.6769795366391171       -11.302338735783975     
  -1.0030393281561030E-002  -4.5385874518205709     
  -5.8824068734017487       -6.3520735860896314E-003
   3.1677039513301906       -11.998836136923638     
   8.8155118787435711       0.60656086930674669     
  -6.4144417850189877        9.5380008934468048     
  -8.1069289528718453       -4.0883177170885521     
  -4.0714630548349460      -0.86297427179008113     
  -1.8273702484045826        5.8772604594934128     
   10.876918123184883        2.5055991141727434     
   1.8777712520374554        7.8918395614807235E-002
   1.0484618417867881       -2.1979249428409040     
  -11.031222570115821        1.3486182714333741     
  -5.1858187898566230       -7.0140911725491710     
   2.9947126637236261        7.1705283116423111     
   9.4313640813165431        3.4822239523000729     
  -3.5186043323230733       -11.653723460496721     
   2.0323612291135102        6.8172094953502258     
  -7.9330923678802208        2.7842506452288682     
  -1.6902277775415084       -5.0389098907842556     
  -7.2016396149493298        8.9217139332972373     
   10.388041118293691        4.4980870281325256     
   11.897400777778287      -0.75723180547914970     
  0.10163595581468760        8.0245575510290763     
  -9.7495778064610210       -7.3264562241574591     
   6.3899792019414319       -5.1644935704081956     
   2.8816689055779054        2.5185311647389428     
   10.436543990951250        3.4111862883447470     
  -8.2462001339179682        5.4317019735154695     
   4.4989386081453899        5.3317153320142927E-003
   6.9091993670160665       -1.8896372864257749     
  -4.3584115094613205        6.8823521994175536     
  -5.5191205167841364       -5.9991620323920714     
   12.408939382351639       0.12838016272295727     
   9.1400570062563311      -0.33936345174175325     
   11.276889434802913       -1.5737468183600911     
 -0.71414263151281721        7.4377883635091324     
  -7.5584230522570692       -1.0926112631014309     
   5.5285181807231281       -3.3559571451877921     
   2.7633006187707538       -3.2774514835130750     
  -1.4575672720277966       -9.4981264062288737     
   2.2114665155413458       -10.235133595275295     
  -4.4953267719345913        1.7491838310057437     
  -2.8590650005715021        3.6268612989866029     
  -3.4655990330375861        8.2656720949367237     
   2.7640921548045769       -4.2790383854930676     
  0.20432166174857336        7.0252797506874947     
  -4.9647180601600347       -8.0360301659398026     
   8.0249855389268010        8.5552299791138857     
  -2.8889192716768797        4.6323873085625955     
   1.7769348410597412        5.7930560446244890     
  0.93100534481219532       -4.1906792941561388     
  -9.0021738440134342       -8.0137772251455583     
   2.7832509725057446       -9.3903766706431195     
  -9.8279807081595507        4.6569923454443058     
  -3.9527126481982497       -10.732875290765607     
  0.78742398897877952        5.4709646968625814     
  -11.052085736598512        2.3498815781108049     
 -0.81720523880362483       -1.5420043071181408     
   3.3524564243754273       -8.5638655576193621     
   5.5063756650786102        5.9373145648753143     
   8.8665521347976934       -3.1055225382518388     
  0.92097764220572631       -12.374709763783498     
   2.9261959696952151       -7.6584874645937795     
  -7.2420793086819293       -3.5376132193667544     
   5.4781919083663606        3.9568877899454939     
  -8.2822364754728763       -1.7821559227549606     
   8.4453226086425186       -1.1091095215519347     
   3.9680254089398674E-002   2.5100532623205201     
   3.8070733493478603       -9.4548298672444684     
   7.0777683117095620        9.0171921937894357     
  -5.9460245445420776       -7.7492388222274622     
   2.6946184915226574       -11.116472021345087     
   3.7131212537057290       -11.160918300811515     
   1.0445778782184605       -3.1971248145404800     
  -2.6421481082293576        7.6132743658037230     
  -8.4814254390552062        1.9481563609826655     
   7.7044402404647743       -5.9564225879506747     
  -1.1521780258269552       -10.450944996528797     
  -7.4851366720042032        1.8634667436728578     
  -5.9380104369987725       0.99231151080141056     
   3.7971292187528531        5.3442458854709107     
  0.65007371377895984        4.4165790601590036     
   8.3004603374830008       -6.7861065124448077     
   2.3162385189188179        4.1375663206440647     
  0.15511334739006952        3.5474859578230493     
  -11.805348141260199       -3.7708159011648021     
  -2.8082874793675723        5.6543990752486888     
  -8.9582993043157426       -2.5183340940496848     
  -1.2995705800990134      -0.66466017663511878     
   1.4349004820296551      -0.82025173841634991     
 -0.84027052469298813        6.1351682849083113     
  -12.016328738163516        2.8261349629784833     
  -2.8283244060240209       -1.5923278581590710     
  -8.7986082563403052       -7.0163758814410393     
   7.3041373407016605       -6.8838742898322582     
  -8.1366701098167731       -3.0894047575128836     
   3.5544051889173010      -0.50136313793325016     
   4.2813410920099928       -10.336704185222299     
   6.1855668756130306        9.4691216646779282     
  -2.7555161200156491        2.6098185374724987     
   2.0054094634326844        2.0138173748012118     
   12.280903747496490       -1.7328485868072649     
  -1.3060810756988082       -6.0545320269038392     
   4.1715308548548879        2.3749012536063070     
   9.8799306465147847        2.5805468961299729     
  -7.0136795878368785       0.98048095498162802     
   7.8376689226784189        6.1700238014165700     
   7.9675329169212521       -2.0334900694809965     
   8.1583006280339507      -0.15035045451251741     
  0.18452212191314307       -7.0389403488954141     
  -2.5020690972908017        6.6174131094680604     
  -1.7462279146909143        8.8601584689344666     
   3.2411017270047786       -10.279133676999125     
   2.1069325534026198       -7.0796202619336501     
  -4.9343343638220603       -1.4533798949521872     
  -6.4846050160019537        1.8296933337700461     
   3.6181174397160762       -2.7581710557364363     
  -9.8066737769615724       -4.3316050494792133     
   2.5234960858644797        5.1160527182504190     
   1.5133857877050894       -7.8896850886807073     
   9.6981122537595041       -3.7000033168633899     
   2.1804312411725872        7.8239748479940889     
   1.0436650832253083        2.2885956071607998     
  -9.2542737234822638       -1.5357298215481281     
   4.7417510004554329        3.2060090442351132     
   1.8873176746337721       -3.7601194352754992     
  -8.8001555690659057        4.5912812662195170     
   1.9267613523287217       -2.7215488130001804     
  -6.7576938063112983      -0.49206052438420994     
  -1.8186678000167484       -1.5671412993737259     
  -2.4404875316931616        9.5804224713422474     
