   1.4642402917709778       -1.3513270689456331     
  -10.833956538056050        2.3848636673430774     
  -5.3538851923621102       -10.739451281897713     
 -0.77723550349336656        11.003026304976952     
  -8.6533068274886347       -3.5607068246957509     
 -0.42705239198715261        7.1969462534178215     
  -9.9272826867979642        1.0067580220398411     
  -8.4866088458739064       -4.6434887200398718     
  -4.2296202891470509        11.666920518669194     
  -3.6572858618493216      -0.43087748374258694     
   10.524278938175339        6.0718598034361693E-002
  -3.0624732310624490       -9.2378317785684292     
  -9.1202134407633029       -8.3358884624478762     
  0.50886684628872880       -1.0498837841572288     
   9.3077331503934850        4.0277887363007467     
   7.2790803411347804        7.1112666041243768     
   12.315846356365443        1.4843901302181786     
  -10.714611989621174       0.39044845883272794     
  -8.6212058455885110        4.6056760774552599     
   7.7585537734278480      -0.12650029636303117     
  -6.1695211707835371       -7.0669883627765481E-003
  -7.7566971332916186       -9.3201121870366155     
   1.3211712640912263        6.3078045846070898     
   6.8074982751419908        4.4324635174619811     
   9.3614278207873092        2.4074552950506756     
   12.186972313754184       -2.3348020609933444     
  -2.0608827783956118       -6.0422025498839593     
  -3.0482851411537917       0.36471678139943220     
   1.2765858094508202        8.4462699521408133     
 -0.32562856554898995       -5.1121993620797763     
   4.4093426431644778        8.7532302368031658     
  -8.2142703259949741       0.64683149732461709     
  0.18812095508667551        1.6302104720176687     
  -1.2740342602997949       -5.4265281106627032     
  -9.4962818554364112        7.9840612987607349     
  -4.3193101509794865        4.2199037820037359     
  -3.0006228725916935       -5.6988400941152779     
   11.959580179047403       -3.3110056432711166     
   12.385167226301341      -0.78380798404953145     
   8.6433409609283647        8.9048755884211523     
  -3.8895962734730380       -8.6444769403909021     
   5.7793165234737458        6.2773154204765040     
   8.2636108291991732       -8.2493310008017495     
   4.2653577144947921       -11.333157816285034     
   2.4190488739504952       -10.477988518467289     
  -5.3240477200812562        4.2614294070510113     
  -3.8518530137449303        10.179493169567827     
   8.9072603003246602       -5.4133313549481255     
  -7.2049720784317079        1.6605855094367754     
  0.73418697824995827       -2.0346208046878425     
   11.147313281892115        4.1069627560951742     
   1.2720175085498779      -0.31820425942092190     
   2.4004321521496705        2.9396972527431036     
  -4.6965694942024969       -2.9419631161202298     
   2.4713201150910238       -12.147412531942278     
   6.7802171429239264        6.2431294624799323     
   2.1804931592011254       -7.5322261715399490     
   9.6193666698044087       0.48779037466253183     
   1.5010774414632724        12.317480749387611     
   1.9824328905974760        7.7375163185826512     
   1.5186165709239552       -2.6908843155030766     
   10.470435456339061       -2.0814792682402983     
  -8.6596662017781654        5.6057535205416098     
  -5.0129518222018206       -1.9941862363441620     
   7.9874047533118322        6.4001402382862320     
  -9.8712304114983436        3.6339302987863888     
  -6.1452589928515264       -1.9840490494723684     
  -2.5859644306287533      -0.75886080137461798     
   5.9470402155167337       -1.2054642095705297     
  -4.3159200260197847       -4.5942941159035247     
   8.9414502379435259        5.9627315988363030     
  -4.5228661937265962       0.52356996933024391     
   7.5459404610374659       -9.0787736167322208     
   7.1986222613740978        8.2644291486951644     
  -6.9409924056618024       -7.6563081666785777     
   5.3115605110008941        5.3909203356685138     
  0.65515931653465531       0.46824612173602131     
  -9.9617619689776475      -0.43829684600760632     
  -3.6407214405532375        2.2816368576467294     
   7.2349071419287156       -6.6892251684915678     
 -0.80039184444398548       -7.8244867222236580     
  -10.859186889792614        1.3800327880327794     
  -6.3608994949806137       -9.4310139409667197     
   6.0666581955200360        10.721035417791445     
  0.86349763709739846       -3.9564566926859199     
   11.315487250266642        5.0923708876711542     
  -4.8842346244239101       -5.4164455866128911     
   7.7190517241461816        1.0626968679420168     
  -9.9008231460631038       -3.8912296801186663     
 -0.21347946654529054       -3.7395955233840898     
   6.6707983646270037       -4.0357494246025700     
 -0.58899407756057565        12.162995838085555     
  -2.0637818541458501       0.18507113590275778     
 -0.80643010876946597        1.5301246001384918     
   1.7418518650561705        2.0613827032551586     
  -1.5991089739083122        12.275507167758105     
  -1.1721083388758204       -3.4485796187390609     
   3.2690552289725732       0.77936251944497192     
  0.17449151116318451       -11.236637401862760     
  -3.3518164876259431        1.3216939961548628     
   4.6777972126236023       -5.1418960329199024     
   3.3520737573703419       -10.923653383016303     
  -7.7468755222358849        2.5039484460631214     
   5.7933465210161534        4.5146809977783979     
  -2.2351552010827702       -11.351268326099017     
  -4.9054878116639671        5.7631859457915198     
   2.8724539498005583       -4.6515516315392418     
   4.3102672689015629        10.832879866435773     
   6.5756741876903746       -5.9382907067362947     
  -3.2721588380203781        4.6231691688333134     
  0.51873226280721474       -3.0134178596343864     
   6.0723681675836820       -7.6623020958593573     
  -3.1081327749516956       -4.6576987629259268     
  -3.5183414962901205       -6.9224808681151107     
  -5.6937593842708178       -2.8794837662646193     
   6.2948445373384843       -4.9606771233657323     
   5.2344626023420719       -11.086910562360972     
   1.1796600832672526       -7.5747695625138256     
  -3.7551806345542995        3.3032739117362762     
  -8.1254002566769312        7.4287452491565924     
   10.475744739977225       -6.6500220574768969     
  -3.6995505190394722       -11.251055128338985     
  -5.4088199722140455       -9.7386380024231141     
  -2.0388477884853393        11.078809570041338     
  -7.1393035028561114      -0.24765623521478161     
   8.7511280400851348       -7.3521018604793039E-003
  -5.6385074139530849        1.0435389911427035     
 -0.64627121932447995       -10.663557465714742     
  -2.8666846274871833       -10.576489593992175     
  -4.4329100853340409       -9.4917027054329495     
   2.9450166339276400       -5.6710663256409761     
  -6.8763249471212191       0.71647590568756658     
  -1.7451067177702686       -7.4884704373305704     
   9.2635139448659221       -8.2559945091425249     
   6.9359710215032688       0.44091250055469361     
  -1.2424959348644284       -11.467960692311063     
   7.7752705387201804       -1.1308534025019112     
   5.0709330791269442       -10.096524274954570     
   5.5976809367920399       -5.6779631182986039     
   2.6700800618468694       -3.5041189628054861     
  0.70749010214923713        4.0387502368907926     
   5.8559217693869270       -6.6440579244614710     
  -8.0183201447800840       -1.7687993919462999     
   10.196042303448539        4.4873716194225857     
  -3.5054776053273189       -2.7663342742197830     
  -1.6388675333172162       -10.549349249059858     
   9.7121353204238918       -6.0042733809446434     
  -12.301413435425623       -1.2428830375063280     
   2.6212050415890840        6.6389805096509127     
  0.15597913260433482       -8.1197599355952050     
   9.3672796260030697        5.0494626827878140     
  -7.1046468329308583       -10.103599496442367     
  -1.0730043721166891       -4.4431534616325017     
  -1.8399409332429164       -12.269145196161018     
   1.6377300367572494        4.4468657689452984     
   6.6258897016534846        9.8887875625854456     
  -8.9155101571416218       -7.3578689315421890     
   3.8364026604644823       -3.1654510875926665     
   10.465115036474840       -4.1155510715196728     
   7.1144198582938776       -1.8807958908731277     
  0.29643371987144190       -9.2414829205570861     
  -9.9414432626466294       -7.4228324844322842     
   2.4915763816653484        12.153096382531482     
  -9.6261169871966654       -2.9282118617506732     
   8.1905809223708896        2.4915548752640952     
   12.407562179167273       0.22225222773443395     
   6.1204139330844072        3.5710362706581806     
   7.3901015999283342        5.4509059739009729     
   6.3684486460323297        5.3320213914125949     
   9.5531878923500333       -7.0742295408035361     
  -2.3173876489737175        4.9211098980630501     
  -5.5785710749793829        6.9636658924038457     
  -7.5401232350758258       -4.3186060840151264     
  -2.9885138864870835       -3.6221061982367044     
   7.2756125242862808       -8.0986997787169823     
 -0.22425684187967587       -2.3395371201437452     
  -1.8273080997247879        8.1293660224652449     
  -3.0524256213059799        5.6017296963844538     
  -4.0343513896395926        5.2728283347187945     
  -3.0228610978171835        11.256424056022766     
   2.5532605394966974        8.6253019554110626     
   7.5021676189032771        3.2412555857787195     
   10.266677349657867        5.4856336420590770     
  -8.8680934443342849        3.6342064505283891     
  -4.3357073804265704        1.5057759212894073     
   3.4445370131339033       -11.920726449027331     
  -6.5865223114665210E-003   4.7449536366658007     
   7.6219999041173025        9.7917622683789514     
   3.3310746508952578        7.3454359354080676     
   2.3863993616918311       -8.5116714289757205     
   5.0585846787060440       -6.2643209720443557E-002
  -4.5667938698607831        6.9326507978465211     
  -7.9662515511209966       -6.9892194376887673     
  -8.9568425225457808      -0.95334738623193260     
   4.7935737553213391        9.7935021224415806     
   11.584318496253156       -1.4884459355672535     
  -9.6216463638351222        4.6056678270664140     
   1.8601180241429938       -11.306362547207614     
   3.2244128421610934        2.2534724272458706     
   2.2244118651174585       -9.4978647101140954     
