   4.4178201086985940       -9.9505348507994658     
  -1.6858097713567615       -3.9735764939937543     
  -4.8860295021940114       -2.6035375098713200     
  -7.1726299423501878        12.106247957751064     
  -10.688186947649873      -0.75836088494920573     
  -10.652629090805517        10.560270615361055     
   4.8933930281263640        4.3066467952464267     
   2.0858778390587562        11.201060107884658     
   9.8337023320469790        6.8098936879714493     
   1.0881248703673077       -3.7882360982301169     
  -1.3845685426451138      -0.70439665413408703     
   5.2143830011782830       -9.4013690386219633     
   13.737776285246847       -2.8788047598261222     
  -12.782400742964418       -7.4060047537269558     
  -8.1359070865763403        11.471670865421382     
  -2.9229799016913960      -0.19004010675313868     
   3.0194408627153400        4.2034451462318945     
   1.1478019674680147        8.1837770984927865     
   5.6944495083318447        13.376158335870517     
   9.4688598662282182        5.7672946836784620     
  -11.913113509551351      -0.64948633246225151     
   11.836836633858983       -5.6998911501174572     
  -1.0891058484350082        11.581384163981634     
   2.1935121874475905        5.5946445135521019     
   6.8548486953393724       -5.6093322173473137     
   4.7865224911209276       -2.3895769576165402     
  -14.510045215524711       0.72208958548428614     
   1.6318313839689651        9.5411144588927108     
  -11.279468445711620       -1.0357173160043442     
   13.381983114373604       -3.4523066612275155     
   5.0743539444945069        13.822618905873881     
   2.6250001295089587      -0.96123628566015507     
   8.5865125467104200        10.530621536210436     
   5.4590316406669910       -6.2542294963129796     
  -7.8854631232471855        7.2791658813806768     
  -11.115029622366377        1.5728420259456640E-002
  -2.6178721520889234        6.8879208898973880     
 -0.69837333565264337       -11.657988895268717     
  -8.3399452173615423       -12.128235133589653     
   13.306239555798905       -5.9556238603669236     
   2.3490907891326818       -12.192533564008041     
   3.9972551650379495        4.9821854869487945     
   13.560121485924729      -0.54357235122724334     
   2.6326838951302349       -7.5720940164374664     
 -0.22258555767417038      -0.49924686512253313     
 -0.68275096375060762       -12.815937399985337     
  -1.5841533627405098        6.1767937600278087     
   12.143549419014054        3.8203787728507086     
   5.1780031552933945       -4.4151500148628902     
   4.2088734491219100        13.266501655743431     
   2.0019260952216285        3.0835699144348396     
   7.3648902765911730        2.5576213780858810     
  -7.8061161333842222        4.4770902806055890     
  -7.3761155780667762        8.6143989495285087     
   6.7251815222140801       -7.7494132920837915     
  -9.8056416537579114       -4.1556799109205311     
  -11.649420997374486       -9.3705237400945034     
  -9.0481390666802302        5.1059436450484972     
 -0.33615465366077790        12.437627750151716     
  0.39552111476147156       -15.258708582959954     
  -4.2723271775582097        7.2723938162816060     
 -0.99584280661386126       -13.670105016767286     
  -12.998949941831029        1.2349932307644835     
  -1.3870962557573889       -7.3652774031974229     
   3.6159852385225477       -12.161435769750488     
  -14.625764237490875        4.2196579087395687     
  -11.399667963714988       0.91317261710161723     
  -13.815520003930398       -4.9965824627464164     
  -3.1070633490855215       -3.1120931452200371     
   4.4517968878034901        7.8101006599533953     
   12.290059287421263        4.6984153254404539     
   10.174124639569886        1.5759644560021164     
 -0.65315444731175309       -3.2971981722052064     
   12.578011359857372        1.6660261673867003     
   5.7157092176410655       -7.9800932279835566     
   1.2048111815583429       -15.067567099634578     
  -15.056908689830967       -2.4825804753968042     
   6.2780135389416865        3.4046794778279845     
  -2.8199949919975493        3.8258506022413767     
   2.4951610559905197        9.3603307225758137     
   2.2286061765739253        12.845535647043503     
  -12.085986249039770        8.1036040583648532     
   5.4869320917378976        2.0919210165289472     
  -7.6386083912260725       -4.9889930854297999     
  -6.3488642697270787       -4.1525686620039464     
  -5.5117142627990550       -8.1522667076383186     
 -0.18446383228516036       -10.619029838775280     
  -6.9324872472926922        10.534125941371039     
  -8.0651616841552212        1.9427080718494996     
   1.5277230815137608       -12.785977319556517     
  -12.221496861718107       -5.9415242046382870     
   3.6096222997959342       -13.524867840802862     
   9.7723164540407019        3.1853979195333482     
  -5.3591744926714489       -4.3742075548954729     
   10.722514718343133        3.4407288398347395     
   4.6969758282975329        12.274396100619244     
   6.1132531302475579        1.2295595626415676     
   4.0387560312412409       -10.893637552909267     
  -3.8006682392977460       -3.8629109664259729     
  -6.2053113893246632        11.659957406829767     
  -11.461056559743064       -1.8863638312228819     
  -12.186908731395881       -6.7946271862946865     
   7.7381454848820796       -7.4775646636297788     
 -0.62863728241797234       -6.2988885684582456     
  -1.7890865291956946       -1.5898172695495845     
  -3.3075122462843995       -6.3772248386342865     
   5.9939221290334030       -4.4708487015085865     
  -8.9406095554243734       -1.9089177735773153     
  -7.1439305844507794       -8.1984188426418019     
   5.5225551866897939       0.30035868262927684     
  0.30962042113490695        9.3809891901741604     
  -11.238980633903253        7.2148726293449288     
  0.56229280770295653       -8.0277100477279113     
   8.7521509277090850       -1.2257484615781828     
   13.514593621607387       -1.6895021263191314     
  -2.2679696938239147       -6.3251213283835011     
   2.1718360952680920        7.2778385542089126     
  -11.642391372069397        5.7884046490628434     
  -1.8879000933334373        4.6770176476099028     
 -0.12724347201606404       -9.2040224845498191     
   9.6620074372066718       -8.1916707365398214     
  -8.5196133865462151        3.3720693530062396     
  -3.7256117914842437       -9.1479787313836560     
  -5.8230250843589963E-003  -2.4378530682834252     
 -0.66230276553344136        2.3251612311501280     
   7.8807492411992470        5.9888594578953915     
   14.814757161339328        3.7775546658426631     
  -10.394121843016865       -4.9990177695094191     
  -10.959802674863544        4.4992042430410164     
   8.4203483637862071       -9.6465746014577860     
  -4.0800100240723332        10.411618855379155     
   12.607079472795480       0.53927216284292478     
  -9.9191629978714992       -1.1198139812610286     
   8.3611155198283562        2.6744607237702529     
  -15.244874538457688       -7.0947153922530051E-002
  0.31699628655311374        5.5626659436977234E-002
   6.2803983171637050        5.3413547567641615     
   5.3415717337603823        10.866627770172114     
   5.7752637855852331       -11.823169491090203     
  -10.039178113107848       -11.560623944602222     
  -1.6304488551323020        7.1014748442114932     
  -1.6861077169619174       -6.3021627986777631     
   6.1280733758893877       -2.2685075351402504     
   1.8971352567282667        1.6058342295517136     
   13.777333531980977        6.6306661774046702     
   12.741249815827320        8.1576187866939023     
  -10.478988779097872       -2.6142852336797988     
  -6.1608458641546546        2.9821755386197357     
   4.0287665563965920        14.176328952066994     
   1.8464853647343589       -5.8026488214132801     
  -14.170169637688376        1.8217640296492756     
  -4.5601520320649058       -8.5634245670089228     
   9.8433496944049264       -5.8760204755301730     
   9.4536835078880763       -2.1118256918865952     
  -9.4287567155001195        9.3979765767013674     
  -9.2601523604326950       -5.3835709058264056     
   12.634046555290125       -8.0885578991679292     
  -11.172183619688475       -6.1335435147029784     
   7.9096362955089958       -10.439874883569752     
  -12.014925706329517        1.5580639309774185     
   1.1133705623047929        1.3886224227386645     
  -1.0226501044220691        3.4089750825585070     
  -6.9277433960221622       -11.014438042923318     
  -13.214826717617493       -5.5875683981398536     
  -8.7818035905390186       -9.5300611972443701     
   3.7701512724133472        10.583447212506247     
  0.76225917092719719       -5.1101149640831869     
  -12.801045941420861       -2.1953006626301961     
   4.5248270736672458       -8.0950621021195097     
   1.8448258838153841       -3.8481298169075866     
   6.6551258054891411        6.2654087566997756     
  -3.3944321623130147        7.5474598609349828     
   9.8974850010957258        8.0935224418215839     
   3.6824094402480583        5.6345102830232383     
   7.7715390671375246       -4.7615484341803267     
   9.4037989627846734       -5.0328264066348654     
  -12.822693750789991        2.8034876851670187     
   6.8334854981579545        8.7543314062386166     
   7.0035561493399099       -4.0280039312715870     
  -5.5273734251211648        10.180756768917835     
   8.7318814784190444        3.1215775830283965     
  -12.998166103524547        5.2180762609355673     
   13.803466325600937        4.9338691739306739     
   4.1319205668880699       -8.9429446135677129     
  -10.217612459948896       -7.1329849412490294     
   12.179628522660863        6.1814852634085531     
  -9.4483450283897383       -8.0271350680491587     
   7.4256073511297433       -11.047657497629849     
  -2.9725924133994734        13.153435292902063     
  0.93704965727244294       -9.4078149034364742     
   1.3192389107064773        14.906719698331203     
   8.6072023289742408        5.0087181776087482     
   9.2998943194201775        3.6702269045824436     
  -7.2989006026884695        2.9717110189238900     
   6.2537319636681508       -6.8364458080092909     
   3.8141765560464034        8.8979543346940044     
   5.4243455154590201        11.795765573539137     
  -12.221023096990059       -3.0339622852187778     
   13.233132693028898        4.0300667662676535     
   2.3289096226606332       -10.821111981368199     
