   11.768557308984215        3.9371853680810776     
   1.4454610677356670        7.2704827440298221     
   10.111083492079345       -7.0752535207195262     
   4.3392998335792115        5.2738891127299743     
  -8.0369624253621321       0.43475695568666217     
  -8.3921748138270225        6.6173877661758604     
  0.69366127252489396        9.8791791833910239     
 -0.24945363242503077       -9.0953130498223942     
   11.216876307221970        3.0597745046335327     
   8.4653288855170779      -0.69914163726750345     
  -4.0123619833113402        10.683650558015753     
  -7.8664984223422705        8.7577622443495500     
   4.7758121698501821      -0.25186327936403952     
   6.9591136205127500       -9.8533126077769850     
   1.1134301376369320      -0.24088756064806496     
  -4.2217294944415755       -1.3239601573254196     
  -12.208706627741112       -1.4244335581704595     
   6.0052019560247416       0.78306726880042421     
   7.9144976279476049       -9.5578855703346939     
  -5.0179570084099039       -1.9357565995521959     
   5.1735679292899395        2.5462490847904578     
  -1.1241911561966749       -6.9200277358925524     
  -5.0857992970135681        3.4080239343147509     
  -4.6457800254355703        9.9093912683610181     
   6.3771293427814877        8.2320089125902687     
   4.4248647874644975        3.2384805389060198     
   2.6055853312213184        1.0182782115605493     
  0.56251331822187889       -6.4034089061922499     
   6.8878464879053025        4.5982403487646124     
   9.4673445663849591        6.5793113538389285     
  -2.5690849563912699       -4.2430641650829255     
  -5.6530629602375910       -2.8779406780147694     
 -0.12940781469905743        5.1377976928965499     
  -11.823835678687157       -3.7681337914393951     
   7.5094236497449760      -0.99689915375708804     
  -5.0468797155992000        5.1545803164220825     
  -12.127570394343804        2.0345186283180547     
   3.6416026507304329        1.2196593930448283     
   2.5775202892899944        6.8728359863110331     
  0.44797620872846988       -12.249705548020128     
  -4.5319268022539605       -7.6691169830175907     
 -0.40413582369697260      -0.19685802279275894     
  -5.4073863771239576        11.169816515632563     
   3.6837487411327636       -10.825001507306084     
  -6.5170620387845970        7.3249017360168009     
  -1.1426651064606279        9.9446896367934006     
  -2.3873744719221119        9.7158275921815136     
  -8.4973342047390741        7.7529435850294286     
  -7.4903080419459691        5.6814246175479317     
   7.1927756001440928        3.1008940405896093     
   6.6957100342530245        10.441625290959530     
   9.2546755437235184        2.5658468107899255     
   1.9549135015046628        10.535239333448869     
  -10.059453067075740       -2.5808918475919711     
  0.66354623492956899        5.7472162153604671     
   7.2863942098496723       -5.9528675980666712     
   6.0982940825620169        5.2119952953500679     
   3.3584448559061819       -8.5407626032790187     
 -0.20026964315486825        9.4198774367320866     
  -7.7997085527298324        2.8439238256297137     
  -11.148488371873938        1.8320971906315502     
  -7.2028359207872139       -4.1938100554388340     
   6.3282881573910705       -8.5802997261017939     
  -8.5796347526940320       -3.8662720890185822     
   5.3285923541312670       -8.6106669874964759     
  -2.6799864807205371       -8.0451491334637968     
  -5.5564937324672865        4.2927565120010831     
   7.3870438713134448        9.7188757225364419     
  -3.0686741872698842        4.9703305060413312     
  -2.0570871449796226        8.7139579434409455     
  -6.3426264441006781      -0.58250769244207590     
  -2.1492987621256767       -11.328934792446978     
   2.3125583319479115        2.7526535069030578     
   1.5880637719461097        11.466890769928522     
   7.7236014457327977       -3.0615601942608435     
   8.5555793410783885       -5.0372246369673830     
   8.0291196765284596        5.8483873849911729     
 -0.82507475761595528       -3.2615253127553312     
  0.33848434210781403      -0.87316134325793959     
  -4.4475487623548808        11.585326344380045     
   3.7314985604408406       -7.6057814947664628     
   11.113090821358048        5.5138045289667383     
 -0.63925167583229059       -12.234930812776751     
   5.2356148946639003        5.7169098276157584     
  -8.6597944632082857        1.2619823062164695     
   2.0867933452355865        3.7818563408441750     
   10.726162764637589       -6.2410860037613718     
   7.3707765156823140        8.7071067966064124     
  -5.8084475685691448       -9.7846600345581933     
  -3.3035410935069285       -9.7179532326754270     
  0.65714054871331129        3.7655521899349065     
   3.7658537607593732       -11.824313247983195     
  0.65495414972241783        7.8900367242828757     
  -6.2343849342858570       0.85091190619894552     
 -0.19803369991596328        8.4166951633956657     
  -5.5942887736119467        8.2253380429628889E-002
  -6.5811276738365869       -3.4101112335175077     
   3.7338596471699654       -9.4675054838015544     
   5.2809971155023545       -1.3339367440471224     
  -5.2373999664748636        8.5864948291782319     
  -11.845680397097063       0.17812404526628134     
  -3.1981172862105511        3.1321385473440109     
   5.3782712609224665        1.5622395740068291     
   4.3522054235318226       -8.3902951363043847     
   2.5756383870989246      -0.84561406895176872     
  -9.8752290353149892        3.4986168994229616     
  -11.207444716090261       -1.4389969084421523     
   10.459698924107627       -4.3293915122964854     
  -10.609658300789793       0.98545289964033533     
   12.025918886417010       -3.0625618885355301     
 -0.99501875189945188        10.933827284164890     
  -7.4517236597796970        6.9609050772712759     
   2.9177307199626541       -4.9659261764378924     
   6.1241261012013428        6.2123772812433229     
   6.5156700243479069        9.2273190943795438     
  -4.7950573528478113       -10.867828900289883     
  -1.6060887012096705       -3.9661259166919107     
  -4.5508620953987453       -8.6749531871118855     
 -0.42654974649382760        11.982347772418210     
   1.6573205329525964        1.8951080798880691     
   3.1412678222987158        3.3149069604559456     
  -3.4979302319136139       -8.6232271548290029     
  -10.217716094744526       -1.5938687637346398     
  -3.6914579693076068        2.0925855137260285     
   2.4669176922552349        5.8524107554123130     
  -4.5940044599543617       0.14092353975641600     
  -5.5868794519304572       -7.7612422615530514     
  -5.4800019651906515        7.6137659057452884     
  -6.5431379849392188        10.543921129764774     
  -8.3930341683574525       -7.8534423636554607     
  -5.0196040008789593       -5.7414691692806308     
   2.9552186546177279        10.568187447865292     
   7.8549585914857358        4.8631368113553846     
   3.9391083004446745        11.767461342892362     
  -9.1885120580841537       -3.0724981948192225     
  -1.8489885919578748       -6.1042901815131687     
  -1.3231516331559918       -2.3466616902635828     
  -1.6281946143773454       -9.3575601658090779     
 -0.64092551529711950       -4.3138793612219475     
  -2.5576897647099446        7.6999868484482272     
  -7.4186001634799092       -8.0988699624834464     
  -1.3202075622501876        4.0155714274690730     
  0.59294801395553443        6.7446061389359961     
  -3.2830175156553603        8.3892944892134693     
   8.7500008754759353       -6.0178432217269942     
   11.196281764350037       -5.3518732032931444     
  -10.022875250696110       -4.5665881855313710     
  -11.680660106807954       -2.3402413252695760     
   9.7120742009412186       -2.5596030708553532     
  -2.2985524115478526       -2.9329197247740217     
  -6.1500945930714259        3.3872444414719012     
  0.53333931648352673       -10.263541979424186     
  0.65206713377014858       -2.3374063578651079     
   8.2611888344867257        2.4276502256248986     
  -6.1986398708006414        8.3091271177965531     
  -2.5961192687018189       -7.0488412980437083     
  -1.7358990710987952       -7.7151932578738371     
  -6.8695590209892448       -9.2104217928266809     
   10.834788847890955       -6.9114819929447166E-002
 -0.10322364030413640        3.1169042187424671     
   3.2842443265740164        5.2720067465940259     
   8.8745635077326224        7.3872269067072187     
   3.3754338299186601        6.2706946400215129     
  -8.0719979833409496       -6.2539030667630167     
  -8.8639441425485597        8.6850825872562538     
   4.9500932763819181       -6.5118904787521688     
  -4.1709612732214874        6.1357965867230577     
   1.5628680521496785       -10.440313503776723     
   7.3174963298212239       -8.7343154085861290     
   10.397223063574208        6.2113756315955335     
   6.1737874079712300        2.6685370819514422     
  0.79797025646508257        4.7558777864728370     
   11.686454682428225        1.4494351519018009     
   5.0070405105553064       -9.5578415538562087     
 -0.18872698635420060       -5.2141172566024325     
  -10.303430181884520       -6.3536313379137281     
   6.7119299971264317      -0.15387419799262098     
 -0.35766352808972512        2.1502148645249890     
  -7.8571033814715809       -3.1749147397928201     
  -4.6640194920296096        1.8444181868734759     
   5.7562670186248255      -0.44865536593430699     
   10.172594691476018      -0.81838952137796317     
  -6.9463744534819920       -6.2427636280745755     
   9.2773510337719731       -1.2828068484714812     
  -1.0836125244666603        8.9457701431760253     
  -5.0567356713443203      -0.76173379897605598     
  -2.1987286506242563        3.1088808022700678     
   2.0732005844172199        8.5757190409325172     
   5.2602254957976147        6.7170671159308872     
  -1.9131580065356990        1.2208118836274640     
  -3.5396566971082239       -3.0348664493410062     
   9.2003706785796879       -8.3273365806123802     
  -5.6965503531438380       -3.8763426271231025     
  -10.175639839365342       -3.5779966061759008     
  -11.053726866189885       -4.4085609778113781     
  -4.3578846385663077       -4.6215249349989245     
  -6.4367169803780486       -8.3057144637972371     
  -5.7776372078729432       -6.7664536904033827     
   6.4814006824133514       -1.1376767713279066     
  0.73577953208639557        2.2997258664943629     


