  5    ***    0.12929E-01    0.3227486122E-01    0.0000000000E+00
  5    ***    0.12929E-01    0.6454972244E-01    0.0000000000E+00
  5    ***    0.12929E-01    0.9682458366E-01    0.0000000000E+00
  5    ***    0.12929E-01    0.1290994449E+00    0.0000000000E+00
  5    ***    0.12929E-01    0.1613743061E+00    0.0000000000E+00
  5    ***    0.12929E-01    0.1936491673E+00    0.0000000000E+00
  5    ***    0.12929E-01    0.2259240285E+00    0.0000000000E+00
  5    ***    0.12929E-01    0.2581988897E+00    0.0000000000E+00
  5    ***    0.12929E-01    0.2904737510E+00    0.0000000000E+00
  5    ***    0.12929E-01    0.3227486122E+00    0.0000000000E+00
  5    ***    0.12929E-01    0.3550234734E+00    0.0000000000E+00
  5    ***    0.12929E-01    0.3872983346E+00    0.0000000000E+00
  5    ***    0.12929E-01    0.4195731958E+00    0.0000000000E+00
  5    ***    0.12929E-01    0.4518480571E+00    0.0000000000E+00
  5    ***    0.12929E-01    0.4841229183E+00    0.0000000000E+00
  5    ***    0.12929E-01    0.5163977795E+00    0.0000000000E+00
  5    ***    0.12929E-01    0.5486726407E+00    0.0000000000E+00
  5    ***    0.12929E-01    0.5809475019E+00    0.0000000000E+00
  5    ***    0.12929E-01    0.6132223631E+00    0.0000000000E+00
  5    ***    0.12929E-01    0.6454972244E+00    0.0000000000E+00
  5    ***    0.12929E-01    0.6777720856E+00    0.0000000000E+00
  5    ***    0.12929E-01    0.7100469468E+00    0.0000000000E+00
  5    ***    0.12929E-01    0.7423218080E+00    0.0000000000E+00
  5    ***    0.12929E-01    0.7745966692E+00    0.0000000000E+00
  5    ***    0.12929E-01    0.8068715305E+00    0.0000000000E+00
  5    ***    0.12929E-01    0.8391463917E+00    0.0000000000E+00
  5    ***    0.12929E-01    0.8714212529E+00    0.0000000000E+00
  5    ***    0.12929E-01    0.9036961141E+00    0.0000000000E+00
  5    ***    0.12929E-01    0.9359709753E+00    0.0000000000E+00
  5    ***    0.12929E-01    0.9682458366E+00    0.0000000000E+00
  5    ***    0.12929E-01    0.1000520698E+01    0.1012580275E+04
  5    ***    0.12929E-01    0.1032795559E+01    0.1892058216E+04
  5    ***    0.12929E-01    0.1065070420E+01    0.2507302488E+01
  5    ***    0.12929E-01    0.1097345281E+01    0.2736514842E+00
  5    ***    0.12929E-01    0.1129620143E+01    0.1180975810E+00
  5    ***    0.12929E-01    0.1161895004E+01    0.3730053878E+00
  5    ***    0.12929E-01    0.1194169865E+01    0.4185993024E+00
  5    ***    0.12929E-01    0.1226444726E+01    0.3694092332E+01
  5    ***    0.12929E-01    0.1258719588E+01    0.6296748294E+01
  5    ***    0.12929E-01    0.1290994449E+01    0.7143035016E+01
  5    ***    0.12929E-01    0.1323269310E+01    0.1038711964E+02
  5    ***    0.12929E-01    0.1355544171E+01    0.1111860267E+02
  5    ***    0.12929E-01    0.1387819032E+01    0.1064128674E+02
  5    ***    0.12929E-01    0.1420093894E+01    0.9179032672E+01
  5    ***    0.12929E-01    0.1452368755E+01    0.9751012064E+01
  5    ***    0.12929E-01    0.1484643616E+01    0.1354391076E+02
  5    ***    0.12929E-01    0.1516918477E+01    0.1566221548E+02
  5    ***    0.12929E-01    0.1549193338E+01    0.1537537269E+02
  5    ***    0.12929E-01    0.1581468200E+01    0.1982578359E+02
  5    ***    0.12929E-01    0.1613743061E+01    0.2183284294E+02
  5    ***    0.12929E-01    0.1646017922E+01    0.1851618063E+02
  5    ***    0.12929E-01    0.1678292783E+01    0.2270569316E+02
  5    ***    0.12929E-01    0.1710567645E+01    0.3069356129E+02
  5    ***    0.12929E-01    0.1742842506E+01    0.5565889323E+03
  5    ***    0.12929E-01    0.1775117367E+01    0.1812532419E+03
  5    ***    0.12929E-01    0.1807392228E+01    0.3758694901E+02
  5    ***    0.12929E-01    0.1839667089E+01    0.3324394648E+02
  5    ***    0.12929E-01    0.1871941951E+01    0.4864439360E+02
  5    ***    0.12929E-01    0.1904216812E+01    0.6229950210E+02
  5    ***    0.12929E-01    0.1936491673E+01    0.8349027576E+02
  5    ***    0.12929E-01    0.1968766534E+01    0.1061018924E+03
  5    ***    0.12929E-01    0.2001041396E+01    0.2942487643E+03
  5    ***    0.12929E-01    0.2033316257E+01    0.3987826998E+03
  5    ***    0.12929E-01    0.2065591118E+01    0.3336489138E+02
  5    ***    0.12929E-01    0.2097865979E+01    0.2441461502E+02
  5    ***    0.12929E-01    0.2130140840E+01    0.2530150521E+02
  5    ***    0.12929E-01    0.2162415702E+01    0.2208735547E+02
  5    ***    0.12929E-01    0.2194690563E+01    0.2191103785E+02
  5    ***    0.12929E-01    0.2226965424E+01    0.2947224266E+02
  5    ***    0.12929E-01    0.2259240285E+01    0.3175954064E+02
  5    ***    0.12929E-01    0.2291515147E+01    0.3338957830E+02
  5    ***    0.12929E-01    0.2323790008E+01    0.3399104396E+02
  5    ***    0.12929E-01    0.2356064869E+01    0.3391558909E+02
  5    ***    0.12929E-01    0.2388339730E+01    0.3653071499E+02
  5    ***    0.12929E-01    0.2420614591E+01    0.3899360195E+02
  5    ***    0.12929E-01    0.2452889453E+01    0.4716551468E+02
  5    ***    0.12929E-01    0.2485164314E+01    0.4331344564E+02
  5    ***    0.12929E-01    0.2517439175E+01    0.4851124810E+02
  5    ***    0.12929E-01    0.2549714036E+01    0.5644424988E+02
  5    ***    0.12929E-01    0.2581988897E+01    0.5401738788E+02
  5    ***    0.12929E-01    0.2614263759E+01    0.5993874011E+02
  5    ***    0.12929E-01    0.2646538620E+01    0.1341666406E+03
  5    ***    0.12929E-01    0.2678813481E+01    0.2882058734E+03
  5    ***    0.12929E-01    0.2711088342E+01    0.1001879414E+03
  5    ***    0.12929E-01    0.2743363204E+01    0.1211581601E+03
  5    ***    0.12929E-01    0.2775638065E+01    0.7239744293E+02
  5    ***    0.12929E-01    0.2807912926E+01    0.6632032477E+02
  5    ***    0.12929E-01    0.2840187787E+01    0.6842607583E+02
  5    ***    0.12929E-01    0.2872462648E+01    0.6622572059E+02
  5    ***    0.12929E-01    0.2904737510E+01    0.8141904539E+02
  5    ***    0.12929E-01    0.2937012371E+01    0.8973736036E+02
  5    ***    0.12929E-01    0.2969287232E+01    0.8247809213E+02
  5    ***    0.12929E-01    0.3001562093E+01    0.1257657846E+03
  5    ***    0.12929E-01    0.3033836955E+01    0.1200304026E+03
  5    ***    0.12929E-01    0.3066111816E+01    0.5972503972E+02
  5    ***    0.12929E-01    0.3098386677E+01    0.5905698311E+02
  5    ***    0.12929E-01    0.3130661538E+01    0.5581671057E+02
  5    ***    0.12929E-01    0.3162936399E+01    0.5391745059E+02
  5    ***    0.12929E-01    0.3195211261E+01    0.6044333108E+02
  5    ***    0.12929E-01    0.3227486122E+01    0.6422757711E+02
  5    ***    0.12929E-01    0.3259760983E+01    0.6457161504E+02
  5    ***    0.12929E-01    0.3292035844E+01    0.6597262477E+02
  5    ***    0.12929E-01    0.3324310705E+01    0.6579605093E+02
  5    ***    0.12929E-01    0.3356585567E+01    0.7243318299E+02
  5    ***    0.12929E-01    0.3388860428E+01    0.7744220619E+02
  5    ***    0.12929E-01    0.3421135289E+01    0.7641850993E+02
  5    ***    0.12929E-01    0.3453410150E+01    0.8482525087E+02
  5    ***    0.12929E-01    0.3485685012E+01    0.1000967632E+03
  5    ***    0.12929E-01    0.3517959873E+01    0.8549598182E+02
  5    ***    0.12929E-01    0.3550234734E+01    0.7959898290E+02
  5    ***    0.12929E-01    0.3582509595E+01    0.8055631045E+02
  5    ***    0.12929E-01    0.3614784456E+01    0.1125201182E+03
  5    ***    0.12929E-01    0.3647059318E+01    0.1239150678E+03
  5    ***    0.12929E-01    0.3679334179E+01    0.9800915643E+02
  5    ***    0.12929E-01    0.3711609040E+01    0.8799030454E+02
  5    ***    0.12929E-01    0.3743883901E+01    0.8452105833E+02
  5    ***    0.12929E-01    0.3776158763E+01    0.7869822587E+02
  5    ***    0.12929E-01    0.3808433624E+01    0.7964953149E+02
  5    ***    0.12929E-01    0.3840708485E+01    0.7810062112E+02
  5    ***    0.12929E-01    0.3872983346E+01    0.7768572526E+02
  5    ***    0.12929E-01    0.3905258207E+01    0.8689727814E+02
  5    ***    0.12929E-01    0.3937533069E+01    0.8371733395E+02
  5    ***    0.12929E-01    0.3969807930E+01    0.8542034183E+02
  5    ***    0.12929E-01    0.4002082791E+01    0.9933536568E+02
  5    ***    0.12929E-01    0.4034357652E+01    0.8939880164E+02
  5    ***    0.12929E-01    0.4066632514E+01    0.7798921935E+02
  5    ***    0.12929E-01    0.4098907375E+01    0.7480408140E+02
  5    ***    0.12929E-01    0.4131182236E+01    0.6657195373E+02
  5    ***    0.12929E-01    0.4163457097E+01    0.7180080184E+02
  5    ***    0.12929E-01    0.4195731958E+01    0.7623312845E+02
  5    ***    0.12929E-01    0.4228006820E+01    0.7425962316E+02
  5    ***    0.12929E-01    0.4260281681E+01    0.7671582936E+02
  5    ***    0.12929E-01    0.4292556542E+01    0.7905039842E+02
  5    ***    0.12929E-01    0.4324831403E+01    0.8328798724E+02
  5    ***    0.12929E-01    0.4357106264E+01    0.8092691613E+02
  5    ***    0.12929E-01    0.4389381126E+01    0.7999890914E+02
  5    ***    0.12929E-01    0.4421655987E+01    0.8017398194E+02
  5    ***    0.12929E-01    0.4453930848E+01    0.7706479118E+02
  5    ***    0.12929E-01    0.4486205709E+01    0.7365483922E+02
  5    ***    0.12929E-01    0.4518480571E+01    0.7054933609E+02
  5    ***    0.12929E-01    0.4550755432E+01    0.7727521883E+02
  5    ***    0.12929E-01    0.4583030293E+01    0.8088985308E+02
  5    ***    0.12929E-01    0.4615305154E+01    0.9314573759E+02
  5    ***    0.12929E-01    0.4647580015E+01    0.8634959756E+02
  5    ***    0.12929E-01    0.4679854877E+01    0.8616086896E+02
  5    ***    0.12929E-01    0.4712129738E+01    0.8522566718E+02
  5    ***    0.12929E-01    0.4744404599E+01    0.7641175479E+02
  5    ***    0.12929E-01    0.4776679460E+01    0.7713673608E+02
  5    ***    0.12929E-01    0.4808954322E+01    0.7524545619E+02
  5    ***    0.12929E-01    0.4841229183E+01    0.7524632793E+02
  5    ***    0.12929E-01    0.4873504044E+01    0.7419137217E+02
  5    ***    0.12929E-01    0.4905778905E+01    0.7809874879E+02
  5    ***    0.12929E-01    0.4938053766E+01    0.7486147576E+02
  5    ***    0.12929E-01    0.4970328628E+01    0.7633796859E+02
  5    ***    0.12929E-01    0.5002603489E+01    0.7833595998E+02
  5    ***    0.12929E-01    0.5034878350E+01    0.7487794848E+02
  5    ***    0.12929E-01    0.5067153211E+01    0.7706150139E+02
  5    ***    0.12929E-01    0.5099428073E+01    0.7731595559E+02
  5    ***    0.12929E-01    0.5131702934E+01    0.7837693117E+02
  5    ***    0.12929E-01    0.5163977795E+01    0.8164059857E+02
  5    ***    0.12929E-01    0.5196252656E+01    0.7596599302E+02
  5    ***    0.12929E-01    0.5228527517E+01    0.7898342449E+02
  5    ***    0.12929E-01    0.5260802379E+01    0.8297290759E+02
  5    ***    0.12929E-01    0.5293077240E+01    0.8270839484E+02
  5    ***    0.12929E-01    0.5325352101E+01    0.7920865778E+02
  5    ***    0.12929E-01    0.5357626962E+01    0.8242898960E+02
  5    ***    0.12929E-01    0.5389901823E+01    0.8022709136E+02
  5    ***    0.12929E-01    0.5422176685E+01    0.7794810500E+02
  5    ***    0.12929E-01    0.5454451546E+01    0.7763058627E+02
  5    ***    0.12929E-01    0.5486726407E+01    0.7466667301E+02
  5    ***    0.12929E-01    0.5519001268E+01    0.7750855063E+02
  5    ***    0.12929E-01    0.5551276130E+01    0.8654168353E+02
  5    ***    0.12929E-01    0.5583550991E+01    0.8453424845E+02
  5    ***    0.12929E-01    0.5615825852E+01    0.8220357397E+02
  5    ***    0.12929E-01    0.5648100713E+01    0.7730205749E+02
  5    ***    0.12929E-01    0.5680375574E+01    0.7844606581E+02
  5    ***    0.12929E-01    0.5712650436E+01    0.8148733086E+02
  5    ***    0.12929E-01    0.5744925297E+01    0.7900827967E+02
  5    ***    0.12929E-01    0.5777200158E+01    0.7894798477E+02
  5    ***    0.12929E-01    0.5809475019E+01    0.7947852062E+02
  5    ***    0.12929E-01    0.5841749881E+01    0.7445030167E+02
  5    ***    0.12929E-01    0.5874024742E+01    0.7608851459E+02
  5    ***    0.12929E-01    0.5906299603E+01    0.7673762411E+02
  5    ***    0.12929E-01    0.5938574464E+01    0.7935023125E+02
  5    ***    0.12929E-01    0.5970849325E+01    0.8132722703E+02
  5    ***    0.12929E-01    0.6003124187E+01    0.8029027978E+02
  5    ***    0.12929E-01    0.6035399048E+01    0.8478068613E+02
  5    ***    0.12929E-01    0.6067673909E+01    0.8630051587E+02
  5    ***    0.12929E-01    0.6099948770E+01    0.8436208285E+02
  5    ***    0.12929E-01    0.6132223631E+01    0.8219685116E+02
  5    ***    0.12929E-01    0.6164498493E+01    0.8079222896E+02
  5    ***    0.12929E-01    0.6196773354E+01    0.7997141120E+02
  5    ***    0.12929E-01    0.6229048215E+01    0.7964063746E+02
  5    ***    0.12929E-01    0.6261323076E+01    0.8570909051E+02
  5    ***    0.12929E-01    0.6293597938E+01    0.7966486357E+02
  5    ***    0.12929E-01    0.6325872799E+01    0.7556334779E+02
  5    ***    0.12929E-01    0.6358147660E+01    0.7983892302E+02
  5    ***    0.12929E-01    0.6390422521E+01    0.7775851186E+02
  5    ***    0.12929E-01    0.6422697382E+01    0.7959895947E+02
  5    ***    0.12929E-01    0.6454972244E+01    0.8234509224E+02
