  1    ***    0.12929E-01    0.3227486122E-01    0.0000000000E+00
  1    ***    0.12929E-01    0.6454972244E-01    0.0000000000E+00
  1    ***    0.12929E-01    0.9682458366E-01    0.0000000000E+00
  1    ***    0.12929E-01    0.1290994449E+00    0.0000000000E+00
  1    ***    0.12929E-01    0.1613743061E+00    0.0000000000E+00
  1    ***    0.12929E-01    0.1936491673E+00    0.0000000000E+00
  1    ***    0.12929E-01    0.2259240285E+00    0.0000000000E+00
  1    ***    0.12929E-01    0.2581988897E+00    0.0000000000E+00
  1    ***    0.12929E-01    0.2904737510E+00    0.0000000000E+00
  1    ***    0.12929E-01    0.3227486122E+00    0.0000000000E+00
  1    ***    0.12929E-01    0.3550234734E+00    0.0000000000E+00
  1    ***    0.12929E-01    0.3872983346E+00    0.0000000000E+00
  1    ***    0.12929E-01    0.4195731958E+00    0.0000000000E+00
  1    ***    0.12929E-01    0.4518480571E+00    0.0000000000E+00
  1    ***    0.12929E-01    0.4841229183E+00    0.0000000000E+00
  1    ***    0.12929E-01    0.5163977795E+00    0.0000000000E+00
  1    ***    0.12929E-01    0.5486726407E+00    0.0000000000E+00
  1    ***    0.12929E-01    0.5809475019E+00    0.0000000000E+00
  1    ***    0.12929E-01    0.6132223631E+00    0.0000000000E+00
  1    ***    0.12929E-01    0.6454972244E+00    0.0000000000E+00
  1    ***    0.12929E-01    0.6777720856E+00    0.0000000000E+00
  1    ***    0.12929E-01    0.7100469468E+00    0.0000000000E+00
  1    ***    0.12929E-01    0.7423218080E+00    0.0000000000E+00
  1    ***    0.12929E-01    0.7745966692E+00    0.0000000000E+00
  1    ***    0.12929E-01    0.8068715305E+00    0.0000000000E+00
  1    ***    0.12929E-01    0.8391463917E+00    0.0000000000E+00
  1    ***    0.12929E-01    0.8714212529E+00    0.0000000000E+00
  1    ***    0.12929E-01    0.9036961141E+00    0.0000000000E+00
  1    ***    0.12929E-01    0.9359709753E+00    0.0000000000E+00
  1    ***    0.12929E-01    0.9682458366E+00    0.0000000000E+00
  1    ***    0.12929E-01    0.1000520698E+01    0.8687083813E+03
  1    ***    0.12929E-01    0.1032795559E+01    0.1648857337E+04
  1    ***    0.12929E-01    0.1065070420E+01    0.1723770461E+01
  1    ***    0.12929E-01    0.1097345281E+01    0.1216228819E+00
  1    ***    0.12929E-01    0.1129620143E+01    0.8857318572E-01
  1    ***    0.12929E-01    0.1161895004E+01    0.2582344992E+00
  1    ***    0.12929E-01    0.1194169865E+01    0.4744125427E+00
  1    ***    0.12929E-01    0.1226444726E+01    0.3965716769E+01
  1    ***    0.12929E-01    0.1258719588E+01    0.5846980559E+01
  1    ***    0.12929E-01    0.1290994449E+01    0.4693257664E+01
  1    ***    0.12929E-01    0.1323269310E+01    0.4577374758E+01
  1    ***    0.12929E-01    0.1355544171E+01    0.5178863498E+01
  1    ***    0.12929E-01    0.1387819032E+01    0.1071318732E+02
  1    ***    0.12929E-01    0.1420093894E+01    0.1393246031E+02
  1    ***    0.12929E-01    0.1452368755E+01    0.1039192366E+02
  1    ***    0.12929E-01    0.1484643616E+01    0.1090228850E+02
  1    ***    0.12929E-01    0.1516918477E+01    0.1314311788E+02
  1    ***    0.12929E-01    0.1549193338E+01    0.1016447232E+02
  1    ***    0.12929E-01    0.1581468200E+01    0.1350421488E+02
  1    ***    0.12929E-01    0.1613743061E+01    0.1423970529E+02
  1    ***    0.12929E-01    0.1646017922E+01    0.2160221073E+02
  1    ***    0.12929E-01    0.1678292783E+01    0.2412974361E+02
  1    ***    0.12929E-01    0.1710567645E+01    0.3053834733E+02
  1    ***    0.12929E-01    0.1742842506E+01    0.4215065463E+03
  1    ***    0.12929E-01    0.1775117367E+01    0.1469762316E+03
  1    ***    0.12929E-01    0.1807392228E+01    0.4388202885E+02
  1    ***    0.12929E-01    0.1839667089E+01    0.4299718675E+02
  1    ***    0.12929E-01    0.1871941951E+01    0.4901640098E+02
  1    ***    0.12929E-01    0.1904216812E+01    0.5136487736E+02
  1    ***    0.12929E-01    0.1936491673E+01    0.6467628908E+02
  1    ***    0.12929E-01    0.1968766534E+01    0.9313799883E+02
  1    ***    0.12929E-01    0.2001041396E+01    0.2332657658E+03
  1    ***    0.12929E-01    0.2033316257E+01    0.3012423647E+03
  1    ***    0.12929E-01    0.2065591118E+01    0.2726938238E+02
  1    ***    0.12929E-01    0.2097865979E+01    0.2247218446E+02
  1    ***    0.12929E-01    0.2130140840E+01    0.2284444447E+02
  1    ***    0.12929E-01    0.2162415702E+01    0.1936089966E+02
  1    ***    0.12929E-01    0.2194690563E+01    0.1851573240E+02
  1    ***    0.12929E-01    0.2226965424E+01    0.2068410168E+02
  1    ***    0.12929E-01    0.2259240285E+01    0.2298059978E+02
  1    ***    0.12929E-01    0.2291515147E+01    0.2077637975E+02
  1    ***    0.12929E-01    0.2323790008E+01    0.2436072304E+02
  1    ***    0.12929E-01    0.2356064869E+01    0.2498008177E+02
  1    ***    0.12929E-01    0.2388339730E+01    0.3086263364E+02
  1    ***    0.12929E-01    0.2420614591E+01    0.3241719152E+02
  1    ***    0.12929E-01    0.2452889453E+01    0.3136722587E+02
  1    ***    0.12929E-01    0.2485164314E+01    0.3504487824E+02
  1    ***    0.12929E-01    0.2517439175E+01    0.3292351029E+02
  1    ***    0.12929E-01    0.2549714036E+01    0.3683798285E+02
  1    ***    0.12929E-01    0.2581988897E+01    0.4416459583E+02
  1    ***    0.12929E-01    0.2614263759E+01    0.5362473730E+02
  1    ***    0.12929E-01    0.2646538620E+01    0.1108952587E+03
  1    ***    0.12929E-01    0.2678813481E+01    0.2367453893E+03
  1    ***    0.12929E-01    0.2711088342E+01    0.8924570548E+02
  1    ***    0.12929E-01    0.2743363204E+01    0.1027029673E+03
  1    ***    0.12929E-01    0.2775638065E+01    0.6149672543E+02
  1    ***    0.12929E-01    0.2807912926E+01    0.5717066349E+02
  1    ***    0.12929E-01    0.2840187787E+01    0.5572569326E+02
  1    ***    0.12929E-01    0.2872462648E+01    0.5922793851E+02
  1    ***    0.12929E-01    0.2904737510E+01    0.6265192129E+02
  1    ***    0.12929E-01    0.2937012371E+01    0.7176287591E+02
  1    ***    0.12929E-01    0.2969287232E+01    0.8034071951E+02
  1    ***    0.12929E-01    0.3001562093E+01    0.9226788450E+02
  1    ***    0.12929E-01    0.3033836955E+01    0.8802374778E+02
  1    ***    0.12929E-01    0.3066111816E+01    0.4529229686E+02
  1    ***    0.12929E-01    0.3098386677E+01    0.4488202726E+02
  1    ***    0.12929E-01    0.3130661538E+01    0.4172531333E+02
  1    ***    0.12929E-01    0.3162936399E+01    0.4053472356E+02
  1    ***    0.12929E-01    0.3195211261E+01    0.4122969393E+02
  1    ***    0.12929E-01    0.3227486122E+01    0.4380455889E+02
  1    ***    0.12929E-01    0.3259760983E+01    0.4741265345E+02
  1    ***    0.12929E-01    0.3292035844E+01    0.4734694914E+02
  1    ***    0.12929E-01    0.3324310705E+01    0.4720302702E+02
  1    ***    0.12929E-01    0.3356585567E+01    0.5222865518E+02
  1    ***    0.12929E-01    0.3388860428E+01    0.5412669238E+02
  1    ***    0.12929E-01    0.3421135289E+01    0.5571841071E+02
  1    ***    0.12929E-01    0.3453410150E+01    0.6273185483E+02
  1    ***    0.12929E-01    0.3485685012E+01    0.8938970690E+02
  1    ***    0.12929E-01    0.3517959873E+01    0.7124508686E+02
  1    ***    0.12929E-01    0.3550234734E+01    0.6969213274E+02
  1    ***    0.12929E-01    0.3582509595E+01    0.7471208333E+02
  1    ***    0.12929E-01    0.3614784456E+01    0.9333588110E+02
  1    ***    0.12929E-01    0.3647059318E+01    0.1056619057E+03
  1    ***    0.12929E-01    0.3679334179E+01    0.9206811975E+02
  1    ***    0.12929E-01    0.3711609040E+01    0.7184407031E+02
  1    ***    0.12929E-01    0.3743883901E+01    0.7188346687E+02
  1    ***    0.12929E-01    0.3776158763E+01    0.6365104814E+02
  1    ***    0.12929E-01    0.3808433624E+01    0.6299664185E+02
  1    ***    0.12929E-01    0.3840708485E+01    0.6402084813E+02
  1    ***    0.12929E-01    0.3872983346E+01    0.7045756035E+02
  1    ***    0.12929E-01    0.3905258207E+01    0.6764970009E+02
  1    ***    0.12929E-01    0.3937533069E+01    0.6761268759E+02
  1    ***    0.12929E-01    0.3969807930E+01    0.7320555724E+02
  1    ***    0.12929E-01    0.4002082791E+01    0.7057561642E+02
  1    ***    0.12929E-01    0.4034357652E+01    0.6266179388E+02
  1    ***    0.12929E-01    0.4066632514E+01    0.5537729666E+02
  1    ***    0.12929E-01    0.4098907375E+01    0.5737932013E+02
  1    ***    0.12929E-01    0.4131182236E+01    0.5284693075E+02
  1    ***    0.12929E-01    0.4163457097E+01    0.5466309666E+02
  1    ***    0.12929E-01    0.4195731958E+01    0.5910191159E+02
  1    ***    0.12929E-01    0.4228006820E+01    0.6094378155E+02
  1    ***    0.12929E-01    0.4260281681E+01    0.6094508738E+02
  1    ***    0.12929E-01    0.4292556542E+01    0.6417511680E+02
  1    ***    0.12929E-01    0.4324831403E+01    0.6459473250E+02
  1    ***    0.12929E-01    0.4357106264E+01    0.7090760956E+02
  1    ***    0.12929E-01    0.4389381126E+01    0.7345887428E+02
  1    ***    0.12929E-01    0.4421655987E+01    0.6924184460E+02
  1    ***    0.12929E-01    0.4453930848E+01    0.7430903781E+02
  1    ***    0.12929E-01    0.4486205709E+01    0.7663339238E+02
  1    ***    0.12929E-01    0.4518480571E+01    0.7173221670E+02
  1    ***    0.12929E-01    0.4550755432E+01    0.7063443635E+02
  1    ***    0.12929E-01    0.4583030293E+01    0.7803923621E+02
  1    ***    0.12929E-01    0.4615305154E+01    0.8148733086E+02
  1    ***    0.12929E-01    0.4647580015E+01    0.7689479575E+02
  1    ***    0.12929E-01    0.4679854877E+01    0.7042732895E+02
  1    ***    0.12929E-01    0.4712129738E+01    0.6272564300E+02
  1    ***    0.12929E-01    0.4744404599E+01    0.6089300714E+02
  1    ***    0.12929E-01    0.4776679460E+01    0.5963077136E+02
  1    ***    0.12929E-01    0.4808954322E+01    0.5698625798E+02
  1    ***    0.12929E-01    0.4841229183E+01    0.6116319140E+02
  1    ***    0.12929E-01    0.4873504044E+01    0.6514248834E+02
  1    ***    0.12929E-01    0.4905778905E+01    0.6025490587E+02
  1    ***    0.12929E-01    0.4938053766E+01    0.5965941305E+02
  1    ***    0.12929E-01    0.4970328628E+01    0.6186534085E+02
  1    ***    0.12929E-01    0.5002603489E+01    0.5856407444E+02
  1    ***    0.12929E-01    0.5034878350E+01    0.5749966160E+02
  1    ***    0.12929E-01    0.5067153211E+01    0.6067942377E+02
  1    ***    0.12929E-01    0.5099428073E+01    0.5967976898E+02
  1    ***    0.12929E-01    0.5131702934E+01    0.5507463923E+02
  1    ***    0.12929E-01    0.5163977795E+01    0.5803098554E+02
  1    ***    0.12929E-01    0.5196252656E+01    0.6136935276E+02
  1    ***    0.12929E-01    0.5228527517E+01    0.6401044280E+02
  1    ***    0.12929E-01    0.5260802379E+01    0.6218110170E+02
  1    ***    0.12929E-01    0.5293077240E+01    0.6583154627E+02
  1    ***    0.12929E-01    0.5325352101E+01    0.6632920123E+02
  1    ***    0.12929E-01    0.5357626962E+01    0.6642694577E+02
  1    ***    0.12929E-01    0.5389901823E+01    0.6564257208E+02
  1    ***    0.12929E-01    0.5422176685E+01    0.6523851384E+02
  1    ***    0.12929E-01    0.5454451546E+01    0.6705778644E+02
  1    ***    0.12929E-01    0.5486726407E+01    0.6486535762E+02
  1    ***    0.12929E-01    0.5519001268E+01    0.6740029815E+02
  1    ***    0.12929E-01    0.5551276130E+01    0.6830206304E+02
  1    ***    0.12929E-01    0.5583550991E+01    0.6888041410E+02
  1    ***    0.12929E-01    0.5615825852E+01    0.6220160450E+02
  1    ***    0.12929E-01    0.5648100713E+01    0.6341535548E+02
  1    ***    0.12929E-01    0.5680375574E+01    0.6198608929E+02
  1    ***    0.12929E-01    0.5712650436E+01    0.6121937718E+02
  1    ***    0.12929E-01    0.5744925297E+01    0.5977841730E+02
  1    ***    0.12929E-01    0.5777200158E+01    0.5920956198E+02
  1    ***    0.12929E-01    0.5809475019E+01    0.5778450489E+02
  1    ***    0.12929E-01    0.5841749881E+01    0.6039881594E+02
  1    ***    0.12929E-01    0.5874024742E+01    0.6178894716E+02
  1    ***    0.12929E-01    0.5906299603E+01    0.6071922414E+02
  1    ***    0.12929E-01    0.5938574464E+01    0.6261424333E+02
  1    ***    0.12929E-01    0.5970849325E+01    0.6075112390E+02
  1    ***    0.12929E-01    0.6003124187E+01    0.6479999943E+02
  1    ***    0.12929E-01    0.6035399048E+01    0.6228974588E+02
  1    ***    0.12929E-01    0.6067673909E+01    0.6026259742E+02
  1    ***    0.12929E-01    0.6099948770E+01    0.6002936065E+02
  1    ***    0.12929E-01    0.6132223631E+01    0.5809466174E+02
  1    ***    0.12929E-01    0.6164498493E+01    0.6409908940E+02
  1    ***    0.12929E-01    0.6196773354E+01    0.6594516502E+02
  1    ***    0.12929E-01    0.6229048215E+01    0.6840702684E+02
  1    ***    0.12929E-01    0.6261323076E+01    0.6732180067E+02
  1    ***    0.12929E-01    0.6293597938E+01    0.6680808996E+02
  1    ***    0.12929E-01    0.6325872799E+01    0.6588802980E+02
  1    ***    0.12929E-01    0.6358147660E+01    0.6506027288E+02
  1    ***    0.12929E-01    0.6390422521E+01    0.6436467653E+02
  1    ***    0.12929E-01    0.6422697382E+01    0.6562090599E+02
  1    ***    0.12929E-01    0.6454972244E+01    0.6310162419E+02
