   1.8212211575734756       -9.4472851267238269     
  -1.2661283859487904       -2.5163776621568275     
  -3.1349411727731233      -0.29175507391626032     
  -6.1213148277729994        7.9496137418674877     
  -9.8374162135898207       -1.9706786604409070     
  -6.5571808761414578        10.536027193343116     
   3.3245064111225244        5.5021429818090528     
 -0.17412139244521410        6.8046153832761220     
   6.1888788916627595        5.5821662401702872     
  -1.9995714903807118       -3.9109410514248966     
  -1.2552384169979784      -0.39633626463843452     
   5.0195262980596951       -5.4234237733634236     
   9.7220091805912592       -2.4562141511807143     
  -7.6521234559987601       -6.3402420189660091     
  -4.8207259574229022        9.8491132477751400     
  -1.3453563145591572       0.60071300608336609     
  0.52742966226597598        1.1585755636926889     
  0.88220605636330074        8.5340020468281370     
   6.1824973734880633        10.441375410216045     
   9.8685680472366997        5.9774522670968597     
  -12.287543293652401        1.7303341292684637     
   8.7322477787926776       -8.5103528817428593     
 -0.66962452451472565        5.8953543344849457     
 -0.45212641520100055        3.7173553074382144     
   8.6733925060425960       -4.5038014226300316     
   6.0565565370461938       -2.3942108819839070     
  -11.692214310182699        2.8122624180597082     
  0.72368385493137166        5.3610180677399795     
  -12.302242612839205       -1.6280199179201025     
   9.6034933059989562       -1.4643727168562699     
   3.5626387914473012        10.749188423657870     
   7.0663226926415046       -2.4960056168883265     
   7.8582290729462239        9.6022022098511535     
   6.4921391383177234       -3.3057261254255912     
  -4.6823990982473642        4.7449039894414140     
  -7.1334721835856687       -2.1897430699217799     
  -1.4493326249985696        5.2835065545654869     
  -2.0686431491323485       -5.9954855103976064     
  -5.6139598912216444       -10.975448634768053     
   11.435685754353448       -4.5742316948296837     
   1.0847784788888042       -12.263694552506021     
   3.7685930978118036        4.4008400465253681     
   11.970367062790789       -1.8409096090351773     
  0.84290406688317443       -9.2684496825843663     
  0.36901636264553145       -4.6065773238420507     
 -0.46778665373172340       -9.9628082372182831     
  0.79855232233430096        6.5821362236682628     
   9.6580278587950215        4.0487050813083272     
   8.0563740056235780       -5.2707804040943067     
  0.38699251111406180        12.403877445663916     
   2.2449538836568470        7.6953185328884910     
   4.4046370493254337       0.81030270135673044     
  -5.1608886915294105        3.8259923193707031     
  -4.4308125735712878        7.6646934758515712     
   8.5947663013261533       -3.5082836131280035     
  -10.648751806178170       -3.7119570221114020     
  -10.226704060337061       -7.0290107149269963     
  -6.5956868924802965        3.6826757684081364     
  -1.2059065506172821        7.8736555121456311     
  0.27546890717150507       -11.695338045187658     
  -4.6365888533771189        6.5733716973314671     
   1.6734020083341756       -10.414848053128495     
  -9.6608427016367475        7.0454187145934169E-002
   2.3881744148657078       -8.6392696629430432     
   3.7139448937920263       -11.390277125539518     
  -10.192258483697167        2.8112087337523120     
  -6.6789459439087757        2.4241459991060617     
  -8.8113448246511741       -5.4558244288656006     
  -2.6541079227373117       -1.1604850721265005     
   2.2526948593435279        9.9934342085036807     
   9.2230162258289781        5.2316618280332428     
   8.9889354082689810        1.4620153299749590     
  -3.8772337606599154       -4.8610041314853456     
   9.1560840235052918       0.46353596747056375     
   6.0718713077447708       -4.8071267510725697     
  0.62887261745531031       -10.237915947463510     
  -10.718255939628467       -2.7302183677900804     
   4.1538877689566620        3.3177032432769926     
  -2.6404155809672925        2.8927276322236120     
   1.4180208312086253        9.3837914440515426     
   3.2760753928909399        11.969618723781114     
  -10.765962346683075        5.6831406201505805     
   6.6493945608726461       -1.5974865386985082     
  -8.9928301778714452       -6.4248500178465831     
  -4.5984456928851376       -2.9966009379433309     
  -1.7017528874534416       -4.8586050279013753     
  -3.2468241422080961       -8.9850268384430017     
  -3.4932926907411761        10.505947970314889     
  -8.0824562886948890        2.7106632553228236     
   2.7896783683310735       -11.804248915408925     
  -7.6427320847424038       -3.0322718749479889     
   4.8509344896226709       -11.405171427998408     
   9.5484098955807344      -0.46922162123763128     
  -5.9726133401410815       -5.3184575510786276     
   8.4771494545828325        2.4898025056640098     
   1.6704403670143935        11.133864370346217     
   6.3151785117312711       0.77355659207000438     
   6.2257403514812149       -9.3240750938860621     
  -2.3055917076724044       -2.9774547106706066     
  -5.3450808122282467        7.2641311562041357     
  -9.8261631296147822       -3.1431198160780109     
  -7.4740383975050815       -7.3165553057182775     
   9.5936366328543787       -3.6346259265923115     
   3.1376640995459852       -3.8962395976547812     
  0.16925518760271538       -2.8677964323310783     
  -3.6296157117832646       -7.8107475067851730     
   5.0784675427200403       -2.8099657185836935     
  -7.5736407691917886        1.8526028298092918     
  -7.1977728684111382       -3.9265084405422006     
   1.3361850124418535       0.58161093989042578     
   1.1019852008088045        10.328399103611890     
  -9.5407592066008142        7.8847649408991574     
   1.6557509563165407       -7.7851846407899341     
   7.9913416666550141        1.5103658381509537     
   12.083673159242393       -2.8265742443363728     
  -3.4571417684644135       -3.9106294698211999     
   1.6018030064877975        5.9961139080490300     
  -8.8368793252356816        5.5911609767039581     
  -2.8325368679777143        1.9273689524670399     
 -0.37388849218727604       -10.959124346914029     
   9.7718998667049508       -6.6468913949306030     
  -7.5782920544096379        3.5631087175268550     
  -3.8607753850770639       -6.8439975100034998     
   2.9331715500606332       -2.4836136131902324     
  0.44394480493203148       0.15505434972363596     
   4.5706933204878100        2.4138902297679334     
   12.137145044472016        2.5877465773829211     
  -9.0667448312468437       -4.3055391475390152     
  -3.4921575521653345        4.5929646285120862     
   8.7550445873181353       -6.1299471263957859     
 -0.60078487449280660        4.7337218093128701     
   8.0345116447599683      -0.47545528504202850     
  -7.6471263157757781       -1.3393001161260536     
   5.2545994217978382        4.2184162683885225     
  -12.387895132925923       0.72627569543080350     
 -0.36056227130806257       0.73298619995087411     
   2.9828298534742506        3.6454400803839699     
   2.6239256455960964        8.6107624395312641     
   5.2989538041075415       -8.9560130932333610     
  -5.8944382349709104       -10.010282423766364     
  -2.1570771290788970        5.9764507320672688     
 -0.77925090626002802       -3.3872165067678126     
   5.2290837239825159       0.17809261349244579     
   2.1890451127544424        1.0844685848156996     
   11.372368677736738        4.9672733729912188     
   10.860523539805360        5.9775038976958061     
  -8.6271099427091134       -3.1668864266647407     
  -3.5829302024291243        2.6063892470156111     
   4.4646831607263415        11.166058754944743     
   1.7335583677725346       -5.2883568186263812     
  -10.265304696870786        4.8276476547937524     
 -0.69804642958883589       -4.6420509923482358     
   10.570208396777963       -4.0777219479316811     
   5.7569326074509011      -0.99841056072403089     
  -5.6810975849769330        11.030814469469105     
  -6.1088478596079421       -4.3360032931990045     
   10.728119421476920       -6.2377090923931737     
  -7.8312374963665219       -9.2637499223927566     
   4.6301525430658366       -10.396656535687391     
  -8.6851017837584017        7.1724846927278758     
  0.50173343862760234        3.4077737182548309     
  0.35190663915292075        4.4432147718693162     
  -4.3186404863894445       -8.5979970794246121     
  -7.8125589881344153       -5.3611236994828717     
  -6.5205381041554498       -7.0144790394903191     
   5.1950835781496449        7.7298651223087882     
   1.3941263626201970       -4.2822843073420440     
  -11.635840873039637       -2.3689749838319676     
   4.6446988100152469       -7.1071188343291283     
   4.1741627131466803       -2.3916306354993404     
   6.8134083029241035        6.3890970316896016     
  -1.4610564747127286        6.8300646069697448     
   8.8001686655164093        6.2176744321492086     
   1.9993385551789278        3.7220266793906331     
   8.1574140784737175       0.50916549472333605     
   11.829845038757687      -0.77407084481913502     
  -11.670684834982319        3.8024316508808309     
   6.3923175156543568        7.2894757386334259     
   7.1416781092323962       0.21063909488444829     
  -4.6755991273805773        11.117914825946444     
   5.1483651751871413        3.2276228612883382     
  -9.9066128520602188        3.7620635366492596     
   11.291955036260839        3.4167269922055965     
   2.4171066019186958       -4.5772444414750417     
  -8.7220474059723632       -8.8261055672060191     
   10.637390548311595        4.2243656109945302     
  -7.8911335571087360       -8.2509825257707181     
   5.3742482886452621       -6.3500239705450232     
 -0.22153078017151040        8.4739416505308203     
   1.1913067601508673       -11.275014737139331     
 -0.88644724215860338        12.377952451905774     
   5.2002924214638586        5.6408864239466769     
   7.2766681050610158        5.1344336325549378     
  -5.2016931637829433        8.2993723643788702     
   4.0460829125379965       -3.4707344773231563     
   5.7964163812432341        6.4947368241300749     
   6.4780423987867506        9.4949795982673617     
  -11.451553385097819       -4.7747020946306096     
   11.278531980375490        2.0810378994325660     
   3.6278509458825501       -8.8443918661335026     
