  0.62675346005572019       -5.0850514699574045     
   11.861918423606788        1.5681687434366043     
   3.2156060120995047       0.20814271719225308     
 -0.75462788590333540       -12.311531985612683     
  -1.6723287110690470        5.0432283523608143     
  -4.5468966454403921       -1.9063740882296836     
  -4.6195621867337735      -0.13765178035492828     
   11.891511165190446        2.9269225430369632     
  -1.1879671406293666       -6.0734923449038538     
  -2.7241324070757491        1.9065450126168284     
  -7.5938811953174303       -5.6387480644004757     
   9.6735238917666866       -7.7718397434713706     
  -7.2374048015014427       -7.5963684188588312     
  -7.7627031248983958        2.3417459525798887     
   9.2462309593080487       -1.9970867238797290     
   5.2647484534536133        6.9707578433312998     
  -10.029453613640115        1.2528512895820512     
  -5.1030036965582326        11.307218892778481     
   5.4338504730944868       -1.6727025163208720     
   9.5553149942793851       -4.6224981844109987     
  -5.1137727957853958        5.1001251109033987     
   7.0294912195276984        3.1549904141725791     
  -6.6022746820289413       -5.7509193057133414     
  -3.5570929461260055        10.830504699604631     
   3.5841648179984791      -0.71728930849690231     
   7.8705751505455144        1.0508916637950820     
   3.9472234020282428       -10.798391022991098     
   2.9952715104466541       -11.084428462687118     
  -8.7033727717718889        6.5692198321803250     
  -4.2768893758706303        4.4159138154566033     
   11.553602572625682        3.8611773948813357     
  -1.4174096336428079       -11.562538450519428     
   3.2960188007484490       -7.7748360047833582     
   10.417280598002378      -0.51419513533242445     
   4.6890321923535909       -11.475522529364847     
  -2.5943739947990045        3.3640022887355099     
   1.7397056790480780       -7.5680823255590530     
  -4.5850820392421809       -3.1770957721345421     
   2.4729495975320783        7.7956385004302362     
  -1.3791641152378695       -7.5651801299910488     
   7.4770253090140981        6.4627331736460816     
  -1.7644710241280199        2.8015457747245778     
   1.9754777826788619       -6.2674439892306566     
   3.1234071527434137        6.1060718392774973     
  -9.5339595462377851       -7.9423265648390240     
   7.4138927973683861        1.9361828523759943     
   6.9835773339298033       -7.6631217112748047     
  -5.2719675169968978       -5.2644688598754135     
   5.8770231185789035        1.1791475005900449     
   8.4237801050345968        8.8525699529036483     
  -1.6940411591159423        3.7901323811840508     
  -4.7459643430059231       -4.2740011196896894     
   8.8385540468967871       -7.2287493982986444     
   11.717243733224892       0.58052944339697543     
  0.42204582610268770        5.0239701855316570     
   6.0809764042357974        5.8045434484502536     
   4.5713953079730425       -3.6191398220167121     
   8.2691078721086235        2.4631905113681869     
   1.9685455718856156E-002  -2.2244823589919007     
  0.28715971774583238        9.8063409572810212     
  -3.4542056816766089       -9.0829837334555474     
  0.82912451974897838        1.3988222372303882     
  -6.9323193587819363        9.4796945015924194     
  -8.1909727271291075        1.4429512360166667     
   2.5986227909626001       -7.0625198600467849     
   5.1499493509838663        1.9051990314231153     
  -2.8388753573853376        6.6668274958488514     
   6.0147667769025048       -7.4488995797214157     
   8.8709577670451125       -8.4839536068481447     
  -2.2663868881764810      -0.26604132740899405     
   2.1296692273135016       0.77449964928121262     
  -3.4664341504000813        3.8396045560870462     
   11.355902211335183       -4.9809500557372708     
   7.8135516136399579        9.6378623926292146     
   1.7771763282908670       -12.281324681820550     
  -9.3473442832366729        3.2374594104645675     
   7.7727707624381699       -3.3766538574954095     
   11.728912788040677       -4.0507525951518710     
   4.0543905277728571        9.6695607695295429     
   1.0803769781768107      -0.63272111168288869     
   6.6101554343408262       -6.6522647559886039     
   8.3418438695546904      -0.51634873554224225     
   9.0672663192948875        7.8870727261204454     
 -0.43053890488397512       -5.2055349261877248     
  -3.6135034097619094       -8.0409124869310489     
   3.2937058164679858       -6.3552223008819073     
  -7.3118452174134267        6.7115518232030995     
   5.2026819350202000       -8.0211051750838163     
   2.1060419798593610        5.0238564426136385     
  -5.1513461804716654       -6.2480574557868698     
   9.6693866754442102       0.94180014609830098     
   2.4194790792875960        6.8083227528284054     
   3.8264837964935925        3.3735878846658203     
   4.2873299463907779        7.1629227048644522     
  -5.4490042623160768       -8.2981025659907672     
   8.5629584634894638       -2.7143754358031300     
  -1.5667272224304278        1.5604646678198175     
  -3.2207833901002449        1.0538248382659374     
  -2.0452635095451086       -3.0297329740596974     
  0.93458177442463375       -6.9814478428413178     
   10.085413118191164       -1.4544571898459993     
  -2.0960955722140153       0.71616442343017161     
   8.3665583898473965       -1.5126432138205059     
  -9.6540540190848638       -4.5707471027824438     
   8.7120104973099934        1.5720503749945536     
   7.4205350096580105      -0.88427025309131591     
  -9.5498209061529611        2.1287773358346871     
  -6.1149104665800698        5.0593088749439570     
   8.3786888625778957        5.5801858836301719     
   10.342697615350763       -5.2252681346681227     
  -3.8042997059035826       -6.0420496663619492     
  -6.9844705702725758        8.4855915974294280     
  -8.6965056519506696        8.8528204037746683     
   12.388905804135282      -0.13907708091573032     
   6.4080927948871116       -2.2662441168727820     
   9.2113764633503550      -0.98850550676961446     
   9.4271586569544663        6.2177312278447392     
   5.7203922689028106       -4.0627790434656506     
   6.5345311697896156       -3.2497561900089695     
  -2.3891668478735504       -7.7461957004676387     
  -3.9017505357111095       -11.170904232930331     
  -12.026666353894555        3.0603951691586007     
 -0.95234109038823844       -10.688645614136925     
   3.0235587158988819        1.2044472310546137     
  -11.498176920012771       -3.9685066362132613     
  -9.4530708880655379        4.2297915582470420     
   11.053924317572916       -1.2709845832117190     
   4.3965260401915964        2.5629098563072001     
   10.526295476993209        5.5202148519585386     
   5.9709504403761748        10.037843536888728     
  -6.2491004490788811       -7.7144322242871697     
  -8.9046612639211240       -5.2761360175918979     
  -7.0100682831172696       -1.1898742547213979     
   3.4593902106074816        7.8137040736814685     
   6.3031001013633814       0.28790858357742860     
  -2.2833386884159563        5.8337709133951705     
   5.2138120002553565       -2.8529794284846388     
   4.9567095209273573       -10.517690781587653     
   6.9604320469205145        5.1771619614019562     
   3.4435268059001598       -2.7910392703896392     
  -2.5745321566747941        11.851800815521244     
  -10.578825976727829        2.0971723715159851     
  -12.226767287233892       -1.2398949284971836     
   1.0049739372450286       -6.0033968186029441     
   6.7684016199633845       -8.6320383477029132     
  -8.1767866896668906       -9.1079964035425451     
   7.4524996691367862E-002   2.0437930048451070     
   10.736926852059371       0.42171353884526613     
  -11.659389974978277      -0.18236722245884157     
   6.9548583391849172        10.131350495630876     
   1.4107657024669400       -4.4795073314245339     
  -3.5346724386250306       -6.9969154124055226     
   7.3446049784297633       -9.7474518723026407     
   2.0978232897376725        2.5319095550367718     
   2.4884713723370999       -8.3506923169064340     
 -0.61439392394909886        9.3668339794394022     
  -4.3824207755150280        3.4202848353436042     
  -4.5675089452974049        5.9783290296136329     
  -11.135938492959276       -1.0326577586364960     
  -2.4561787487228757       -4.0276330069016879     
   5.5005269557411935        7.9395635857802649     
  -1.4956125045166941        11.987808078899768     
   1.3905635598001613        5.7242540009152405     
  -5.4327458055709865       -2.3729963257927880     
  -3.3789712392551836        4.8450031966798361     
  -11.464793154566662        4.7488746286003032     
  -2.1538542963508513       -5.3211299622613168     
   3.2790193679050352       -3.7653099411888022     
  0.53911486219264826       -7.8840250669342922     
   10.173962515141389       -6.2035295513173505     
 -0.52010812732221634        10.409543789994176     
   6.8660232058062407        1.1119106272033128     
   1.0469292059012644E-002   7.7610106333075102     
   7.2965462563630616       0.20600254592968684     
   6.5423679028836021       -5.6587212340539805     
  -3.6531241497594285       -3.5934614038719297     
   5.1014044588142973        5.9935410221212075     
   10.521560819729025        6.5115443029758131     
  -2.5120106965678377        4.3504199316325574     
  -11.565615949903744        2.1759648569564392     
   11.401864878598410      -0.35338659628792762     
  -6.9425824666156579        3.1995462964551433     
  -10.387579387817292       -5.4195920610239332     
   5.7626301268234865       -5.0628683647465165     
 -0.54832456923518735        1.2617554515009937     
   2.5087967215985554      -0.71396206023603725     
   1.0346688468103282        2.3667914156319658     
   1.1932212732328202        10.203482924325092     
   5.9286437368633020        8.9878532111048930     
  -6.2316123954849481       -1.7939303508064250     
  -2.2179641357819495       -6.3209737370659376     
  -5.9843043562411156       -3.6020081890752209     
   4.9537322958714567        9.1748540492408832     
  -2.6146598677176494        7.6320028152810053     
   10.637354642907949       -4.2841118418059025     
   9.6458358618593945        1.9260711570598015     
  -3.7817176508064083        1.8810960125933378     
  -10.185020156808264       -1.4573205964986871     
   1.0390176835857181       0.37242759449129853     
  -9.0700378167011539        1.0041029450807186     
