   7.4482739108778766       0.70063555479783080     
  -1.4571678170460234        13.804180678666665     
  -8.5220919544258606        8.4809505919600490     
  -12.171034564315256       -3.4158200060632740     
   8.3782322762541046        8.1918402080752877     
  -9.2948106149925724        4.3846878018194202     
  -1.6738979137644729      -0.24878633190560553     
  -2.6169005658967492        13.313504012493633     
   6.9806271750681139       -7.4702548059616802     
  -10.636451618704228       -10.800641590430724     
   11.589629973638761       -7.8971101307032576     
   9.0748959828129081       -5.5028450774891633     
  -11.328395222372688       -8.2338714763931762     
   2.4386396631236429       -14.810043272733077     
   4.5848841236728290       -5.6507507447158023     
  -4.4919005247582806        8.4019803914496567     
   15.158004898565542       -2.1583332213114539     
   7.3075915760335244        7.5768877295223671     
   7.8038662679365176        1.7624849168922201     
   9.1151247190355367        10.290126147875542     
  -6.8926402789270815       -4.3252306764732369     
  -1.0254976677935868        12.050779261785255     
   3.0363671899435438        4.8504319500760502     
  -8.5450118362080296      -0.67483545487127472     
  -9.8873894296348741       0.88524962307847321     
  -5.0905524937985991       -14.439475088773470     
  -11.877785743052710       -4.8234070024269347     
   2.3358343934196881        7.7593644810068430     
  -6.2812543751844609        12.755645906512177     
  0.38533932553770078       -14.410252449671372     
  -1.5699015940466894       -13.905595202601964     
   7.4901960931438669        11.041978153088781     
  -1.3442983745401922        6.8295887627518184     
   11.227078298017339        9.1364080975022084     
   14.091940637778375      -0.33481462389815564     
  -3.9803576146060813        12.523391187817850     
   10.239840799401525        2.1404955450088763     
  -7.7509251129568746       -3.3487542062918720     
   9.2870978174609053       -12.055192666961664     
  -8.4027204178899080       -6.8586956127206182     
  -7.8787009089078239       -5.7222370464872583     
   14.899795708508076        3.5045912674452580     
  -2.2037127335375288       -11.686167011202798     
  -11.025360427940587        10.021915923776296     
  -12.696531202885906        6.2413476635787317     
  -6.6738103112336633        3.6735784397653690     
  -13.032518844054186      -0.90180956022047254     
  -8.4855234997720679       -8.2500924953326074     
  -3.5532823107828828      -0.14773361647038033     
  -6.9399430601933298       -13.431584225058820     
 -0.51103496033450835        12.906867765109956     
  0.91310301013723694       -15.256256413196869     
   3.3736043726661999        10.839544993248639     
  -7.5586989768276283        9.5286942760218505     
   6.6613276905487941       -5.8904713609521693     
  -3.8112221627436713       -12.307142451181674     
   1.8360944962940042        1.3245483538103004     
   12.224711654352170        2.4436520169335014     
   13.256483123692645        4.2874134051288948     
 -0.67485599053073453        10.612087202620586     
   7.3528629461480808       -9.3517194504480994     
   8.7507409165030143       -10.946921112032488     
  -1.3739013086167453        1.6856514033211256     
  -12.216934236207504        1.9193482106916240     
  -4.3240207046811365        1.1051916043293899     
   6.7662818221864418        2.5678254691984379     
   10.418545726866608        4.5740495578881228     
  -2.5924764734756067       -12.896321099239097     
  -7.7203375155728748      -0.11771606262751769     
   8.3321205563557186        5.0819381080826513     
  -6.6066820628950564       -6.0356321024570976     
   14.130113964188679       -5.0163349179583090     
  -3.8011015951630363       -9.3783163219166497     
  -12.722776853189171        3.5485307599548146     
   5.9276686130404643        11.506955304640568     
   1.4728547214908527      -0.44136037445832504     
  -11.162148604024440       -1.4801459970668438     
  -1.2193207953836929        9.4621121014411127     
  -7.7364931745036961E-002   5.6606007673851293     
  -5.8375155217855976       -12.845512114422394     
   12.004428567911830       -2.8387369606308157     
   3.9398884674319703        13.402726002188246     
   11.844503197610425       -6.9327533015064207     
  -2.3199314519526832        1.3491936457910061     
   1.4733181411274423        7.0814559037365710     
  -11.155264796049817       -4.1341815559994952     
   4.9601893214140214        4.5609121836548212     
   10.345929428907224        11.286745101404660     
   3.2205197776139922       -13.646570012944588     
  -10.777818550543730        7.6526024052624368     
  -10.824420890523278        6.0840359118048415     
   2.5135520396107975        5.6991108699704256     
  -3.0054107950909938       -7.0698898082079848     
   10.057386995912303       -4.6132072033557963     
  -1.9063854921037209       -10.066625645412026     
  -10.237055161867387       -3.2027519392750881     
  -9.8448416193830308        8.7370112095982950     
  -3.5538286331096840        6.8542260139222515     
  -11.088691947380326        2.5232086781159131     
   10.859262490542475       -3.3980086849391840     
   1.1232103823661255       -3.9697668677408542     
  -6.6049515665662373       -12.202673577404358     
  -10.237331576236212       -9.4722291568840280     
  -3.5050066552883310        2.2114115703185382     
   9.0326173365293467       -4.5043385217270933     
  -6.5474475708336088        2.6849567048891072     
  -7.5796762487450673       -1.6590443806322717     
   11.729481147255401       -5.3663427888616679     
   13.670475588905495       -2.1600827748275044     
   10.233577360314081        5.5754308909675050     
   14.984981187384875       -3.1416542352740651     
   3.7788942367298586        14.836178685973270     
   4.6773694331527533       -12.683173566510650     
   5.0765600903266277        14.443721723611501     
  -4.5330873692825611        10.425071358320867     
  -2.5944550276889875       0.13215149835898521     
   8.3316900526581481       -10.042102719054940     
  -3.9552692689176938       -5.7532584046762967     
   2.2957674676366113       -6.4397655287171576     
  -2.2511558775456173        10.360569499812097     
  -11.268660679398863        1.5404886397945452     
   7.2609854182968094        8.7619540348074914     
  -5.7350852833623795       -5.5457614612723640     
   5.3678514079286437        6.5224235038214271     
  -4.8315924095771221       -12.647122853697732     
   2.3217161345664645       -5.3568503202436428     
 -0.45245770910516386       -5.6767212084262226     
   11.246131567121372        8.1305128897729606     
  -5.1374825200712930       -11.214175069701227     
  -11.433521261802161      -0.27445099962457337     
   11.097553688463442        10.548383122081471     
  0.67842535462618359       -12.342336838981874     
  -1.9405542985397919       -6.4303361749194199     
  -11.788806053153898        5.8222996663876598     
  -8.8788599796720042        10.341569168996015     
   6.5186109319220877        12.653233053765682     
  -2.5057051709356926       -14.248989967081750     
   4.1540257185148644       -6.7027748110965959     
   12.700244775710878        8.5551398552316443E-002
 -0.58830583220790267       -13.710412663830366     
  -5.7057481180362704       -10.208015006359481     
  -10.119430959936075        10.466633468538250     
   4.0423476056828829        10.040663178867218     
  -3.2696773219316997       -11.468786797059185     
  -6.7125731959238966       -10.407162717116968     
   11.629458096407648        5.2663272420834977     
   12.767002240226624        3.2827966556713601     
  -7.3176804060741913       -11.432779720919589     
   11.280264229154076       -9.7653164697695729     
   6.3818025474935816       -8.7789877386281692     
   5.8039797223326905        10.514636466776018     
  -8.9787363334845747       -3.3227409151484584     
  -9.0673358768205272        9.3631060195219735     
   10.230064060892765        9.1524431169372846     
   10.684317428565304       -6.1334877383708326     
  -1.5550728103813025       -4.2667508377586536     
  -4.3582782195042631        4.3800241975903758     
   1.7253758841415823        12.906936312689933     
  -9.8746571726924302       -7.3172756722624879     
  -2.2757636417366194        2.9760530538297933     
  -9.3240824774929187       -6.4851333872530272     
   11.006141131987544       -8.8064545473056981     
  -7.8003117470492125        6.0694660050801783     
  -4.1966966595376585        3.3958176286718880     
  -3.7610330903503710        11.472072690172453     
   12.404734682882191        6.3144524615523778     
   7.0871462606880788       -3.2144003264671066     
   13.904859657887224       0.72514883633876193     
   5.4266865267242652       -6.1837792774423956     
  -12.850399314421496       -8.3237779861328551     
   3.7247804234169255       -1.7255966691140836     
   2.0357543863923189        4.8181656828759207     
  -12.363480170861726        7.2558981700169065     
   5.2951192898608523        8.4375285507211455     
  -7.0055012935758647        4.8513167037880356     
   12.939255273066873       -4.6403788335278557     
  -12.102155999522523       -1.8137259369376948     
   4.8459271999924498       -4.5187712829166919     
  -3.2296259110248120       0.90077453581745437     
  -1.6652585296540023       -12.525624128044159     
   12.790521683883734       -3.5998324912423230     
   7.5584996987721578      -0.80331929582182082     
   5.6983786034933592       -2.7364676831732337     
   9.4297601890168483        1.2095331735086989     
  -5.7843819106774612        2.0430911604035096     
   7.4590200983115791       -8.3480456245689503     
  -7.7499630911746005       -9.4476954450848947     
  -1.0882709795474577       -1.2995303882197899     
  -6.3246385843745463        11.205805949533985     
   9.9398319135684154       -9.3442222585431765     
  -1.2976786025349230       0.68103865874804881     
  -3.9870993340039016        13.534460474047330     
   10.066048105341395        3.2449539583362981     
   6.0014392721293541        3.8498794121489457     
   10.847394491966757       -10.805587757164171     
   3.2638721093956593        12.003214286248323     
   6.2020096769837574        13.997124822390582     
   10.107561564981154       -11.489610652877683     
  0.45337845005618665       -9.0395270498955487     
  -7.8853605689191797        7.3318995279821868     


