   2.9684478796998368       -5.4904739016953519     
   12.466136787321814       0.62056826859637959     
   5.2844936446821427       -1.9822743023637992     
 -0.13640910575548576       -14.986456289564826     
  -3.8696527888209449        3.7630444443090454     
  -9.1111541679169132       -1.6387152499865330     
  -2.0204241681095612      -0.25738076285414913     
   14.704480253972715        3.5748667536214023     
  -6.7511302676369345E-002  -8.6160751495086441     
  -2.5528790383459601        3.0715580697437805     
  -11.473804698494620       -9.3438984037053210     
   11.273079554784539       -9.8538204564981147     
  -8.7450623207255198       -7.9459492105285463     
  -11.947468431766797        1.9461662918638034     
   13.913267582920851       -1.3951541619593959     
   7.0057195190169956        6.1895346252276964     
  -13.128750637353178        1.1471107715564370     
  -7.5090325822918480        13.338681948063504     
   6.9468945655511263      -0.97812003861238050     
   13.210431317224348       -3.9283241720825774     
  -10.492356593362999        5.5480936049840208     
   9.6665069161554555        5.1973687783634306     
  -9.6217816071979207       -6.1894871901431383     
  0.30249047124782386        9.9143382802427986     
   5.6977038827030109       0.56944952942120397     
   9.4110655066135500        4.0303814092503121     
   6.0617424491518754       -11.261760737825943     
   5.7767279598794614       -13.961375185920685     
  -7.8997763465107544        6.0911720468220691     
  -4.9179945557405436        5.5431507164726872     
   14.124450785194249        4.5560781830485668     
  -2.9920438793039987       -12.933376566821636     
   5.5297920887989669       -12.732790870588198     
   12.985192711910102      -0.23433529449139248     
   7.7595098141280676       -12.962400494908433     
  -1.3206424701585546        4.9663301143080867     
   3.2641246400997153       -9.4597043811900399     
  -5.3764198162018682       -3.2917140087865011     
   1.9065910207641268        8.3632772176776307     
  -1.0625432756736763       -8.5727475902709180     
   9.1297953807803491        6.5688924877940797     
  -1.0848027303035479        2.7376247029875773     
   2.6109999732750415       -6.6748873444931149     
   2.7682416674150074        5.1901321681705976     
  -7.8849626281962859       -10.453678465492727     
   10.594724815787320       -1.1628855841129240     
   10.791678899046827       -10.857105094224810     
  -3.8541839940543201       -7.2471906174213583     
   5.9564530702276501       -1.1188145455556955     
   8.0031164620739830        6.2232207522693139     
   1.0460763551602623        4.6377426833620854     
  -6.2554722073362914       -5.1743852898244853     
   10.559892642452576       -8.4584074605230857     
   14.875637391103702        1.3669707080723497E-002
 -0.26895442338720027        4.8528733467971810     
   7.4903298416330326        7.7179180553105313     
   5.5385472361601620       -3.6332007399174886     
   11.881761137378502        1.4386601451192393     
  0.33682334118193419       0.57737262868301997     
  -1.0130997231425349        10.285844562514592     
  -3.4098919352689880       -12.013532050503134     
 -0.84784242739934601       -8.9165977339238501E-004
  -8.5814663444179455        11.812132699644692     
  -9.6100764831874805      -0.51453762822125682     
   4.8500100699768423       -8.6943771228528028     
   8.3237537968995632        7.1669712639923455     
  -2.9208736654018885        7.8379696410025419     
   7.2367415538799378       -7.0172914989953536     
   10.275358856742079       -9.9316240076033839     
  -4.1387224180330930      -0.23023525800654632     
   3.4693184407366058      -0.13974240871485166     
  -3.9357241867415746        5.7196715026597182     
   14.350952736819696       -5.2122463864108992     
   5.5017412504997045        10.452936506871939     
   1.1754243527347019       -14.757201493144320     
  -7.8820900111814041        4.2243621933892950     
   10.272857953362161       -2.3068915324033878     
   13.825652176301258       -3.0467297730268861     
   6.1149400068103459        11.414383314763361     
   1.2749257707519206      -0.33085767711405867     
   6.8772012503806659       -8.3680254590190462     
   9.1094262504525148        2.0351612610316367     
   12.161614427655294        8.4618134493203936     
  -2.4055615263587562       -6.8981208975962716     
  -5.4007821117155768       -7.5481813849298431     
   5.7027432596414815       -5.6665243248998340     
  -8.8828377181724711        6.2690943435052198     
   4.2362549523064379       -9.6855879979952935     
   1.8784368672428922        5.6458659400560585     
  -8.1729986395336169       -7.0170201664833520     
   12.830015152919028        1.7550127294157714     
   7.0031979191861415        10.562073588311888     
   4.8799776463419704        4.3543134609550496     
   4.0538496985274302        8.3751448390524796     
  -7.7474915674584413       -7.9254826702134054     
   10.354207073054747       -3.5317549067166616     
  -1.5954252674683056       0.65934123360225838     
  -3.6121641566542877       -2.8530934724123007     
  -1.1260306695962492       -4.0105246845638378     
   2.5502460702776393       -8.7581538982440073     
   12.638916436254870       -1.1686738564127581     
  -3.6903164408572158        2.0923362865854318     
   12.153180829258432       -2.0409030787443041     
  -10.427428924789828       -4.5104846504439315     
   9.9233784861755918        2.6114240616489246     
   11.982697514431052      -0.30217970635424118     
  -11.418864334187713        2.7959044463641085     
  -7.2480465650831070        4.9987883509452748     
   12.478133462614124        7.3503864074048382     
   12.127356365588364       -4.8876271256375272     
  -4.8661545387858745       -8.3976004773041328     
  -8.6462703640178447        10.105102383766232     
  -10.859896452780305        10.793284614785524     
   15.204627722972750      -0.92285932800356807     
   6.3440369263150158       -6.4323875732998914     
   11.034255567598995       0.13084019414945908     
   12.909779528297461        6.4504056148053657     
   10.543424132508143       -6.7471112489067728     
   9.5010306363130130       -7.2047403366332388     
  -1.7001073202908652       -10.702641755608996     
  -3.1821112700306360       -13.964388048910124     
  -15.097419040430182        2.5507939973299045     
   1.5372803941180537       -11.834732404370323     
   4.0462194404866700        5.6466428530930779     
  -14.455793924569633       -4.1337296647665527     
  -8.9548848523564910        3.6572308109781462     
   14.763539944212576       -2.6942556733511323     
   5.0964865838099547        3.3805937265634904     
   13.487974551119679        5.3321398748229756     
   6.6833396033628460        13.008627134896930     
  -8.6927142156435711       -9.8552249121161104     
  -10.624352064189337       -7.6870288701956326     
  -8.1381753003413984      -0.54021728935243507     
   6.5852814816159597        7.2739736970887687     
   8.6750041867033740        1.1393324877694093     
  -2.6625542465976006        10.673631117947572     
   6.8238832591215992       -5.0772202916221874     
   5.2112528861674496       -11.785981837659147     
   9.1595727240209115        7.7171269937093196     
   2.3732275986702365       -2.3432148264723214     
  -3.7233067738762142        13.702384247620554     
  -13.261092571783781        2.3243824483765816     
  -11.093022267105018       -2.5542498877376495E-002
  -1.4089070106317458       -6.8864160472170699     
   9.0100535427058013       -10.384304985854827     
  -9.5944304352902527       -11.931379825582809     
   2.9311545087886079        2.5473213927710350     
   11.210889602420853       -2.9789201038948727     
  -13.728643914195240       -5.3977056706231634     
   8.9788991189630512        9.3232109065240785     
   4.8562143538607883       -7.3851129071462607     
  -3.3486744800578214       -9.0934408958213666     
   6.7619019731911747       -13.006682359059850     
   2.1180637567844607        3.1944168370839954     
   2.3145902576076165       -14.516998731063552     
 -0.46679121074853519        11.796906640388160     
  -4.4178188305783817        1.4071253541721627     
  -6.0293185240155287        7.6950528370736695     
  -14.668895088214947       -1.4998843059168561     
  -3.8787398130129791       -8.2443253068815814     
   4.3319150693452171        9.3383052483994060     
  -2.5673818241869975        13.578265590138942     
   2.6373557415113833        6.7414150915173536     
  -9.7358770114888937       -3.4411332515820776     
  -5.7739416461079882        4.9844735600340488     
  -12.857529149317575        6.0884220925827046     
  -1.9787184281366970       -5.4939500149537830     
   2.4905273243561648       -4.1854130626330761     
  -1.8752367610633123       -12.144080631208157     
   14.162931593642124       -4.2239972519771802     
  -2.6795169583153768        12.585196756181020     
   7.7806501293718382        2.3750094377438327     
   2.0430140172558726        11.314655663906063     
   8.5824350027148846      -0.70141326216890676     
   10.309814115767370       -5.3280136844349117     
  -6.0225555431011228       -2.2667214636664794     
   5.7459125790015957        8.8288556136454091     
   13.210197363605054        4.1075349663112721     
  -2.5659927398489253        5.4174951915104570     
  -12.797622401880878        5.0325264602451423     
   13.087954217521197       -5.1970341335899590     
  -10.001073228294439        4.6792704774901024     
  -13.256055499512728       -1.4954400968146133     
   9.4271914561806813       -9.4101456027175132     
  -4.3998945536503076       -3.4953232558887479     
   4.4420668808517831       0.75799626851767377     
  0.56357939340013141        1.5780280501929724     
   2.5190550270011203        14.762671235045861     
   10.401466140543949        11.079195314938296     
  -6.1461318177423410      -0.94506784756398321     
 -0.33075171403897385       -6.5511069396323087     
  -11.427884755719298       -8.2770979482263005     
   6.3265937268076744        13.941751491112107     
  -1.6701881734632533        6.7638556153807912     
   12.447166689347547       -8.9103122817570384     
   12.080618415168797        2.4180460690658783     
  -5.0315135391789036        2.6840030209556343     
  -10.575726207291439       -5.6412433168720026     
 -0.39874731950917097        1.3034272877938349     
  -13.018460290758416      -0.33839783981794586     
