  -9.6320143900315802       -6.4779746745898219     
   10.287232388064208       -3.9574948921963164     
   9.1345236996058219        10.501031009801903     
  0.83414533161104909       -1.0126981320231392     
   5.5716613043736798       -1.4329263296636947     
   10.880377839974827        10.771605514946740     
   5.9284056117573840        12.062079988071899     
  -9.9932135675812575        9.6137768858999699     
  0.36374057143772026        8.9450265857229261E-002
   7.8877558300831003       -3.4033903900304350     
   5.9405144842179620       -9.4750125944986436     
  -2.9579074134734391        11.924604361888541     
   2.6214236131551214      -0.46670236570698792     
  -1.0244378765003912        9.1528820308638004     
  -7.0622769492168667       -6.5167761546717422     
   7.2165170941124508        9.6943185166004149     
  -2.0404194882727604       -15.172030250232325     
 -0.14440535166255597       -8.0500128657897765     
   3.5222176528380964        1.2195924692267677     
  -7.9715520159263145       -1.2091322861213671     
 -0.43878000339634005       -14.377510762167192     
  -9.6056612963615891       -9.8374075676510611     
  -2.7581422260692587        2.7695451958861121     
   7.0347440253334925        10.689829089872269     
   3.7063861042488284        4.6775560686274353     
  -5.9362979262771525       -9.0857346513851720     
   9.7137993040250041        11.835157679844537     
  0.67916493719942206       -2.5370248011453387     
   2.3853808706610753       -14.302151413741973     
   1.6857562737900402        8.8850395518341365     
   3.2553099539925929       -5.1439193282748841     
  -4.6432573524889158E-002  -15.310992644654648     
  -3.1750985185172205        6.2491574265186358     
   12.127200058925311       -1.2079745765154808     
   1.1525533983371470        2.7304239416037110     
   6.2053366811469450        13.021359705536836     
   5.8023112414316591       -5.8115057473118918     
   3.6825619033153441       -13.121250091743601     
   4.3039564263346586       -1.1268670559232736     
   7.9189991923687231       -12.371800440632462     
   7.3738328350866755       -8.7957646446124507     
  -1.9674146564202963        12.034604318045316     
  -3.4418069084989167        11.049662977173687     
  -2.1896645651373241       -2.8723558689415545     
   9.2265159790581013        2.4679314593435282     
  -10.064282542147581       -8.6049421937014525     
  -14.665742532622017        1.2262862365911114     
   3.7427784277242662        5.7241200663169085     
  -1.8743799198197066        1.9049252742808835     
   4.9029444675664919        3.5918218827636297     
   11.246040880327337       -3.0499408791110469     
  -11.215987211346018      -0.34934603773168027     
   8.3910490452486872       -5.0310170760675099     
  -2.8671233621371996       -4.4111029582624086     
  -3.7542033354960203       -2.1062069847674674     
  -9.0562583311686513        12.343910853754636     
  -1.8559051725080562       -7.2887937938913598     
   10.268805044689561       0.58678779768710010     
  -8.7564814603268069       -5.8698143119206447     
   11.689059902079940        4.8620934808821730     
   8.4268849856494139       -6.1361616855576120     
  -9.9741950667311290      -0.53163716120945914     
  0.51345662135651082        7.4453120536555657     
   1.7967485537563042        15.180532594837990     
  -11.868586419735898        7.5003291235833975     
 -0.77133568615693426       -1.8938608477931256     
  -2.2687804786871717       -8.1986909241498491     
   1.5868669908750301        11.834694908223138     
   8.2345059760725565       -9.3080975738719065     
   4.7437348995405006       -4.1922560353300646     
   10.923396106492040        2.2984170462912190     
  -7.3637547086269128       -5.1878276317556766     
   10.260167069781877       -2.5615584288977171     
  -9.3720308711689349        3.7952533478930839     
   5.9373485067590224       -12.832614245787248     
   10.823508887829902        3.9757839383296636     
   6.4656305152518021       -10.536377972873680     
  -2.1857687626692641       -10.134115959122695     
   12.380049455701259       -7.4185962848919349     
   4.4944903033772965       -14.636102059912949     
  0.94957277525227435        13.100357377354387     
  -1.7676048143551093       -1.9633689954786575     
   11.345468812769200        1.1010922803159582     
   1.7205749228092666       -15.213788971565961     
   1.7610718606457585       -1.4399911334996631     
  -6.5773683971358103       -13.823091959944023     
   7.1229866938728481       -7.8291223721077658     
   7.9865427449461990       -11.172404468311935     
  -4.0549173231663787        1.9982287470604918     
  -3.0700790055007290       -8.7937415628303697     
  -11.450767561785653        2.8034162512504013     
  -8.0264810491084315       -8.0745384779966738     
   6.1646028756090647        14.015102390000544     
  -5.5754892690701432       0.18795062175565613     
  -8.2236297247592862        4.4424222461976921     
  -11.067073784162620       -9.1040817300593719     
  -2.2408341174805999        6.7254736246059412     
   7.8504447850445560       -7.1408385813977606     
   7.1055487503338028        2.7899514235274063     
  -7.5856886638679812        1.4837126122024353     
  -12.041442448681268      -0.91603987360401473     
   1.6371904159386634       -3.5269835068792230     
   2.8156755960752098        14.710552816062650     
   7.0286490960626109       -1.7933488859057998     
  -4.7484199855855485       -12.676416278778818     
   11.543385030385934       -4.0053348826986381     
  0.11391421287781123        2.2435166507418134     
   7.9944737497941558       -2.0448275841114851     
  -6.9377674775263953       -9.0271671300356182     
   14.528510335912491       -2.2369089611179480     
   1.3931057923879040       -10.281082799355248     
   3.8407947824851236        12.719614872400282     
   5.2808275913581557       0.52906838989126492     
   7.7102679746765270        13.102995393278428     
  -6.3900175437217150       -4.3682046870425006     
  -7.2317788908608884       -3.2016171496383561     
  -10.132123375380555        4.4718871327368008     
   12.827070058661359        8.0970528756605891     
   6.9718990767122699       0.60726617849103670     
  -1.8589370345188492        10.147964794743590     
   7.0549481804703760       -11.843120430552354     
   11.837837790792479        3.8735392690746191     
  -4.4529998312565482       -11.619098456781982     
  -2.4724770481610339        5.1246909181676719     
  -7.3760563222636248       -4.1893229832445229     
 -0.33884666931188584       -10.451543004337239     
  -5.4906434753003159       -14.289483044009307     
   1.8697037557869969       -8.8427607478750154     
   8.4116554226156008        9.0467660890854980     
  -11.389065807683933       -10.231844593397707     
 -0.98410652394202236       -2.9426043032513749     
  -6.2636905922520496       -7.1450016791776276     
  -10.857945349559500       -1.5144992431632647     
  -10.495628088934383        2.5161943715784898     
  -4.5084180028943877       -9.0766118617295035     
  -1.7015507618811874        14.695755775946113     
  -8.9758797196704929        1.6956012241922414     
   8.7173492120448781        1.6082827917577183     
  -6.2461371313312695       -3.3698673098739649     
   6.9541072215014639        7.2972895243985088     
  -4.7078683272797770       0.83475013649012508     
  -13.249685502439066        7.6690459977326002     
  -7.9351848914940524       -7.0412312671118391     
  0.69217261270011143       -11.755027896434472     
   8.9568263071754242       -11.616911468700668     
   10.230396076075118        7.3880383197018924     
   11.452037084556437       -8.2757663062225912     
   4.6023482670643352        5.1313782223722102     
 -0.16129184799993573       -5.1852907172873532     
  -2.7601258736243595       -2.0535390684617703     
   10.372503220391684       -8.1797817528402774     
  -5.2391031788078077        9.1940424099733633     
  -8.6740841327339773        2.7950735893706895     
  -4.0412236098017873       -14.767659224859800     
   9.1905082157374753       -8.4941279546581132     
   11.601907201251716       -6.8004873216392552     
  -8.2742163190622655        8.8426192389364662     
  -6.9703839651173460        2.3185219300123938     
   11.374797536212402       -5.8267516761418277     
  -3.0538612668985867        9.6954085527842970     
  -7.1330241954791216       -7.6354764738042755     
   6.4428029699660057       -4.9752137182885008     
  -9.2526090326352044        7.4388481495458949     
  -6.8789095492777932        8.8492848556585137     
   12.719447835990039        3.4090501515199580     
   2.5456938535662745       0.99682988714120802     
   4.9466324106808344       -9.5524223332289981     
   1.7059858734165418        1.8461130841301998     
   8.9790133749429817       -1.8750990681030610     
  -1.2723268717308904       -8.0970184078519321     
  -13.475665274144001        3.5680712470664595     
  -6.2645395060514479       -8.1454872764832142     
  -9.1322417471776429       -8.9633942226341414     
   7.9612503019256051        7.6464018923003998     
  -10.079183269892534        11.341590914032817     
   8.4747199984367327      -0.98582873979478747     
   5.6386689806818406        5.0893329473567350     
   11.837855952214230        7.8987791393367335     
  -11.610389403230307       -7.6044877466998146     
  -5.0237887942442701       -6.1989494435310792     
   6.0365558160389714        10.797678474313718     
   1.6786411138059483        7.5622402781756115     
   3.1263132992649805       -9.5439184470623530     
  -12.404502739767919       -4.1582987811733512     
   7.4418668774293142       -5.9891717958807620     
   10.781850206449795       -10.870526695554179     
   4.3985806675809984      -0.10545443982711300     
   7.4325929711989405        5.5863873392487591     
  -1.6013430406194433       -5.3893170523261302     
  -15.271834639932134       0.43281721970367848     
   12.266822118480054       -3.2430202970555295     
  -7.5671500582570941        3.1152727595092253     
   11.486884064267960        9.5625842008456594     
   13.824224620945929       -6.5797853995781654     
  -13.089657935572401        6.3855176511107681     
   7.5512951470345540       -10.033631770934660     
   3.5153355321986592       -14.848212162730334     
   9.7299733932347525       -4.8992414353920939     
  -1.0446820195406159       -15.275413120743710     
   9.1657202687566706       0.21900051537407397     
