   4.3704401594492568       -9.8012401657716524     
   14.545225728286603       -4.3060866159405737     
  -8.5618524098703421       -2.1929535740086474     
   4.9678039336385904        8.4893770296045865     
   3.6622496544976344       -10.239289106185449     
  -6.1407130517521482        1.9678451915482649     
   13.893714469104339       -5.1036261619880028     
   6.3005055992652252        7.9052012466119397     
   1.9963732393167162       -10.972516678372989     
  -6.3672115622215948        12.817679515936950     
   5.4872863316302141        8.2252792663399585     
   8.0371729448036309        11.931662720491993     
  -6.4177926229499960        8.0032810650923967     
   13.544628221512244       -4.6314768976170644     
  -8.4899941496621736        8.1243479601796134E-002
   12.918244945029182        5.6421414385864814     
  -5.6165134644694934        6.8318636621143689     
   11.898876801314875        5.6936977095000501     
   5.2426822906837378       -2.3662717426624460     
   4.3609211495236337       -10.836671424310769     
  -1.6456198590773792        3.8547379243465905     
   3.3856952537778140       -10.828707325788404     
   2.4745117604046785        3.5108859763772435     
  -5.7265138660956376       -11.790969876331504     
 -0.48045621717253978        6.5025235845672302     
  -1.8909783944226271        3.5969303265001735     
  -5.5138662108987235        7.8612904212838526     
   2.6624787913429557       -11.592122736460697     
 -0.53499617338982219       -13.198054366123813     
   13.300125377951769       -5.6486502272378241     
   3.4626516048837019       -10.245818700627160     
  -1.0033448750414724       -12.259381319367634     
  -7.9108940193027770       0.66558547702784199     
   2.2473955232237827E-002  -12.405145538180435     
  -8.7824626476215304       0.84803297923906729     
   2.1565272209151876       -2.0654925700928404     
   13.311251760378074        6.5835061527965113     
   5.3174381105656430        9.2480196940078088     
   3.1414694980817468       -3.4134138977903974     
 -0.88919145053221793       -4.1834008791905566     
   6.0207859658570451       -2.3337258768828666     
  0.46501684352459149       -8.5397046846590268     
  -12.143772107131323       -5.9765330757559623     
   14.330173950126754       -5.3229503382440466     
   10.273415067276868       -10.070720158539238     
   6.0246688924861642       -3.0748627510757762     
   5.7936738206438143        8.7068990629501037     
  -5.7068622559950564        7.5221727172269084     
  -5.9875000785037615       -5.3822086933638245     
  -8.3760308231947409       0.35393227625191448     
   13.704290789396468        4.9419534331948496     
  -9.2843434025321798       -3.5044329366688980     
  -7.8359578522418243       -12.448508940193092     
   11.603415790588562        2.3835488301625829     
   2.1614436407173163        2.5714243800384957     
  -6.5364260387580080        7.9943412198683381     
  -11.823171413396231        1.1642220525152429     
  -4.4623098977363638        14.645681178457389     
   3.3984329575185157       -2.4165824491941539     
  -6.3379175342873495       -5.2938240221224762     
  -1.3362301881770531        4.1292140534035173     
   9.7606864727206393       -1.1150431119574615     
  0.16949292555378270       -12.996792630407942     
  -12.122399169118435       -5.5855908998822219     
  -12.018621611491350        3.7001049981714011     
  -6.0924055658491039        8.4506508981162973     
 -0.89359098820100158        13.507751862993507     
   13.399986766537653       -5.2294019368222466     
   8.6947709678160230        11.223903120858367     
   2.4927332910824838       -1.9473509266539262     
   2.7053831252467777       -10.907990128663066     
   13.542320622644384        5.7333868343768186     
  -12.380987422261200        2.9720084317168713     
  -6.5682945329765943        6.9525258519935278     
   4.1856987498735698       -9.8172442680457763     
  -7.9672972414208330       -2.7247047699687750     
  -1.1905510861790225       -3.7285866888393477     
  -1.2060391561219088        4.7726931752801649     
   2.9836523554389265        2.6265950978888171     
   8.0789345362921878        10.898588949287843     
   2.4412490384582881       -2.8367106930972108     
  -8.7086273240227356       -3.2244294254975232     
   9.6730720005564095        7.3747973878299815     
   4.1643321008988083        13.636910389382212     
  -7.0543043817105993       -11.795565866157498     
   11.942459389542510       -4.9095409622511017     
  0.54213597776544331        14.591665636557504     
   12.682560978040062       -5.9841840605011880     
  -6.0399932294423113        7.8069327650178435     
  -11.238429174464578        1.8076297711146849     
   5.1477801864966519        13.931485618585546     
 -0.90189889650598809        3.3418802312978233     
  -4.5165972904461844        14.216497716773366     
 -0.13262365717938668        14.967709004697793     
  -5.6548407739831639       -5.2386289497188416     
   6.1915082517017881        8.9514401961836736     
  -8.3545717446750594       0.93823809009730919     
  -8.2894922774499609       -3.6992303246148213     
   5.7085462287826392       -4.7310544683337827     
  -8.7690342892826012E-002   15.050645499034713     
  -7.2588564385964700       -5.7559871610332003     
   7.7335948917580639        11.622536806645410     
  -9.3279591434355886       0.72741476253273574     
   4.0271294474750245       -10.531954687074803     
   4.9824624406718820        10.218794024428563     
   9.9045620219926178       -11.034235295646679     
  -8.9314234896382114       0.40084024547025249     
  -1.3814363888381413       -4.6157828966990619     
   3.5841605718836993       -11.056673145956895     
  -3.7173580117714047        14.044204092918156     
   12.512618948923132        5.9491143471988268     
  -12.329795681676799        4.7292855693042046     
   9.4499283586578766       -10.590454999575147     
   12.383484543375275       -5.2139244970380805     
  -4.2488464911276216        13.299922982212065     
   2.6952350442306621       -10.570063331802316     
   8.9123647148454133        7.2298354410336589     
   3.0728748194744644       -11.823445674239473     
 -0.60302871809818392        7.1306705464520324     
   8.4887860496745748       -10.796084610730556     
   2.2299236930881192       -11.481325973395183     
  -6.2976323720179810       -5.9528059051389173     
   12.825420544894225       -4.3665740219673594     
   3.0531875064854264       -10.901409212668016     
  -12.278292529026444        2.0977569570738330     
  -12.008756443642744        3.1763927542115269     
 -0.70882744282468979       -12.465241091721229     
   9.9469611297792255      -0.29826901556569752     
  -8.4905051431251870       -3.2217407217009293     
  -2.3701427520894467        4.3101531795124473     
   2.7707512838487887       -11.394778213804024     
   9.4932235938280893        8.1129151659194942     
   9.2942823265996619       -10.336208836745691     
  -8.6152021946421531       -2.7149024094006302     
   7.9570750994289634        10.562903584373901     
  -11.159748646374497        3.8678240619076720     
   12.305020107084566       -5.9142247983134428     
   8.6295320922894554        7.5970713344565519     
  -11.713016877507457        2.1717881122045375     
  -2.0316596460083840        4.3531640427223426     
   9.7782093552169019E-002  -9.3837418928116119     
  -1.3273550862163237        7.9169680401833649     
   8.6119537525003977        12.212186134931985     
   8.3126603068684748        11.342424783003045     
  0.70877413683094659        15.272681006513244     
  -5.7974092788580984        7.4976726217834599     
  -12.065111777773657       -4.9106918255732310     
  -12.818112087664714        3.8576627227158502     
   8.5386872516175458        8.1919270639330559     
   2.7779172141620170       -10.354442275155478     
 -0.41010938570630356        7.5413744388948274     
  -11.442247938668226        3.4173760093578043     
   6.9970389198861511       -9.7639914282570555     
  -7.3195194405466051        12.411866619768722     
  -5.5302129081899265        8.3969395777309916     
  -1.7975589895486448        4.8286540665740310     
   2.2314966533673148       -2.9023530977226955     
  -11.617393022050463        9.2006174555907645     
  -5.3805877332059708       -5.5306258557799648     
  -6.3064672173382297       -6.0237784105385010     
  -6.5804876391412757        7.2421802251046739     
   9.2583622447318401        7.4883277886044155     
 -0.98624503508778771        4.2025695183276337     
  -7.0816280336132094        11.375490156523172     
 -0.37502436357765212        14.167552583132101     
  0.29712960821083895        14.437116305769012     
  -6.5918325068713699       -4.9923122189563465     
   12.575036954371301       -4.9564410954845810     
   5.0655273719763798       -10.292668859262218     
  -6.1400057283899860        7.0618928259831728     
   7.4403161080565301       -10.690187163448821     
   3.0552120942909986       -2.5978406092485011     
  0.62163255102806259        14.272722547557276     
  -3.7256131003358450        14.189715129222691     
   1.9411528736365078        2.7001790942077974     
  -12.183184195946682        3.9531102860161376     
  -12.957293405218802       -5.3577330378750956     
   10.961495517245284       -9.3382280421989723     
   6.8606306072833991       -2.5569537139314202     
   12.752194861844004        5.0681121855166005     
   5.3877828848457803       -2.9639819582862761     
  -8.0794745098953182       -11.548978925956444     
   4.4536159758671454        14.455707715538139     
  -1.4637733934813000       -3.6120656740680239     
   5.5689690042726960        7.6783846991190146     
  -9.0072683670341984       -2.4809184103413964     
  -6.4928825645739341        11.871890886214279     
   14.163281737674280       -4.5274166016169710     
  -11.911445841367252        4.0544735086467423     
  -6.7544112450579608        7.8429248062645938     
  -1.8661229468653333       -4.5265803583678670     
 -0.10957613220967422        13.966597954812929     
  -1.3135048797213627        6.9621408050005487     
  -2.1912720161909385       -3.9188383710721837     
   3.3815677609134966       -11.235694063597119     
   5.7623295208289322       -3.6984213906990515     
   9.2266317865773928      -0.81594147119447791     
  0.90633097427601272       -9.4950648038513865     
  -9.4603803199740355       -2.7035428804707569     
   2.9169487705698334       -3.5682623762567767     
