  -1.4879320372686042       -7.8186219491647497     
   13.765152925595636       0.37320955753936713     
   2.9539586251741401        1.2071992150732367     
  -1.8480014288512148       -15.199351935409810     
  -7.5815368298835821        6.2573632460346262     
  -6.0461188143822886       -2.7088945092435699     
  -6.4178063334666335        1.6369294518955937E-002
   13.394970241908391        2.3277316856490038     
  -1.7111406595075580       -9.7612510455325889     
 -0.15466102884778876       0.33445748759915722     
  -8.4734805577177532       -6.9947141438535487     
   13.127932658193847       -7.4529091992502607     
  -9.1927019667667373       -9.7520473241443479     
  -11.179776538537538        3.6226784263878415     
   10.061153476420156      -0.92850892983383460     
   4.2527393733233225        7.5738780164108164     
  -12.234521379979199        1.1006612412509866     
  -3.4512869425430495        12.834749673009700     
   4.2177530705963635       -1.3822363879123365     
   11.452353104631280       -5.2517863588914082     
  -9.2638566185320439        5.9278911837206776     
   10.460527492823692        4.6233480886564173     
  -7.4890980444919126       -6.8056846722462403     
  -4.4525870440244804        12.771610118848150     
   4.0337159182774318       0.47397649665855690     
   11.547015147562265        1.6876969247545395     
   5.6989374294796402       -14.209715338384662     
   2.8210870403742137       -14.498631943102914     
  -10.550937410156646        8.7019804890617589     
  -3.3858747465698742        4.4645904541988219     
   14.891759070065518        2.2450306508554210     
  -1.8310765849999986       -12.608604276957793     
   4.5144407877171666       -11.233751362401918     
   11.769740717061627      -0.74001352451996627     
   5.7375132066162937       -13.185387748036767     
  -3.3425506242239553        2.0086130181757049     
   2.5320003564556632       -7.8127980610917511     
  -9.0766858204872651       -2.0416847450245763     
   3.4567315437152235        6.1872386537373583     
  -3.2731669050344987       -11.158400899230301     
   8.8340567028625134        7.0274717372682050     
  -1.3732712902991180        1.8700348896832804     
   4.2354003098691129       -5.4766031505909076     
   3.3813948398487814        3.6007605525112574     
  -10.694264128614348       -10.950204261323648     
   8.0166661590826802        1.5968651987425022     
   9.5591744052095144       -10.181241809972411     
  -5.9957311874719821       -5.6663795350027772     
   6.2688445033792934        1.5511681402149895     
   10.912116499370146        7.0253563405026362     
  -2.5042903899883115        3.1155688717350967     
  -5.2454710933285753       -8.3728416983314471     
   12.063532385979022       -8.9237160906428521     
   14.324086040901967        1.2011621949420499     
 -0.68584265401347133        7.7284294890296081     
   6.6211147066554021        5.5769825630893752     
   5.2312362169962014       -4.1507209518481529     
   9.8960731519447069        2.8650923422007839     
 -0.50280278155557689       -3.9208268928404868     
 -0.46979378070550804        10.838930630132307     
  -2.3333422935993799       -11.683281397342158     
   2.5293469409362874       0.25819970067888492     
  -8.7856979421655303        7.0758300186008167     
  -8.4018019600862335        1.8895487986527271     
   2.1991963353971791       -10.175353823757909     
   9.5634008699511401        5.0592973914556802     
  -1.2160630118385727        6.8763518415817222     
   9.1274448609309733       -11.082176197681132     
   11.127629174626270       -8.2647428494670727     
  -3.6047198232561075      -0.49591494899072530     
   2.2882927709462466       -1.2730043381227689     
  -4.1012743984586475        8.0265592545676387     
   14.540854890568916       -4.7953523076896403     
   8.3050420262690263        11.928130149854912     
  0.97727472000843307       -14.928453435447045     
  -11.790527722783239        2.0219967304360731     
   9.4973529514372217       -6.0410768484187721E-002
   14.520241864388099       -3.7491569589618932     
   5.3601205710659832        10.259308401581748     
 -0.17057514369187263      -0.66765894194092257     
   10.182515122019041       -8.5692794437576971     
   9.7801361044337334        1.8741665033022690     
   11.350547196707618        7.9955212991800346     
  -4.8294020927147159       -7.4545972092169457     
  -4.8184360757792115       -9.2968463463087812     
   4.2709137042249372       -9.0572981788869100     
  -7.8730318621657291        8.7844381425943521     
   7.3713321642332987       -11.117642411142473     
 -0.15305964764339222        6.8269686235310774     
  -6.4831523420100297       -8.1897223502505980     
   12.409888074341465        2.1924505110045747     
   3.2770176027558184        7.3595980213469820     
   5.2816030697351959        1.7046812084738001     
   4.1201893737954061        10.374308052408303     
  -9.2967673631170857       -8.7480187094295587     
   12.361522174964533       -4.8172268540569725     
  -3.7646219039419364       0.48822275718712344     
  -4.6084095060654002       -4.4944391120114689E-002
  -3.1468744547155745       -4.3918664792412105     
   1.3451323921738947       -4.8599418324327424     
   10.991725047835137       -1.3658149784792115     
  -4.9765374056500171        2.0016239841649024     
   10.918699069170264      -0.18830528461028948     
  -8.7884309484305856       -5.4367277021467517     
   10.717583794719511        2.2474682892964650     
   8.3722478623232472       -2.0181148903133690     
  -10.220282605937053        3.0667158150622669     
  -8.8662257583123729        2.7886377416061228     
   11.573425999111087        10.022920217487194     
   13.684675748241190       -6.6211950349988449     
  -7.9478640734945181       -9.1941763718964609     
  -9.6200803736420202        10.171054395294563     
  -9.6780351547589003        8.2169992415024797     
   12.741864057067119       -1.7564593302833476     
   10.138536574124831       -3.1533755877368668     
   8.0676801457293603       0.55245338725535142     
   10.781952777012471        9.0102703558921071     
   8.6556634786222499       -4.7477539337275809     
   11.153620421740204       -6.3443338841068710     
  -2.8415687837969088       -8.6915644510089738     
  -4.1890507381397715       -11.748303479561963     
  -13.086292045062178        1.6140968109090947     
  -1.3218615232679898       -11.751209786089330     
   6.2008195390024641        4.1382963689859942     
  -13.454145977886764       -5.9010160619553931     
  -12.948530713618364        3.7013214458435511     
   10.994357188937791       -2.6390514064285369     
   4.1130884312423959        2.0305609677982588     
   13.919632901816541        3.1716417334562630     
   5.1787785597794365        12.089006686904755     
  -7.4865093179251758       -10.080624928339498     
  -9.8753810950417904       -5.4908194032313817     
  -10.291213570159725      -0.54105269949897361     
   5.7033022946165222        7.8317199406222642     
   7.2146988535207539        3.6147811255336483E-002
   1.0401337338015280        7.8521510553375293     
   9.0590228025881583      -0.95494993638561887     
   3.6236578349170081       -13.888791292746284     
   11.775464462739837        8.9078647947081269     
   3.6363073060536766       -3.9391452097801980     
  -7.5239964334783460        11.712402073446583     
  -12.877338708282197        4.6951769102325986     
  -13.961380574953539        1.1308856142655672     
   1.4364817333997426       -5.8524864096854312     
   7.5465122678512015       -12.272403751012080     
  -8.4218321119732682       -10.451707846647608     
   1.2217730743142488      -0.21533046496527589     
   11.760661845906295       -2.0021372445129635     
  -12.574284049150220       -3.3710973704315430     
   6.9163219099463431        9.4287490043241533     
   3.3391743300776158       -7.2105899358507752     
  -5.0578837819220599       -10.577970236780315     
   7.4824644549110424       -13.312996158778194     
  0.99795126044154248        3.4720060690327466     
   2.6703326358998463       -12.099213899702981     
 -0.31463737456147695        9.8535336281346950     
  -4.3745338336443806        4.6093636615133020     
  -1.5813344622025280        8.1760639378202491     
  -14.222958163551951       -2.5861853663027534     
  -3.8409918192910317       -8.6191557474317122     
   6.0712804094638768        6.4119782230507356     
  -1.8330330304906277        14.865521289190561     
   2.5153610304998422        4.5613569530715870     
  -10.265477283956002       -3.5518830516621391     
  -5.4922539091370544        3.5718708336682710     
  -12.517435890600687        5.8084472575486679     
  -4.0706438360780739       -5.3594650507318295     
   6.3278245026876494       -2.5773553696287888     
   1.7611927382737260       -8.4673358041822251     
   13.539980432786445       -5.3198917371364374     
  -1.6291698582180374        12.107369954003323     
   7.1888851552617767        1.0325299502185585     
   2.5568739442094448        5.5662208543887335     
   10.055735357951324       0.76677443604084539     
   7.2852913110489546       -7.6784087682000495     
  -6.9849643583597265       -3.3952675953549254     
   5.5558543890506078        5.4698803292794276     
   14.050125319074553        4.4459419785355347     
  -4.4924675388981967        3.6206109470714711     
  -13.225176249804260        2.7385598302585197     
   12.762313448196553      -0.67702466105252768     
  -8.6529271278731983        5.1280964016304127     
  -10.972307810377156       -5.5593210412996230     
   5.3396097153081872       -6.7882718604028378     
  -1.5693044237558913      -0.25689882945477699     
   3.3072375699016070      -0.94161624571564928     
   2.9302342437318260E-002   1.3163780617167498     
   2.1616300705481382        11.739801230590794     
   5.8556340023670668        8.8586510988656944     
  -10.306622115049302       -1.6237345683085378     
  -3.7931005808830078       -6.9539903614071408     
  -9.0336420842299816       -3.6655715447544739     
   4.3266033084795170        13.697126121068299     
  0.88015191194440257        6.7583322532862553     
   12.671395010138516       -5.8324769371923901     
   11.928159151127140        3.3298632662742507     
  -6.4791536896928648        4.3247509211530701     
  -13.183596635821232       -1.9258661076606203     
   1.6090166914328179       -2.8796833604258905     
  -12.734832826980403      -0.81605039534003787     


