   1.7250302038019716       -4.4833947200738153     
  -13.017091879480656        2.9095733220727218     
  -5.7329572752958669       -13.462500470895369     
 -0.48796452460804834        13.023257325539348     
  -11.919088112413727       -8.1665962949841120     
  -1.2854594275346998        8.5651924142011850     
  -14.117099383265382        1.4966100140915468     
  -12.670523738858128       -6.9733491753002816     
  -1.3697067547486623        12.545216187902490     
  -6.2137652169330071       0.38558721547945901     
   12.426540194671032      -0.77936633611206640     
  -4.1525533631642935       -9.2643292314837460     
  -11.167638247825614       -9.7585389439084125     
  -1.8950990674502828       -2.2543625277811112     
   13.360534731562327        4.3880448900639424     
   9.5130868825361699        5.0577201851917737     
   15.311032970342188        9.8585184874908447E-003
  -13.364138356996294       0.83220942958925037     
  -7.4184622683452366        7.2832031511769673     
   11.513613218814502        1.2467363887885143     
  -8.6454656804363221      -0.82492178421785445     
  -9.1629428206930612       -10.991371366343426     
   1.6308630481682100        7.1616186303537157     
   5.6722598882190445        7.5019324537438017     
   12.777275568905500        3.5837004814485232     
   14.960639123715346       -3.2557477871696352     
   1.1394184847743734       -5.2886256562716616     
  -4.7046220323099446       -3.3367511884359362     
   1.0376751569903822        11.381447948698908     
  0.45017866466667483       -8.2235809657222809     
   7.0389637798021791        11.768128084436860     
  -9.8251882298471536       -1.7252087742583284     
   1.0921128420427617        1.1715869166394481     
 -0.31169188834924244      -0.61388707702040846     
  -11.611045777397344        9.9743757822404220     
  -6.4242594568795743        7.3352691531246057     
  -3.3170457066943086       -8.1785919301969692     
   13.977528494589805       -3.0914567919041964     
   13.976079586524182       -1.4399686503710025     
   9.6567545705047593        11.881957676024907     
  -2.5288628982332999       -12.009756515007654     
   6.6663819703645091        7.5983838881201589     
   10.839770708846697       -10.626651197286867     
   4.9001784870871941       -12.431501842121319     
   1.0582450190525423       -11.599600043611570     
  -6.3940507434250078        6.3387335993905287     
  -4.1231534747322174        12.070368769481156     
   12.486001414789641       -7.4387503569889484     
  -7.3206193410214695        3.9486349319475003     
   2.7586041931441123       -1.9174297367025497     
   14.459382453170102        4.0244756494917464     
  -1.2369885374376708      -0.24378382596670897     
   2.8862567176076168        2.8922383551902313     
  -7.9347776187980692       -2.3897139217781760     
   3.3219553073729076       -14.944959409255961     
   9.3758520129855345        10.508031675356106     
  0.84229052111930347       -10.095769514474870     
   12.574951656908167       0.37793168716601266     
   5.1199065690691743        14.428090939869348     
   5.1602728536784372        9.2217077805867440     
  0.75716347511607074       -1.5813231345703909     
   13.508896844420523      -0.56104970109547359     
  -10.362706186822759        6.2110420951283274     
  -5.1274666806971396       -1.4223909739838223     
   7.2931669894686797        6.8223546991975521     
  -10.684917781217489        4.5032410581667373     
  -6.1004865583869679       -1.6524081573239418     
  -1.3821267697278543       0.74162405863974690     
   9.7969673918811129       -1.4422474814483350     
  -6.3200691839916594       -6.9560952148388839     
   10.289924393191642        5.6867779287142470     
  -3.3272665690287062        1.4578690618255574     
   9.2161820231789875       -11.260334856138741     
   10.911262827654614        9.1757894478539530     
  -8.5929124186525510       -10.159208313334277     
   5.7219225461005383        3.4476425447306749     
  0.11696329126934392       0.96474926199126942     
  -10.580080105709438      -0.86155464862081044     
  -5.8195690357134247        3.5455915528356008     
   9.8572590314801705       -8.6780789988044269     
 -0.96313438244210026       -12.582709615584282     
  -12.015325324692304        2.7659937399100452     
  -6.5716538782701974       -11.359087404142366     
   6.5584991269956792        9.5579446204580272     
 -0.51310905201404278       -7.9705331306653004     
   14.462374175332057        5.0202387079004360     
  -8.1788173653464469       -6.8278159533437561     
   8.3177231337105724        2.8666130879649434     
  -11.045855697512156       -7.6595847301973601     
 -0.95651462940286547       -6.0223369604743180     
   8.1578450295578211       -1.7970769660878594     
  -1.8935881823726399        14.473129499923605     
  -4.6114222804612188        2.2260052157283843     
  -2.1521998900479224        6.0558317434239113     
   2.7571986211696200        4.8816721782369514     
  -5.0431216016800882        14.123414715655899     
  -2.0549859156271206       -1.2361229551669470     
   1.2955167814888302       -3.5810626837709068     
 -0.52245640366679669       -14.454881709937570     
  -7.8069214027949956        3.0738320723459442     
   7.5552710364994784       -7.5718971662785766     
   4.1822787794342240       -14.436948306668503     
  -10.460329631130246        1.0989331144505645     
   8.5468253674120831        4.8138136696066383     
  -1.8742103880170207       -14.230193310965317     
  -4.2355595229525340        7.0864309139318244     
   2.0650474111379071       -6.6397249053330878     
   3.5029549590151112        11.179116512386850     
   9.7842389204335962       -3.7580911797872534     
  -5.1069179645850831        6.5986359545506845     
  -1.6612503428875698       -7.1492201680130663     
   8.0730800733279473       -8.4266255086092894     
  -1.1374314429668240       -2.9191527135973794     
  -1.5997411838484970       -8.5126768516183109     
  -7.5740239505977396       -1.3860286151820052     
   8.6733521725562959       -3.6743457588895270     
   3.7055603889353694       -11.431022436863898     
   2.9776911485877156       -9.5861443833162703     
  -7.4605670915032576        5.1419765771346428     
  -7.9238537718032287        6.4236414760301690     
   11.525895114916315       -9.9051888720969021     
  -3.2558848845033608       -12.957474395201295     
  -5.5304403383783862       -11.632231849300727     
  -2.3957442716507282        12.279300442306495     
  -8.5336895228392589       0.87960899792618530     
   11.291962426427855      -0.53204016570004720     
  -7.6519803613554211        1.3934487294299320     
  0.30332288474305702       -10.945784456029196     
  -1.7015169637611611       -15.216361399941210     
  -4.6671237819429008       -12.168757412501872     
   4.6803917833759101       -9.2510055323905735     
  -10.725105750974658       0.13644886835895351     
  -5.0843127872678977       -5.2708444384255504     
   10.740145964249423       -9.2683718489137448     
   12.901011240875778       -1.7919772911403946     
  -2.2660155422762243       -13.253145844229687     
   9.0958267808567523       -2.1626638989254441     
   5.2671674959522017       -13.701579001214709     
   8.6449704483005192       -7.4878341167119977     
   3.4117439180025597       -6.2411006256138100     
   2.7571124367335660        3.8825675567146130     
   7.0688520350233031       -6.4044806540220671     
  -6.5654745878045668      -0.73917715563530950     
   12.194934023584006        4.6346991583602337     
  -3.4310826379353054       -3.8938655625952174     
  0.34612973696089055       -12.300304112287050     
   12.810287932321208       -8.3840206234030834     
  -14.278267498664823       -4.6158988885051491     
   4.5336548222949853        10.001092909239834     
 -0.92368114745914309       -9.2484952378223717     
   11.900478923722140        5.5915031714200021     
  -7.9759807442437003       -11.598510206990028     
  -5.0451579023065118       -8.7401107722660463     
  -2.9995395421745799       -13.925955242883269     
  -1.5266178554570566        3.4803707484800066     
   8.3538611535168457        12.198484024404783     
  -9.5474442951194227       -6.3673231328781315     
  0.30414552844871451       -3.5015414418004642     
   12.606683158368014       -5.2929843539807724     
   8.9371877549476437      -0.93439375132924640     
 -0.70010161502767831       -10.496457697144503     
  -12.176901510975737       -9.1284580959787593     
   1.0119640797704959        15.273993705819159     
  -12.312071240303588       -3.4197057928736885     
   11.163625902899120        6.3551840010382685     
   14.780104970662949      -0.83999824703033532     
   8.1858218698699741        5.7503179577685559     
   8.3288273289254295        6.7363985574387417     
   8.4042478305780470        7.7310978243104778     
   12.166001151041774       -9.1392419766211166     
  -5.6619841540515825        5.6548472420730613     
  -3.1658469507990761        10.714563787124355     
  -5.5044946738692282       -3.9365710893210979     
  -4.9262720559707720       -6.2572164009282982     
   6.8116848182250074       -9.1667906673235713     
   2.5540692832809664       -3.1666590850221272     
 -0.40976978761174443        9.0460820211008830     
  -2.7104968492973240        5.2336233680453699     
  -3.6865464589241870        5.8752784597361680     
  -2.8748911978686866        14.011488351672932     
   2.0340560152121010        11.473866238466655     
   7.0686081809966677       0.27906652528634474     
   13.334069137254550        5.3865801682885284     
  -12.683430310918713        8.5556857564492805     
  -6.7344682299754135        3.0380099584841020     
   4.2914869404528595       -13.445455099804303     
   1.4275793540876602        4.6792744870623055     
   8.3366254308341254        11.198784199224390     
   4.3265216604305730        8.4940979461571953     
   4.2573211280297576       -10.252812901470996     
   4.6979087104471287        1.1526382813212528     
  -4.9362891572891101        11.485624904739169     
  -7.0247175403095108       -7.7595147596942118     
  -8.7765555817312553       -1.8306107526878719     
   3.3779231365255051        14.116486764636628     
   14.325755467593043       -4.0275114027603038     
  -11.897632130827944        5.1876633300050852     
   3.0144598312220965       -13.455392664804123     
   5.6048405667219603        4.4427103166284825     
   2.1554780644828035       -11.461982902335416     
