  -9.7380433211478670E-002  -6.0073408809279520     
   11.532517777437951      -0.23374374011362836     
   2.2135260747951442        1.1993641904199366     
  -1.6365117172218449       -12.301460791899260     
  -5.7703255695204270        5.2435172880261867     
  -4.5236049650975687       -2.3776658046844004     
  -4.8072241206883248       -3.6622510449964008E-002
   11.383621361173828        2.0594497538897087     
  -1.1603302728803859       -7.6511961879108030     
 -0.30495782237542030       0.50727548367676767     
  -6.5737827077431845       -5.6296072698562876     
   10.631962240409354       -6.3963826896909044     
  -7.4295306878398186       -7.6707561601552410     
  -8.6035556889153249        2.5313037164477667     
   8.0286407930470425      -0.56055591350835643     
   3.7770757521577578        6.2036747190285420     
  -10.422214402890843        1.0292986790799921     
  -2.8964626740562318        10.917073889602300     
   3.5200847435638583       -1.0809874588388237     
   9.1493855341280241       -4.1591964011946221     
  -6.7164116889052243        4.9186482872706234     
   8.3778306148400521        4.1873297395856586     
  -5.7116177696981678       -5.1133918200035522     
  -3.4170138825001533        10.059342082659814     
   3.4716794136553260       0.20713182889564977     
   8.9729774058883027        1.1294109172531663     
   4.1518810818786367       -11.694811057099081     
   2.3053062060742837       -11.975160222042231     
  -8.7109608595868320        6.9474567008283410     
  -2.6720357520061468        3.6683822256967615     
   12.099692899066282        2.7573790872380033     
  -1.6504932955733622       -10.586421428029094     
   3.3959824896831505       -9.1531628621176928     
   9.6625113407536549      -0.93615454380477547     
   4.2580887642351879       -10.697863294937259     
  -2.5509370983782542        1.6278212881305398     
   2.1135627720134207       -6.0779812701776859     
  -6.9626417321208329       -1.4526878927501483     
   2.7028146059576783        5.0831330041024385     
  -2.4875318984703996       -9.5281444293581181     
   7.3665474262373651        6.2327230851407291     
 -0.88801918118289425        1.4575301504874232     
   3.8181447673982603       -4.4230739516461570     
   2.9095617182027542        2.9700239762021368     
  -8.4441124381859183       -9.0892762319964557     
   6.2863941701660586        1.5035733223586443     
   7.6888962935116067       -7.8193442058382665     
  -4.9193558035141969       -4.1458984928753244     
   4.8339497124921467        1.7560174415761731     
   8.3652826472581907        6.1847819099666275     
  -1.7998525258622782        2.8042782387008178     
  -4.4575434098418194       -6.8255890820607359     
   9.7258436226557379       -7.7073726730790320     
   11.588229083767157       0.82702050958884266     
 -0.32990352253182820        6.1245290159225849     
   5.2519167971445153        4.5346367600465687     
   4.5348724238200440       -3.7264211088340744     
   7.7797557655463558        2.6729446324399979     
 -0.83696545864634453       -3.0996082792810387     
 -0.10566628235935631        9.0557936509157511     
  -1.6943978315076993       -8.7424077857489948     
   2.0025025759932071       0.22231310164942752     
  -7.0882775569789969        6.0014094914760685     
  -6.4780241238836842        1.4975561126449257     
   2.0777014818980359       -8.0043153530674438     
   7.5390594470935088        3.6435474075528651     
  -1.1135138083921778        5.4997163919740419     
   7.4569272321744577       -8.7926384131358652     
   9.2897190514504651       -6.8025318889525321     
  -2.8091157127494046      -0.68308400144601156     
   1.8470267873274873      -0.94774443621933413     
  -3.1707972260189385        6.2725355808389409     
   11.830311727911715       -3.7480874936675934     
   6.7614925373978609        9.6415190600794620     
  0.54344078924983463       -12.215898297845232     
  -9.4465636129247166        1.5148333912302134     
   7.1334486567438367      -0.11253402351296508     
   12.093151549140224       -2.7832102881118597     
   4.5110618277920222        8.0820615542705756     
   5.5379180314729257E-002 -0.59476688719550574     
   7.9660727749642923       -6.8587209282782782     
   7.8608277193484843        1.6761223289899088     
   9.3006381331406462        6.5407852025016613     
  -3.9844656102694378       -5.9450428179359802     
  -3.7332075334155852       -7.5168961782274799     
   3.9583940559132098       -7.2414671666985901     
  -5.7383690469602033        7.5215124304840364     
   5.7548602816712107       -8.3765211771028873     
 -0.16325429229963037        5.0896884659384520     
  -5.2250532584291740       -6.0779392316172007     
   9.7231372238126639        1.7924415093895392     
   2.7760391745779667        6.1650697396537399     
   3.9521380405343240        1.2838964121970549     
   3.1504602304170350        7.9002798247057475     
  -8.0917278049961947       -6.9213726711447521     
   10.052298608797956       -3.7272526125260126     
  -2.8010353801860393       0.31770919292261635     
  -3.6716770622032331      -0.17785269272991380     
  -2.5742409878690657       -3.6200362539855568     
   1.0611952305905890       -3.8361396022937937     
   8.7233386629141112       -1.2792312594290287     
  -3.7752399998758848        1.6941691482649186     
   8.9679475044827015      -0.19400969222630265     
  -7.2419138449494076       -4.8539086111609180     
   8.7666020792823076        2.1084218020517405     
   6.9126594257207605       -2.1201768799381537     
  -7.7510314907190168        3.0547181962069909     
  -7.1483065848594203        2.2408955554258512     
   9.4017838953315440        8.0984227030116251     
   10.958051170846758       -5.4491917846154490     
  -6.4500547866712123       -7.4701149634736010     
  -7.5798445763701672        8.4209867830951133     
  -7.7253248369085581        6.7733415775971579     
   10.437749830230290       -1.6606236448361966     
   8.0433796206956956       -2.9224251063229540     
   6.3115373852141365       0.45697488112165252     
   8.4844568055626333        7.1775450978577737     
   6.9334465434078378       -3.4271151915701390     
   8.8721236494950890       -5.1209135944059669     
  -2.0660024565152266       -6.6458576752937830     
  -3.4542207285702382       -9.7916930510242821     
  -11.335635943652655        1.4353476636338049     
  -1.2505200439361159       -9.6693188595515842     
   5.2169331172184217        3.3591148273633551     
  -10.801119627080940       -4.7806450164447938     
  -10.621200627285756        3.2702871311449204     
   7.9607658887861330       -1.9260245012993706     
   3.0585512610638537        1.7342890437858542     
   11.183976881386037        3.1582005711038521     
   5.1364228655043345        9.1058128796762450     
  -5.7319570336668395       -8.1676390470586462     
  -8.2389099416072273       -4.9254195750393412     
  -8.2050036562814235      -0.88551282498832407     
   4.7659447184090915        6.3615628998466978     
   6.2462880378125210      -0.57437108362964828     
   1.0059545398292489        6.2729149390509091     
   7.2397767527563097       -1.1751915524498568     
   3.1754682325446124       -11.481117644469482     
   9.9805284132044871        7.2812429170480355     
   3.2821206651036001       -3.3954115729248402     
  -5.8932529613792868        9.8175445645728612     
  -9.7678473596422926        3.7919096681472415     
  -11.739582431147332       0.52074796290090897     
  0.97641640434341004       -5.0310738226266567     
   6.6320224551777187       -9.3583858624602758     
  -6.5325981079049020       -8.7665830518186372     
  0.89854649526907127       -5.4286103018972437E-002
   9.4519719075491064       -1.9648057136725137     
  -10.516460490119591       -2.6718430513201432     
   5.7762016657422963        8.0647280102907857     
   2.9554359567998958       -5.5352826385077787     
  -3.9369779320908167       -8.7075092961654263     
   5.9769420799813036       -10.875527979339774     
  0.93731498985313599        2.7342518254082875     
   2.5269804419570168       -9.6844640368287855     
  0.34111792532195129        8.1611272474731322     
  -3.6501806812025714        3.8828601904065008     
  -1.5994442139926275        6.3790308766548582     
  -12.025812503844081       -1.7944096849806896     
  -3.0659336896130966       -6.7414271077842498     
   5.3298756755951686        5.5321768570839227     
  -1.4552533820671076        12.250486481362163     
   2.1844505565984860        3.7004021687548088     
  -8.3997767365084446       -2.9775130224390320     
  -4.2719424784740809        3.0968955121275314     
  -10.002231172437616        4.8352915145657569     
  -3.1722965737833646       -4.4889901004495503     
   5.2629264308189594       -2.4319372438552480     
   1.8251151929362088       -7.0357211437306750     
   10.935849266337957       -4.1960882410019975     
  -1.3367580650116218        9.9075294068119568     
   5.4415755052481476       0.95006111070756138     
   1.8057268607959223        4.6255311526320648     
   8.1490675136364903       0.43202683336733649     
   6.0999708353987341       -6.2542974421422963     
  -5.4047515190667461       -2.9437982242023195     
   3.2593989209316927        3.9101208196774317     
   11.165864385467113        4.1580150340012638     
  -3.2948529711335013        2.8857143008793757     
  -10.335798610981909        2.1238899873107138     
   10.622307909452944      -0.65561554649673981     
  -7.0514220417755675        3.9746293513877928     
  -9.2333725829383226       -4.7934268395993831     
   4.5379649384740546       -5.4601101300926906     
 -0.93933225089648476      -0.26613939083847521     
   2.7272046313885601      -0.46731590208519319     
  0.17760409417977743        1.3834014420902336     
   1.7108192169007013        9.6587650455689147     
   5.1361543494327009        7.2957562784303782     
  -8.0764868179472131       -1.8953858131610666     
  -3.0962039753000865       -5.4861369156126081     
  -7.4026517598222910       -3.0528386396473532     
   3.6383908551480184        10.842299615688313     
  0.86841605643029385        5.1998576685289573     
   10.122604636655407       -4.8007946213208550     
   9.5188420595600736        2.7765783121617469     
  -4.9599905428665689        3.8346383141704083     
  -11.115049987047755       -1.3776324344189241     
  0.87077782473046095       -2.2239449082613856     
  -10.132568217540479      -0.61428864101913716     


