  4    ***    0.12929E-01    0.3227486122E-01    0.0000000000E+00
  4    ***    0.12929E-01    0.6454972244E-01    0.0000000000E+00
  4    ***    0.12929E-01    0.9682458366E-01    0.0000000000E+00
  4    ***    0.12929E-01    0.1290994449E+00    0.0000000000E+00
  4    ***    0.12929E-01    0.1613743061E+00    0.0000000000E+00
  4    ***    0.12929E-01    0.1936491673E+00    0.0000000000E+00
  4    ***    0.12929E-01    0.2259240285E+00    0.0000000000E+00
  4    ***    0.12929E-01    0.2581988897E+00    0.0000000000E+00
  4    ***    0.12929E-01    0.2904737510E+00    0.0000000000E+00
  4    ***    0.12929E-01    0.3227486122E+00    0.0000000000E+00
  4    ***    0.12929E-01    0.3550234734E+00    0.0000000000E+00
  4    ***    0.12929E-01    0.3872983346E+00    0.0000000000E+00
  4    ***    0.12929E-01    0.4195731958E+00    0.0000000000E+00
  4    ***    0.12929E-01    0.4518480571E+00    0.0000000000E+00
  4    ***    0.12929E-01    0.4841229183E+00    0.0000000000E+00
  4    ***    0.12929E-01    0.5163977795E+00    0.0000000000E+00
  4    ***    0.12929E-01    0.5486726407E+00    0.0000000000E+00
  4    ***    0.12929E-01    0.5809475019E+00    0.0000000000E+00
  4    ***    0.12929E-01    0.6132223631E+00    0.0000000000E+00
  4    ***    0.12929E-01    0.6454972244E+00    0.0000000000E+00
  4    ***    0.12929E-01    0.6777720856E+00    0.0000000000E+00
  4    ***    0.12929E-01    0.7100469468E+00    0.0000000000E+00
  4    ***    0.12929E-01    0.7423218080E+00    0.0000000000E+00
  4    ***    0.12929E-01    0.7745966692E+00    0.0000000000E+00
  4    ***    0.12929E-01    0.8068715305E+00    0.0000000000E+00
  4    ***    0.12929E-01    0.8391463917E+00    0.0000000000E+00
  4    ***    0.12929E-01    0.8714212529E+00    0.0000000000E+00
  4    ***    0.12929E-01    0.9036961141E+00    0.0000000000E+00
  4    ***    0.12929E-01    0.9359709753E+00    0.0000000000E+00
  4    ***    0.12929E-01    0.9682458366E+00    0.0000000000E+00
  4    ***    0.12929E-01    0.1000520698E+01    0.2389181824E+04
  4    ***    0.12929E-01    0.1032795559E+01    0.3531602714E+04
  4    ***    0.12929E-01    0.1065070420E+01    0.7082502703E+03
  4    ***    0.12929E-01    0.1097345281E+01    0.5505867863E+03
  4    ***    0.12929E-01    0.1129620143E+01    0.4822809962E+03
  4    ***    0.12929E-01    0.1161895004E+01    0.4296735140E+03
  4    ***    0.12929E-01    0.1194169865E+01    0.4216411240E+03
  4    ***    0.12929E-01    0.1226444726E+01    0.3994237334E+03
  4    ***    0.12929E-01    0.1258719588E+01    0.3626450793E+03
  4    ***    0.12929E-01    0.1290994449E+01    0.3322155960E+03
  4    ***    0.12929E-01    0.1323269310E+01    0.3398071998E+03
  4    ***    0.12929E-01    0.1355544171E+01    0.3252129921E+03
  4    ***    0.12929E-01    0.1387819032E+01    0.3130551517E+03
  4    ***    0.12929E-01    0.1420093894E+01    0.3031656531E+03
  4    ***    0.12929E-01    0.1452368755E+01    0.3012055581E+03
  4    ***    0.12929E-01    0.1484643616E+01    0.3052640779E+03
  4    ***    0.12929E-01    0.1516918477E+01    0.3151719668E+03
  4    ***    0.12929E-01    0.1549193338E+01    0.3106811709E+03
  4    ***    0.12929E-01    0.1581468200E+01    0.3085807609E+03
  4    ***    0.12929E-01    0.1613743061E+01    0.3120800151E+03
  4    ***    0.12929E-01    0.1646017922E+01    0.3244970740E+03
  4    ***    0.12929E-01    0.1678292783E+01    0.3334849237E+03
  4    ***    0.12929E-01    0.1710567645E+01    0.3812636997E+03
  4    ***    0.12929E-01    0.1742842506E+01    0.5580739818E+03
  4    ***    0.12929E-01    0.1775117367E+01    0.6343302774E+03
  4    ***    0.12929E-01    0.1807392228E+01    0.5462220588E+03
  4    ***    0.12929E-01    0.1839667089E+01    0.5428101869E+03
  4    ***    0.12929E-01    0.1871941951E+01    0.5675415448E+03
  4    ***    0.12929E-01    0.1904216812E+01    0.6022575400E+03
  4    ***    0.12929E-01    0.1936491673E+01    0.6611943655E+03
  4    ***    0.12929E-01    0.1968766534E+01    0.7423091772E+03
  4    ***    0.12929E-01    0.2001041396E+01    0.1258532075E+04
  4    ***    0.12929E-01    0.2033316257E+01    0.9673361047E+03
  4    ***    0.12929E-01    0.2065591118E+01    0.6283186516E+03
  4    ***    0.12929E-01    0.2097865979E+01    0.5373110359E+03
  4    ***    0.12929E-01    0.2130140840E+01    0.4922985559E+03
  4    ***    0.12929E-01    0.2162415702E+01    0.4615062554E+03
  4    ***    0.12929E-01    0.2194690563E+01    0.4525263107E+03
  4    ***    0.12929E-01    0.2226965424E+01    0.4391691295E+03
  4    ***    0.12929E-01    0.2259240285E+01    0.4237927445E+03
  4    ***    0.12929E-01    0.2291515147E+01    0.4177237074E+03
  4    ***    0.12929E-01    0.2323790008E+01    0.4112973303E+03
  4    ***    0.12929E-01    0.2356064869E+01    0.3932466191E+03
  4    ***    0.12929E-01    0.2388339730E+01    0.3998699736E+03
  4    ***    0.12929E-01    0.2420614591E+01    0.3943111782E+03
  4    ***    0.12929E-01    0.2452889453E+01    0.3962254007E+03
  4    ***    0.12929E-01    0.2485164314E+01    0.3891552646E+03
  4    ***    0.12929E-01    0.2517439175E+01    0.3864076657E+03
  4    ***    0.12929E-01    0.2549714036E+01    0.3947853569E+03
  4    ***    0.12929E-01    0.2581988897E+01    0.4034647876E+03
  4    ***    0.12929E-01    0.2614263759E+01    0.4251386381E+03
  4    ***    0.12929E-01    0.2646538620E+01    0.4533420172E+03
  4    ***    0.12929E-01    0.2678813481E+01    0.5208768961E+03
  4    ***    0.12929E-01    0.2711088342E+01    0.5451234063E+03
  4    ***    0.12929E-01    0.2743363204E+01    0.5722676842E+03
  4    ***    0.12929E-01    0.2775638065E+01    0.5565560871E+03
  4    ***    0.12929E-01    0.2807912926E+01    0.5450466180E+03
  4    ***    0.12929E-01    0.2840187787E+01    0.5244175383E+03
  4    ***    0.12929E-01    0.2872462648E+01    0.5284131140E+03
  4    ***    0.12929E-01    0.2904737510E+01    0.5519400957E+03
  4    ***    0.12929E-01    0.2937012371E+01    0.5592799666E+03
  4    ***    0.12929E-01    0.2969287232E+01    0.5675726180E+03
  4    ***    0.12929E-01    0.3001562093E+01    0.6359645702E+03
  4    ***    0.12929E-01    0.3033836955E+01    0.5388077403E+03
  4    ***    0.12929E-01    0.3066111816E+01    0.4799776248E+03
  4    ***    0.12929E-01    0.3098386677E+01    0.4595288171E+03
  4    ***    0.12929E-01    0.3130661538E+01    0.4488241963E+03
  4    ***    0.12929E-01    0.3162936399E+01    0.4405017059E+03
  4    ***    0.12929E-01    0.3195211261E+01    0.4406313665E+03
  4    ***    0.12929E-01    0.3227486122E+01    0.4226899361E+03
  4    ***    0.12929E-01    0.3259760983E+01    0.4155752522E+03
  4    ***    0.12929E-01    0.3292035844E+01    0.4210647079E+03
  4    ***    0.12929E-01    0.3324310705E+01    0.4200274407E+03
  4    ***    0.12929E-01    0.3356585567E+01    0.4109894232E+03
  4    ***    0.12929E-01    0.3388860428E+01    0.4229933266E+03
  4    ***    0.12929E-01    0.3421135289E+01    0.4278374517E+03
  4    ***    0.12929E-01    0.3453410150E+01    0.4288796820E+03
  4    ***    0.12929E-01    0.3485685012E+01    0.4365067858E+03
  4    ***    0.12929E-01    0.3517959873E+01    0.4334975795E+03
  4    ***    0.12929E-01    0.3550234734E+01    0.4357990826E+03
  4    ***    0.12929E-01    0.3582509595E+01    0.4344823363E+03
  4    ***    0.12929E-01    0.3614784456E+01    0.4515147229E+03
  4    ***    0.12929E-01    0.3647059318E+01    0.4753065468E+03
  4    ***    0.12929E-01    0.3679334179E+01    0.4888432158E+03
  4    ***    0.12929E-01    0.3711609040E+01    0.4864508981E+03
  4    ***    0.12929E-01    0.3743883901E+01    0.4949649832E+03
  4    ***    0.12929E-01    0.3776158763E+01    0.4905939509E+03
  4    ***    0.12929E-01    0.3808433624E+01    0.4857251740E+03
  4    ***    0.12929E-01    0.3840708485E+01    0.4789185787E+03
  4    ***    0.12929E-01    0.3872983346E+01    0.4752944620E+03
  4    ***    0.12929E-01    0.3905258207E+01    0.4763458578E+03
  4    ***    0.12929E-01    0.3937533069E+01    0.4700611771E+03
  4    ***    0.12929E-01    0.3969807930E+01    0.4614760587E+03
  4    ***    0.12929E-01    0.4002082791E+01    0.4637107493E+03
  4    ***    0.12929E-01    0.4034357652E+01    0.4457340635E+03
  4    ***    0.12929E-01    0.4066632514E+01    0.4258768152E+03
  4    ***    0.12929E-01    0.4098907375E+01    0.4219062920E+03
  4    ***    0.12929E-01    0.4131182236E+01    0.4142991658E+03
  4    ***    0.12929E-01    0.4163457097E+01    0.4257633770E+03
  4    ***    0.12929E-01    0.4195731958E+01    0.4186686918E+03
  4    ***    0.12929E-01    0.4228006820E+01    0.4136886995E+03
  4    ***    0.12929E-01    0.4260281681E+01    0.4167472790E+03
  4    ***    0.12929E-01    0.4292556542E+01    0.4271012385E+03
  4    ***    0.12929E-01    0.4324831403E+01    0.4240545763E+03
  4    ***    0.12929E-01    0.4357106264E+01    0.4244081328E+03
  4    ***    0.12929E-01    0.4389381126E+01    0.4208550017E+03
  4    ***    0.12929E-01    0.4421655987E+01    0.4275622341E+03
  4    ***    0.12929E-01    0.4453930848E+01    0.4266084009E+03
  4    ***    0.12929E-01    0.4486205709E+01    0.4306252422E+03
  4    ***    0.12929E-01    0.4518480571E+01    0.4244715954E+03
  4    ***    0.12929E-01    0.4550755432E+01    0.4238211176E+03
  4    ***    0.12929E-01    0.4583030293E+01    0.4247131202E+03
  4    ***    0.12929E-01    0.4615305154E+01    0.4299242984E+03
  4    ***    0.12929E-01    0.4647580015E+01    0.4338490549E+03
  4    ***    0.12929E-01    0.4679854877E+01    0.4276886527E+03
  4    ***    0.12929E-01    0.4712129738E+01    0.4342910702E+03
  4    ***    0.12929E-01    0.4744404599E+01    0.4382308001E+03
  4    ***    0.12929E-01    0.4776679460E+01    0.4436087424E+03
  4    ***    0.12929E-01    0.4808954322E+01    0.4361149818E+03
  4    ***    0.12929E-01    0.4841229183E+01    0.4242451196E+03
  4    ***    0.12929E-01    0.4873504044E+01    0.4154635625E+03
  4    ***    0.12929E-01    0.4905778905E+01    0.4203388150E+03
  4    ***    0.12929E-01    0.4938053766E+01    0.4124461214E+03
  4    ***    0.12929E-01    0.4970328628E+01    0.4157380103E+03
  4    ***    0.12929E-01    0.5002603489E+01    0.4177412415E+03
  4    ***    0.12929E-01    0.5034878350E+01    0.4059890096E+03
  4    ***    0.12929E-01    0.5067153211E+01    0.4056663225E+03
  4    ***    0.12929E-01    0.5099428073E+01    0.3945603626E+03
  4    ***    0.12929E-01    0.5131702934E+01    0.3946801597E+03
  4    ***    0.12929E-01    0.5163977795E+01    0.3957116747E+03
  4    ***    0.12929E-01    0.5196252656E+01    0.3965970623E+03
  4    ***    0.12929E-01    0.5228527517E+01    0.4029523283E+03
  4    ***    0.12929E-01    0.5260802379E+01    0.4030927528E+03
  4    ***    0.12929E-01    0.5293077240E+01    0.3996554864E+03
  4    ***    0.12929E-01    0.5325352101E+01    0.3946315023E+03
  4    ***    0.12929E-01    0.5357626962E+01    0.3944688442E+03
  4    ***    0.12929E-01    0.5389901823E+01    0.3952441430E+03
  4    ***    0.12929E-01    0.5422176685E+01    0.3948061180E+03
  4    ***    0.12929E-01    0.5454451546E+01    0.3921849825E+03
  4    ***    0.12929E-01    0.5486726407E+01    0.3928939301E+03
  4    ***    0.12929E-01    0.5519001268E+01    0.3941023638E+03
  4    ***    0.12929E-01    0.5551276130E+01    0.3943879906E+03
  4    ***    0.12929E-01    0.5583550991E+01    0.3962410036E+03
  4    ***    0.12929E-01    0.5615825852E+01    0.3939748064E+03
  4    ***    0.12929E-01    0.5648100713E+01    0.3963926694E+03
  4    ***    0.12929E-01    0.5680375574E+01    0.3923580157E+03
  4    ***    0.12929E-01    0.5712650436E+01    0.3929109028E+03
  4    ***    0.12929E-01    0.5744925297E+01    0.3890388809E+03
  4    ***    0.12929E-01    0.5777200158E+01    0.3832700684E+03
  4    ***    0.12929E-01    0.5809475019E+01    0.3782294613E+03
  4    ***    0.12929E-01    0.5841749881E+01    0.3793506124E+03
  4    ***    0.12929E-01    0.5874024742E+01    0.3764018789E+03
  4    ***    0.12929E-01    0.5906299603E+01    0.3778947062E+03
  4    ***    0.12929E-01    0.5938574464E+01    0.3718109261E+03
  4    ***    0.12929E-01    0.5970849325E+01    0.3757360951E+03
  4    ***    0.12929E-01    0.6003124187E+01    0.3763188171E+03
  4    ***    0.12929E-01    0.6035399048E+01    0.3775670690E+03
  4    ***    0.12929E-01    0.6067673909E+01    0.3746678823E+03
  4    ***    0.12929E-01    0.6099948770E+01    0.3711402086E+03
  4    ***    0.12929E-01    0.6132223631E+01    0.3705846002E+03
  4    ***    0.12929E-01    0.6164498493E+01    0.3724195592E+03
  4    ***    0.12929E-01    0.6196773354E+01    0.3703046010E+03
  4    ***    0.12929E-01    0.6229048215E+01    0.3688254171E+03
  4    ***    0.12929E-01    0.6261323076E+01    0.3707147150E+03
  4    ***    0.12929E-01    0.6293597938E+01    0.3651166594E+03
  4    ***    0.12929E-01    0.6325872799E+01    0.3592059496E+03
  4    ***    0.12929E-01    0.6358147660E+01    0.3547290729E+03
  4    ***    0.12929E-01    0.6390422521E+01    0.3696275643E+03
  4    ***    0.12929E-01    0.6422697382E+01    0.3649380350E+03
  4    ***    0.12929E-01    0.6454972244E+01    0.3651663779E+03
