  -8.9760965692787966        6.2574165194033160     
  -10.206375257492637      -0.86344920350073762     
   10.747310503392820       -2.6171105867487516     
   4.1644150267099489        2.1463510540109914     
  -8.2420958769070047       -1.2166214944753044     
  -4.5864076708463042       -5.4407073357530518     
  -11.721945515773735      -0.71574489677558362     
  -8.5292905505889554      -0.25816711804312720     
  -7.5354300831931909        8.4926121031762758     
  -6.5586291299722541       -7.9967128040093565     
   6.4885943870190479        7.1193982512216110     
  -1.1180708154752670        2.2899655766921629     
  -8.1516430015759536       -3.9909549960030173     
  -7.3384100972370181       -7.3589136173309893     
  -2.4696372797916277        11.943510958446543     
  -1.5397429775807683        12.311704277965477     
   4.8347285682099512        11.429441012186169     
  -7.7741380221807992       0.40030776631929388     
  -11.744141977218982       0.58387839497134664     
   3.3788091874364272       -6.9638852640040625     
   6.8022204362436360       -5.4486740991198124     
  0.28821407003521038       0.28007890526778273     
   8.6438956114721570        7.6032849146900494     
  -4.8431453721968873      -0.16768757521462846     
  -8.9204787632459208        4.0686334868590501     
  -4.3184086746244361       -7.7332308747599896     
   6.9523430406253848        5.1139188803465512     
   2.2209255121844476       -8.5171423883401491     
   1.8092001796083159        7.8828885170548872     
  -5.8049830622778282       0.10900613965338390     
   4.0637320517859372        9.2551456999353974     
   8.9555497839178262       -3.4714646033580436     
  -2.8597453349074256      -0.86492197409522420     
 -0.33107301701754865        2.9066483662594971     
  -11.059604330464550       -2.6465520537354106     
   3.2905628100828990        4.2999884255350755     
  -4.1528203787149316       0.55528439213767711     
   7.0308709330748096       -6.4231921786128598     
 -0.21250603279082853        7.7588687639757792     
   5.7438872645457444       -4.0164891687233313     
 -0.73113648102083340       -6.5972275696754519     
  -6.7752176621481954       0.35094762298557636     
  0.81521518196376819        7.6875469130776422     
  -1.3236708660415051       -5.7141088886552494     
   2.4250143391034835        10.162565503730406     
   2.6630223910585675      -0.15879549117735542     
   4.7568953748383871       -4.1872880997789572     
  0.48155356632900881        3.4925608797140995     
  0.24591369071977986        2.0903440814803993     
   6.4549455885468383        9.8713393301934200     
   1.1384626954091535        8.6338046778596294     
   10.508018876336614        6.5993284960000640     
  -2.9313543242772804        9.0806692030391467     
   4.9601159444735083       -6.2209764838882293     
  -9.4430182731919441       -3.4629165914636544     
  -4.1383877544281038        3.7397648664223944     
  -11.762842529785578        1.5837891454362909     
   8.9502696684522309        8.5938124859096785     
  -2.4619939172286878       -5.3434974010317013     
  -5.2743300883266739        2.8487965251179386     
   1.6592202719245932        11.386764457478243     
   5.9111898789329480        3.2848740266972021     
   4.9954243127398756      -0.65184663336730919     
  -5.1466016240347301       -6.9700450651569241     
   6.7765839709198792       -4.1895567570828085     
   8.7463455876182241        3.1129926502277008     
   4.3715931734180691       0.16175024296220961     
  -8.9107983727757034        5.0799118689279936     
  -2.3337899320902036       -11.221762176639734     
 -0.15131221187931679       -5.7826451939773973     
  -5.1129819074830509       0.83354637325817449     
   4.1719378783014562       -11.481409351031585     
   10.006863252257677       0.62988796695898597     
  -5.9370051523636533        10.897368431243109     
  -8.0854902542803799       -4.9884711526963930     
  -3.7708859285391076      -0.44955657204485211     
  -2.3692839632222720        5.5693375873722735     
   9.1409350875286162        1.1345695687929915     
   1.2891534667445859       0.37058575656713783     
  -1.0042545907229934       -3.0123095604623407     
  -10.722068357167357        1.3284622034122564     
  -4.2280676296659525       -6.5699455620178986     
   3.6021066765531944        7.4426969265817329     
   10.373701835417403        3.5415706680832209     
  -3.2864860501814519       -10.916096472162366     
   2.6134417344578864        7.2867398493816582     
  -8.7209992620440353        1.7347955000908630     
  -1.3508351015936420       -1.9053794448786976     
  -7.6061216744087741        9.4898326301444662     
   9.4896843831273969        4.9906626768007749     
   11.455287650846714      -0.82490863177905982     
  0.14452836671136965        6.8249094311571055     
  -10.897094126507319       -4.8564188258435470     
   8.6827663297694269       -4.5032352400613220     
   3.4407035067721288        1.1424916204019906     
   9.7291630137835412        2.7482411171494396     
  -7.2103930044939561        5.3210191899332271     
   4.7929152406854039       -2.0555215639124653     
   6.6399996606797265       -2.1338903230687825     
  -4.8984026741325373        7.6810700904706453     
  -3.2783205775884547       -5.9213085059740829     
   11.923918926299796        1.1456890480052226     
   9.4885519581382898      -0.26785217997470750     
   11.349979083654310       -1.8196430178156642     
 -0.62798382738904746        6.1410733270962643     
  -7.3158591668711361      -0.49166206724523231     
   5.1010288403846644       -3.2473390886203819     
   2.8516294898048185       -2.9434065783170182     
  -2.0967235982378085       -10.225849425791631     
   1.5375205838987713       -10.218411573654782     
  -4.2674260858007589        2.6945063683848987     
  -2.4270931290067237        4.5492563780220676     
  -4.2335352130409420        5.8902415552554839     
   2.2894387102963121       -2.1141920374538645     
   1.1007770704938478        5.8710361410313938     
  -4.7822324718131775       -9.6306780156826477     
   7.4545478981133710        9.9160989870171434     
  -1.4303477801434357        3.8896587982925652     
   3.1714001042413869        5.4009027213046634     
  0.26256328580933441       -6.7151692859319656     
  -9.8275354158054817       -7.5586187158457259     
   2.7657872128160026       -10.030031500393459     
  -9.7889850519720980        5.5841963635488208     
  -6.8992009315373659       -8.9386452173635256     
   2.0666064641668607        5.5872451364509130     
  -10.918441252681818        2.5106626734149433     
  -3.5708672099300727       -4.0034767096170336     
   3.1061897458608225       -8.0327271560389075     
   7.7029359094425667        7.0779479747080964     
   8.2886912743977739       -2.7199960835124410     
  0.98102388807283869       -11.361404571807846     
   4.3080944032657191       -7.3463562317430311     
  -7.1482454173849375       -4.5889152601274166     
   6.8483292834219043        2.9270133885969125     
  -10.483869925956727       -1.8245335829678984     
   7.6282240755632271       -1.9697205939684130     
   1.5681724057665958        3.9220264070530759     
   4.3799075236782317       -9.6277176963309259     
   6.7131184606436589        8.8790180993086842     
  -3.4770738901919591       -8.2799502595280252     
   5.9173239389545564       -10.900370269841556     
   5.4049867608516058       -9.9144386252651433     
   1.4046008055274901       -4.0238851093593127     
  -3.3693154126233225        6.3959906245646598     
  -7.1335411646506923        1.2857714122909332     
   8.2603447132692764       -6.0761724430301101     
 -0.99232201534296971       -10.264578331778454     
  -8.2116167407326000        2.5950863621111924     
  -5.9011465241049184        2.0499813277075098     
   5.0102198274959591        5.5025473165791876     
   1.3410315687825693        4.8959944602817282     
   8.0789624272613842       -8.1463875763788831     
   3.4405705549401495        3.2580014546989635     
 -0.43059819441564312        3.9018136189592543     
  -12.164218504684323       -1.6153107944924006     
  -5.1946437317445922        6.1677235340153151     
  -8.5656871490550905       -2.8554173999926729     
  -2.5758066626112535       -3.8885397488537117     
  0.99391427663087162       -1.4977939562539953     
  0.18869746400044340        5.4607524930294149     
  -11.479768725170814        3.3386361246282110     
  -3.6370921809526306       -1.5017016946057933     
  -8.2960162677333553       -7.0554923766508546     
   7.0563942079642263       -8.4745175931491055     
  -7.2294612751209826       -3.5920436857320963     
   3.6363055579843873      -0.51577237303207180     
   4.6121218513804285       -8.3007644768621844     
   5.3559531160920972        8.6493874649737190     
  -1.8511939757660685        2.9701886836320064     
   3.1728038139683457        2.2935347783130835     
   12.399630282360510      -0.49642803256074258     
 -0.88851727286850024       -4.0067962911232780     
   4.4317610816961110        3.1122149379058546     
   8.9417703904523371        2.1317030391290479     
  -7.0487267481922942        3.5143445611034259     
   8.6689711088846622        5.6124465777655628     
   6.3550184531920042       -3.2250454405067779     
   8.5411479753522173      -0.59516965846662373     
 -0.98535631736209150       -7.5673061339488203     
  -2.3101135674801552        6.6015094636601406     
  -1.2992932806693325        10.144969069302975     
   4.7175126900864708       -10.642686017399589     
   1.7862143526558594       -7.1844416665816118     
  -4.5664001342374680       -1.1285776605260602     
  -6.7678419966856014        2.5532374720608342     
   4.1388283209796572       -2.8133616214157020     
  -9.0099127493083770       -5.3832301184513396     
   5.9524322890020400        5.1619920525086043     
  0.20748193319391936       -8.7298790904867207     
   9.9025781886788913       -3.1513430589087439     
   1.7494251014921736        9.4255634549055749     
   1.0849762840527033        2.6936520229402614     
  -9.7417123877237319       -2.5081490693624997     
   5.2786847601362146        4.0739361973404158     
  0.99664746560756978       -5.1336663059056979     
  -8.1343323892436281        5.7101799731098222     
  0.50990224743898915       -2.3731426462084406     
  -6.9078504855205320       -1.4221893594058097     
  -2.5840831713247203       -1.8255327032424347     
  -2.2390369831506600        9.8034821333562920     


