  0.74057859529630021       0.78706890187306500     
   4.2997689812816366        11.138765510649607     
   3.5326873274944854        6.2107424669827997     
  -6.8833568762860153       -1.7418777160142578     
  -7.4881640933789644        1.7442608307396252     
 -0.83067198921799601       -4.6735938959326866     
  0.40828716484231053       -9.2867519117255330     
   7.2540301792331769        8.1112814829122240     
   1.8547919647098347E-002  -8.3639409457746918     
  -6.4738028397292275        5.2573916713673565     
   6.1585757258318807        3.4776112428423125     
  -7.4992755357847249       0.48969912362200796     
  0.55267956121008954       -2.9187058383496818     
  -6.3527098981448846        8.5112558848889357     
  -8.4099520419097846        7.8314716539083200     
   12.316686533267417        1.5058339518122565     
   8.9205882133870684       -4.9632707395994355     
   10.995618039218940       -2.3415908791046451     
 -0.70282677381188152        12.303478667183910     
   1.6790804345051176        7.5607589056445539     
   8.8585943053205991       -8.6902195348856814     
  -9.0877020161878068        6.0430319472348275     
  -5.4372682225082203       0.52351386959626567     
   7.9034739655358066E-002  -12.409644060984741     
  -6.1166707960163720        4.3213699060826292     
   9.9016386725386027E-002 -0.66416165502029989     
   4.9630812750179905        1.9116653108711577     
  -9.4201410636944800        3.6796898206890165     
   7.3483666668312653       -10.000043708964654     
  -11.718001508209452       -2.2168383333065900     
  -4.3896697395857194       -10.852262982698912     
  -8.4289118933827183        5.2710263375782471     
  -6.5602089835795798        3.2479313543993915     
   1.7239390393320939       -3.1200684768244717     
  -2.4440322395063325        4.2839178166029699     
  -11.175051734053563       -3.2205181960548450     
  -1.9319150138065553       -6.1242191420922882     
   4.6866369783695978      -0.20732769539887844     
  -8.9264177095901829       -8.4142655362943515     
   5.6527322863298899        5.3110802573954924E-002
  -1.9815500402896851       -1.9257135490530786     
 -0.29850528058271714       0.25861132274887877     
  -1.4648723004779229        9.6507160831991090     
   2.9056351473296749       -9.4971989412730693     
   8.7419982469874427        7.4023110438046196     
   9.4051921603975668       -6.9573438479364969     
   4.2793170372179894       -4.9821106001869513     
  -4.1713144765374901        2.9688581715989040     
   7.8671735130644507        1.2894058281528480     
   2.2703300916324731        10.210231097918737     
  -7.7534741759723058       -8.6233582285550074     
   7.7481549500794280        7.2422570669755579     
   6.3301886114154300       -7.3543502328434842     
  -2.7257953788848526        7.8974912587868067     
  -4.6993657535139226        10.932769685587896     
   1.5685585813884961       -11.273777911795472     
   1.6051345345476888        11.030493230763673     
   1.4863610685863480       -5.8660680308955540     
   5.9119017148353130        8.3434691903870952     
  -10.800276386437218      -0.17557574235575382     
  -3.0854361214879420        3.0434443632511101     
   4.4089735454648187       -1.1997608859208040     
   3.8297535311042883       -9.0233621177319296     
   11.915451856952339        3.4630767126307065     
   1.0378900300443239       -12.121552040116951     
   1.9048505435803271       -9.7152808164958770     
 -0.41186377602838881        11.305005646103432     
   10.607097291950137      -0.36922033149637778     
  -9.6151133567291822      -0.11947993228925215     
   9.8448870411494180        4.6225717891258462     
   5.5469451167192636       -4.6257219029178414     
   2.1545307564026226       -5.1203761340049736     
  -3.5633944198847951       -6.1079666370462773     
  -5.3525088009568629        8.2110399625237402     
  -4.9168985780174763       -8.4704386525364086     
   2.6460964653518619       -11.734474899385283     
  -6.1447715347973961       -3.6978132669126884     
   1.0594085831831974        3.8518549662341015     
  -6.5583034741438757       -10.535434386884150     
   7.6174721878218348        9.0428087501735828     
  -2.0919956180780708       -4.7431857736384870     
  -8.2519094875094776       -1.4549641744610462     
   10.649710139132576        2.1684734796173388     
  -2.3091816649327579       -11.033805953403764     
  -5.3701702087464751       -11.053608519990735     
   8.9806827536557368        4.1066443918231554     
  -3.0642174896752716       -3.0013664381833269     
  -9.2870016872480896        4.7589897941656858     
   10.702864631596933       0.63970084987329523     
   6.3111148796576231       -3.9793412472483904     
   4.0748032233536637        1.3301150119687202     
  -7.4933435707344946       -6.9368040268803783     
 -0.82271215987527480       -7.6793022409579050     
  -4.7696326883562188        1.2718202230089186     
  -5.8593336133907732       -8.8111410443873606     
  -6.2686460959567443      -0.21902960850706593     
  -6.0087836185969588       -1.1853832150856936     
  -4.6381666273836117       -5.4975760625963108     
   3.8174949776418750       -7.9263113379754495     
  -6.7634114599241446       -6.2379822461504721     
  -2.7900949473009105       -6.7452864324770996     
  -4.3295859346944452       -2.2952234902633664     
   1.4632322654969510        2.9363193450813614     
   6.0528830439563341       -2.4160899591294429     
   9.5294711946712400       -7.9490687706858445     
  -5.3024064239383986        4.9037567532091311     
   7.5882164549021782        5.4724996390922405     
 -0.29385557602783652        7.6193611163777222     
  0.29541042950078239        12.386127790795086     
   5.1452482588373440       -5.5431754345972308     
  -11.112361741620742        3.7347670115026834     
  -3.4786243218226609       -1.6919279860325747     
   5.4493841930093758       -7.8267078628423539     
   3.7699534389565432       -2.6115168573760386     
   12.155027887245598        2.4923689725938929     
  -5.1840287164507792      -0.46133738037373712     
  -1.2492013224136345        7.9890106309572007     
   7.2287943224008728       -6.8597409594860643     
  -7.8760636341467798        2.8723016867820128     
   9.9770152940835928        5.7099927892981546     
  -5.1507229392206719       -1.7222295012973428     
   2.4681878379901403       -6.0853055911108820     
   6.1679230091114556        6.3496651966081181     
   4.7736556872582812       -2.7060913304703469     
   9.9087256255256797       -2.1345015738394770     
  -8.7112134596549673      -0.56311799213437330     
   7.2034955363881110        6.4040374245187284     
   5.6644870432784638        7.3738931855740155     
   6.2217368055511590       -5.3646078400380395     
   1.8946746160714592       -8.6886762474352448     
   3.1271325870087936        2.9934016270554484     
  -1.1332250218376050       -6.7292145255618561     
  -3.8308431251195341       -7.1937501820693290     
  -6.1822605458088660        1.2737222349750510     
  -6.5045486152080114        9.5048770092981840     
   5.6578119899055164       -1.4972929062332772     
   2.2198212985492098        8.5998292374457552     
   2.2596702279597323        2.3318263702647073     
  0.43067490523354751        9.0565329835676298     
  -2.7426920217544701       -5.5366825296146116     
   1.6215825506987709        1.5580543328800363     
  -3.0285184139948105        5.6437354635766717     
  -7.9406032514268556       -2.9603534861172478     
   1.5178794495774985        4.7401676103746757     
 -0.46253288374427598        8.6052667224645827     
  -7.3523433979196833        3.9359225466340479     
  -1.8785838289968924        7.2114864704052790     
  -4.9151609399346476       -3.6672085961123040     
   11.320133159585321        1.4256270743568378     
   6.4289432398846200      -0.85681984055342231     
  0.66938275487578125        7.3417287731689003     
   5.2040129605379564        10.688036228052370     
   8.2830047578645072       -7.8726173290978494     
  -8.1616231190101249       -3.9358622358318809     
  0.97211273745015514        10.255855546651672     
   4.1744278480048234        9.1295352954646418     
  -6.5976328768470536        2.2314924333456245     
  -7.8069258159709545        8.9094911476114156     
  0.99291163877361222      -0.20373428982529732     
 -0.20647888158675035       -6.3332913439431033     
  -4.5958695278505148        8.8671647026564511     
   8.1135123669842812        4.6164847458269156     
   3.8579682640273147       0.35321779798235575     
   5.2307820727665009        3.1006535676107640     
  -5.5114317599308098        9.3298533259471217     
   1.7931915081649605       -2.1186087374384721     
   9.8850337375181905       -5.2284445135587783     
   2.7130651769091281       -3.2886745755839994     
  -7.4601903212611518        5.0241661094044048     
  -3.9879642226475842        6.4130123333064368     
  -5.1529200879895312       -4.6404012237523000     
   2.3233014685175268        3.5874383155027760     
   8.2286635404954733       -6.8713834189732772     
  -2.6372103747388507        11.523068970476229     
  -4.1407137214205161       -4.6306276448586372     
 -0.84430887481256756        4.5354233796392860     
   4.9817333449979504       0.90579897439419943     
   6.6840203749766811        2.5936199306224332     
   1.6503435628764676        9.4258231507969050     
  -2.6309274295829170       -1.1619471443894513     
  -1.6145133476989442       -2.8563879958000866     
   3.6648929469959683       -3.6066628246413370     
  -1.1779979669948402       -1.0408520630638158     
   9.2685607334855664        8.2522767872496150     
  -5.4881092991793166        3.2255120086654743     
  -10.465444153824885       -6.6680918796333479     
  -8.2727180818150288       -4.9302413216215575     
 -0.46842839150214471       -1.7467116112299075     
 -0.15873044312006876        10.247597679093078     
   8.9062910368822514       0.90412854114835695     
   5.0072032098392019E-002  -10.282016860461649     
  -9.4785042507322110       -1.2122254026910568     
   3.2010444102078202        1.9957335660961115     
   10.830924982082010       -5.5598064915623349     
   8.6553070231820204        1.9102994410730045     
   12.201614440735330       -2.2474868979225961     
   3.2795358490928508       -4.9769287946399041     
  -3.2736812084332363       0.86801643542639895     
 -0.14784177115342925        1.2463626665355554     
   6.6383183157523149        9.2628941664636812     


