  8    ***    0.12929E-01    0.3227486122E-01    0.0000000000E+00
  8    ***    0.12929E-01    0.6454972244E-01    0.0000000000E+00
  8    ***    0.12929E-01    0.9682458366E-01    0.0000000000E+00
  8    ***    0.12929E-01    0.1290994449E+00    0.0000000000E+00
  8    ***    0.12929E-01    0.1613743061E+00    0.0000000000E+00
  8    ***    0.12929E-01    0.1936491673E+00    0.0000000000E+00
  8    ***    0.12929E-01    0.2259240285E+00    0.0000000000E+00
  8    ***    0.12929E-01    0.2581988897E+00    0.0000000000E+00
  8    ***    0.12929E-01    0.2904737510E+00    0.0000000000E+00
  8    ***    0.12929E-01    0.3227486122E+00    0.0000000000E+00
  8    ***    0.12929E-01    0.3550234734E+00    0.0000000000E+00
  8    ***    0.12929E-01    0.3872983346E+00    0.0000000000E+00
  8    ***    0.12929E-01    0.4195731958E+00    0.0000000000E+00
  8    ***    0.12929E-01    0.4518480571E+00    0.0000000000E+00
  8    ***    0.12929E-01    0.4841229183E+00    0.0000000000E+00
  8    ***    0.12929E-01    0.5163977795E+00    0.0000000000E+00
  8    ***    0.12929E-01    0.5486726407E+00    0.0000000000E+00
  8    ***    0.12929E-01    0.5809475019E+00    0.0000000000E+00
  8    ***    0.12929E-01    0.6132223631E+00    0.0000000000E+00
  8    ***    0.12929E-01    0.6454972244E+00    0.0000000000E+00
  8    ***    0.12929E-01    0.6777720856E+00    0.0000000000E+00
  8    ***    0.12929E-01    0.7100469468E+00    0.0000000000E+00
  8    ***    0.12929E-01    0.7423218080E+00    0.0000000000E+00
  8    ***    0.12929E-01    0.7745966692E+00    0.0000000000E+00
  8    ***    0.12929E-01    0.8068715305E+00    0.0000000000E+00
  8    ***    0.12929E-01    0.8391463917E+00    0.0000000000E+00
  8    ***    0.12929E-01    0.8714212529E+00    0.0000000000E+00
  8    ***    0.12929E-01    0.9036961141E+00    0.0000000000E+00
  8    ***    0.12929E-01    0.9359709753E+00    0.0000000000E+00
  8    ***    0.12929E-01    0.9682458366E+00    0.0000000000E+00
  8    ***    0.12929E-01    0.1000520698E+01    0.5069246702E+03
  8    ***    0.12929E-01    0.1032795559E+01    0.6803222040E+03
  8    ***    0.12929E-01    0.1065070420E+01    0.1070304750E+03
  8    ***    0.12929E-01    0.1097345281E+01    0.8057515925E+02
  8    ***    0.12929E-01    0.1129620143E+01    0.6690227961E+02
  8    ***    0.12929E-01    0.1161895004E+01    0.6605064635E+02
  8    ***    0.12929E-01    0.1194169865E+01    0.6145037759E+02
  8    ***    0.12929E-01    0.1226444726E+01    0.5978453841E+02
  8    ***    0.12929E-01    0.1258719588E+01    0.5421024056E+02
  8    ***    0.12929E-01    0.1290994449E+01    0.5116166596E+02
  8    ***    0.12929E-01    0.1323269310E+01    0.4688036566E+02
  8    ***    0.12929E-01    0.1355544171E+01    0.4238813867E+02
  8    ***    0.12929E-01    0.1387819032E+01    0.4230151146E+02
  8    ***    0.12929E-01    0.1420093894E+01    0.4348332569E+02
  8    ***    0.12929E-01    0.1452368755E+01    0.4307841480E+02
  8    ***    0.12929E-01    0.1484643616E+01    0.4450461916E+02
  8    ***    0.12929E-01    0.1516918477E+01    0.4396372931E+02
  8    ***    0.12929E-01    0.1549193338E+01    0.4224474784E+02
  8    ***    0.12929E-01    0.1581468200E+01    0.4756927949E+02
  8    ***    0.12929E-01    0.1613743061E+01    0.4983896852E+02
  8    ***    0.12929E-01    0.1646017922E+01    0.4754099971E+02
  8    ***    0.12929E-01    0.1678292783E+01    0.5377768267E+02
  8    ***    0.12929E-01    0.1710567645E+01    0.5665309670E+02
  8    ***    0.12929E-01    0.1742842506E+01    0.9247288925E+02
  8    ***    0.12929E-01    0.1775117367E+01    0.8982296150E+02
  8    ***    0.12929E-01    0.1807392228E+01    0.8499275433E+02
  8    ***    0.12929E-01    0.1839667089E+01    0.8484057058E+02
  8    ***    0.12929E-01    0.1871941951E+01    0.7964500860E+02
  8    ***    0.12929E-01    0.1904216812E+01    0.8839982453E+02
  8    ***    0.12929E-01    0.1936491673E+01    0.8896841565E+02
  8    ***    0.12929E-01    0.1968766534E+01    0.9246454981E+02
  8    ***    0.12929E-01    0.2001041396E+01    0.1780465054E+03
  8    ***    0.12929E-01    0.2033316257E+01    0.1229154899E+03
  8    ***    0.12929E-01    0.2065591118E+01    0.7609761764E+02
  8    ***    0.12929E-01    0.2097865979E+01    0.6796927753E+02
  8    ***    0.12929E-01    0.2130140840E+01    0.6394578330E+02
  8    ***    0.12929E-01    0.2162415702E+01    0.6502137585E+02
  8    ***    0.12929E-01    0.2194690563E+01    0.6416372793E+02
  8    ***    0.12929E-01    0.2226965424E+01    0.5849838679E+02
  8    ***    0.12929E-01    0.2259240285E+01    0.6288887351E+02
  8    ***    0.12929E-01    0.2291515147E+01    0.5923724407E+02
  8    ***    0.12929E-01    0.2323790008E+01    0.6014676764E+02
  8    ***    0.12929E-01    0.2356064869E+01    0.5539733545E+02
  8    ***    0.12929E-01    0.2388339730E+01    0.5530883290E+02
  8    ***    0.12929E-01    0.2420614591E+01    0.5764271593E+02
  8    ***    0.12929E-01    0.2452889453E+01    0.5615070713E+02
  8    ***    0.12929E-01    0.2485164314E+01    0.5665499883E+02
  8    ***    0.12929E-01    0.2517439175E+01    0.5826344157E+02
  8    ***    0.12929E-01    0.2549714036E+01    0.6145286608E+02
  8    ***    0.12929E-01    0.2581988897E+01    0.6233268312E+02
  8    ***    0.12929E-01    0.2614263759E+01    0.6238082937E+02
  8    ***    0.12929E-01    0.2646538620E+01    0.6972665934E+02
  8    ***    0.12929E-01    0.2678813481E+01    0.8633953102E+02
  8    ***    0.12929E-01    0.2711088342E+01    0.8171910621E+02
  8    ***    0.12929E-01    0.2743363204E+01    0.9111874763E+02
  8    ***    0.12929E-01    0.2775638065E+01    0.8180899138E+02
  8    ***    0.12929E-01    0.2807912926E+01    0.7590568421E+02
  8    ***    0.12929E-01    0.2840187787E+01    0.7274490437E+02
  8    ***    0.12929E-01    0.2872462648E+01    0.7453558682E+02
  8    ***    0.12929E-01    0.2904737510E+01    0.7196150741E+02
  8    ***    0.12929E-01    0.2937012371E+01    0.7546582230E+02
  8    ***    0.12929E-01    0.2969287232E+01    0.7496389153E+02
  8    ***    0.12929E-01    0.3001562093E+01    0.7918586436E+02
  8    ***    0.12929E-01    0.3033836955E+01    0.7017932960E+02
  8    ***    0.12929E-01    0.3066111816E+01    0.6747495915E+02
  8    ***    0.12929E-01    0.3098386677E+01    0.6340866256E+02
  8    ***    0.12929E-01    0.3130661538E+01    0.6047162157E+02
  8    ***    0.12929E-01    0.3162936399E+01    0.6076029696E+02
  8    ***    0.12929E-01    0.3195211261E+01    0.6232539887E+02
  8    ***    0.12929E-01    0.3227486122E+01    0.6105407554E+02
  8    ***    0.12929E-01    0.3259760983E+01    0.6170334208E+02
  8    ***    0.12929E-01    0.3292035844E+01    0.6243013366E+02
  8    ***    0.12929E-01    0.3324310705E+01    0.6354024311E+02
  8    ***    0.12929E-01    0.3356585567E+01    0.6013135164E+02
  8    ***    0.12929E-01    0.3388860428E+01    0.5978011964E+02
  8    ***    0.12929E-01    0.3421135289E+01    0.6295958348E+02
  8    ***    0.12929E-01    0.3453410150E+01    0.6623236693E+02
  8    ***    0.12929E-01    0.3485685012E+01    0.7083712622E+02
  8    ***    0.12929E-01    0.3517959873E+01    0.7063487067E+02
  8    ***    0.12929E-01    0.3550234734E+01    0.7123629906E+02
  8    ***    0.12929E-01    0.3582509595E+01    0.7185449594E+02
  8    ***    0.12929E-01    0.3614784456E+01    0.7913041031E+02
  8    ***    0.12929E-01    0.3647059318E+01    0.8980809276E+02
  8    ***    0.12929E-01    0.3679334179E+01    0.8023989265E+02
  8    ***    0.12929E-01    0.3711609040E+01    0.7598070883E+02
  8    ***    0.12929E-01    0.3743883901E+01    0.7961770812E+02
  8    ***    0.12929E-01    0.3776158763E+01    0.7598781036E+02
  8    ***    0.12929E-01    0.3808433624E+01    0.7530643013E+02
  8    ***    0.12929E-01    0.3840708485E+01    0.7242745252E+02
  8    ***    0.12929E-01    0.3872983346E+01    0.7298059904E+02
  8    ***    0.12929E-01    0.3905258207E+01    0.6925577819E+02
  8    ***    0.12929E-01    0.3937533069E+01    0.6786419170E+02
  8    ***    0.12929E-01    0.3969807930E+01    0.6995437904E+02
  8    ***    0.12929E-01    0.4002082791E+01    0.6920649729E+02
  8    ***    0.12929E-01    0.4034357652E+01    0.6838063367E+02
  8    ***    0.12929E-01    0.4066632514E+01    0.6606642164E+02
  8    ***    0.12929E-01    0.4098907375E+01    0.6257292966E+02
  8    ***    0.12929E-01    0.4131182236E+01    0.6439895824E+02
  8    ***    0.12929E-01    0.4163457097E+01    0.6352524023E+02
  8    ***    0.12929E-01    0.4195731958E+01    0.6289311753E+02
  8    ***    0.12929E-01    0.4228006820E+01    0.6344928281E+02
  8    ***    0.12929E-01    0.4260281681E+01    0.6168869800E+02
  8    ***    0.12929E-01    0.4292556542E+01    0.6405980454E+02
  8    ***    0.12929E-01    0.4324831403E+01    0.6743305526E+02
  8    ***    0.12929E-01    0.4357106264E+01    0.6635613318E+02
  8    ***    0.12929E-01    0.4389381126E+01    0.6379916762E+02
  8    ***    0.12929E-01    0.4421655987E+01    0.6667484444E+02
  8    ***    0.12929E-01    0.4453930848E+01    0.6781227516E+02
  8    ***    0.12929E-01    0.4486205709E+01    0.6941132028E+02
  8    ***    0.12929E-01    0.4518480571E+01    0.7029377547E+02
  8    ***    0.12929E-01    0.4550755432E+01    0.6961946960E+02
  8    ***    0.12929E-01    0.4583030293E+01    0.7344657569E+02
  8    ***    0.12929E-01    0.4615305154E+01    0.7983614021E+02
  8    ***    0.12929E-01    0.4647580015E+01    0.8067813611E+02
  8    ***    0.12929E-01    0.4679854877E+01    0.7971801252E+02
  8    ***    0.12929E-01    0.4712129738E+01    0.7554379616E+02
  8    ***    0.12929E-01    0.4744404599E+01    0.7744077570E+02
  8    ***    0.12929E-01    0.4776679460E+01    0.7331097495E+02
  8    ***    0.12929E-01    0.4808954322E+01    0.6785123543E+02
  8    ***    0.12929E-01    0.4841229183E+01    0.6888268520E+02
  8    ***    0.12929E-01    0.4873504044E+01    0.7052308867E+02
  8    ***    0.12929E-01    0.4905778905E+01    0.6694466612E+02
  8    ***    0.12929E-01    0.4938053766E+01    0.6914400402E+02
  8    ***    0.12929E-01    0.4970328628E+01    0.7201807833E+02
  8    ***    0.12929E-01    0.5002603489E+01    0.7253427299E+02
  8    ***    0.12929E-01    0.5034878350E+01    0.6454137227E+02
  8    ***    0.12929E-01    0.5067153211E+01    0.6440883596E+02
  8    ***    0.12929E-01    0.5099428073E+01    0.6635396942E+02
  8    ***    0.12929E-01    0.5131702934E+01    0.6670007942E+02
  8    ***    0.12929E-01    0.5163977795E+01    0.6481946773E+02
  8    ***    0.12929E-01    0.5196252656E+01    0.6743647802E+02
  8    ***    0.12929E-01    0.5228527517E+01    0.7095452571E+02
  8    ***    0.12929E-01    0.5260802379E+01    0.7074353970E+02
  8    ***    0.12929E-01    0.5293077240E+01    0.7039184644E+02
  8    ***    0.12929E-01    0.5325352101E+01    0.7294849885E+02
  8    ***    0.12929E-01    0.5357626962E+01    0.7372633961E+02
  8    ***    0.12929E-01    0.5389901823E+01    0.7269624269E+02
  8    ***    0.12929E-01    0.5422176685E+01    0.7375211558E+02
  8    ***    0.12929E-01    0.5454451546E+01    0.7145254086E+02
  8    ***    0.12929E-01    0.5486726407E+01    0.7442629740E+02
  8    ***    0.12929E-01    0.5519001268E+01    0.7370302059E+02
  8    ***    0.12929E-01    0.5551276130E+01    0.7154492621E+02
  8    ***    0.12929E-01    0.5583550991E+01    0.7800345222E+02
  8    ***    0.12929E-01    0.5615825852E+01    0.7622705360E+02
  8    ***    0.12929E-01    0.5648100713E+01    0.7207776228E+02
  8    ***    0.12929E-01    0.5680375574E+01    0.7533515346E+02
  8    ***    0.12929E-01    0.5712650436E+01    0.7644919773E+02
  8    ***    0.12929E-01    0.5744925297E+01    0.7593815840E+02
  8    ***    0.12929E-01    0.5777200158E+01    0.7228862096E+02
  8    ***    0.12929E-01    0.5809475019E+01    0.6914506452E+02
  8    ***    0.12929E-01    0.5841749881E+01    0.6875634621E+02
  8    ***    0.12929E-01    0.5874024742E+01    0.6963462819E+02
  8    ***    0.12929E-01    0.5906299603E+01    0.6714332810E+02
  8    ***    0.12929E-01    0.5938574464E+01    0.6574495550E+02
  8    ***    0.12929E-01    0.5970849325E+01    0.7060027013E+02
  8    ***    0.12929E-01    0.6003124187E+01    0.7302560735E+02
  8    ***    0.12929E-01    0.6035399048E+01    0.7031286176E+02
  8    ***    0.12929E-01    0.6067673909E+01    0.7095916772E+02
  8    ***    0.12929E-01    0.6099948770E+01    0.7271717582E+02
  8    ***    0.12929E-01    0.6132223631E+01    0.7247857318E+02
  8    ***    0.12929E-01    0.6164498493E+01    0.7249912855E+02
  8    ***    0.12929E-01    0.6196773354E+01    0.7534918597E+02
  8    ***    0.12929E-01    0.6229048215E+01    0.7600545588E+02
  8    ***    0.12929E-01    0.6261323076E+01    0.7650754953E+02
  8    ***    0.12929E-01    0.6293597938E+01    0.7979578794E+02
  8    ***    0.12929E-01    0.6325872799E+01    0.7918442803E+02
  8    ***    0.12929E-01    0.6358147660E+01    0.8209382054E+02
  8    ***    0.12929E-01    0.6390422521E+01    0.8185866554E+02
  8    ***    0.12929E-01    0.6422697382E+01    0.8167719429E+02
  8    ***    0.12929E-01    0.6454972244E+01    0.7885788378E+02
