   5.0062846622008674        2.7980130529580554     
 -0.44882642439045062        2.0582424562485326     
  -1.8751359637726559       0.77580260589107952     
   1.4671539237607329        2.6640997317004520     
  -1.2211290297983521      -0.68478664005220902     
  -2.5269434048850923      -0.21647271289535849     
   1.5083919791499694       -4.8649429179871309     
   7.2505903778556737        3.7957544817943369     
   2.8118687435333158        2.4800000111607381     
   6.3699120567271326        1.8224127329809852     
  0.46787252134064850        4.9841005212215759     
  -4.4119515383361572        1.4958878670148497     
  -3.6091159691729165E-002   6.2324786165022337     
  -4.2581630935438675        2.4211277382098824     
  -1.3681443405826406        5.6742405943094800     
  -2.8057445116926978       -3.7213266503276561     
   1.3543690104334649        4.6830114065533346     
  -6.4156703328344236       -7.9303528645862835     
  -3.3696889724842456       -2.9440097644442917     
 -0.40882111146592909       0.81824255198102835     
   1.6843333511445331       -3.7981273117687819     
   2.7173237214975766E-002 -0.68123307080063855     
   4.0094771861978673       -1.4336117566230173     
   9.4726309791009644       -3.0626481686011156     
   2.8341117116055923      -0.27679441172868197     
   3.3921014974399100        1.6018582339245753     
   6.0559160439507913       0.11237614907777732     
   8.0658728820519414        6.1666169160968316     
   9.0067938447252143        8.9495335868950630     
   7.3046163990679895        7.5308724041434347     
   2.1836410858605597        8.5736017348636011     
  0.16844605220605466        4.7532646091653215     
  -2.7065276347921605        3.7063916192550832     
  0.79601594799771414        5.3085907714525966     
  -2.1280742964339217        2.0575899564403874     
  -5.1104288914052667        8.6015675279666226     
  -9.4348454420657433        2.3953670603627093     
  -2.4068237306737528       0.68170030324512065     
  -7.5028238218232426        3.4644168235538029     
  -4.6803875676581042       -1.8649845626670993     
  -6.2505984368652712       -1.5494466832443268     
  -5.9356630701928603       -2.4153336747608161     
  -4.3417786608167184       -4.2515887329519497     
  -5.2830677557821373       -5.0659072011710844     
  -6.4053683660452471E-002  -2.3488345431714395     
  -5.8133865726826723       -5.5554137043730130     
  0.59044243444096434       -2.2183918879925146     
  0.45759100125989371       -7.7557786629261791     
   2.1820068186387602       -7.4625595922237711     
   3.6388204431607130       -3.7700805142180052     
   7.5598922201619700       -9.5587169809543671     
   5.6737347845412822       -3.4284985691367735     
   5.1034082862260668       -1.1980561378503303     
   4.8295097575071848        1.2947959902839712     
   12.813602313478381        1.2290390370078925     
   9.3106769559254854       0.80496060365860922     
   6.1557415213759006        1.5601673892328716     
   7.7641652067905378        3.7413451107582882     
   8.5163676545596534        5.3287423347060132     
   10.361808071258716       0.60433493372010760     
   4.6474798296322515        3.7388606598766878     
  0.35299496477579090        7.7325532284019092     
   4.1811112383259292        8.1993076521299493     
  0.90657029083892660        7.2948814174481056     
  -1.0642531439706502        7.6111103306995220     
  0.69233879098353313        6.8516990934709678     
  -1.2202929035470815        6.3571505907465022     
  -2.6519763221905457        10.617963945469009     
  -3.4008037637178976        2.6986865027712286     
  -3.3572762702033976        2.9810883342753525     
  -4.5290266490231783        7.7664261407547386     
  -5.1533791103876956        5.1163064866244472     
  -6.8854766847033435        1.4669064055342167     
  -5.8406362596147092       0.34738983353146957     
  -7.2950364900485622       0.20495427785716483     
  -8.4948209568082440       -3.3605499178854350     
  -14.118305960656809       -3.2183323108281598     
  -6.7665926191761931       -2.3921942697143925     
  -7.2920504655737792       -1.3447147401518234     
  -7.6640343878540866       -4.5704767251105753     
  -6.5602600394752475       -11.666467375332950     
  -7.2258999280030771       -7.4619558601583993     
  -6.8009507871444441       -5.1746177502399409     
  -2.8193858632381663       -5.9109528669487723     
  -1.8376828469026412       -8.2042571289558595     
  -3.1178928495258780       -7.3929017601389946     
   2.1380452238020453       -9.2003162301035051     
   1.4416671514488504       -6.4226224221482990     
 -0.12225407822756251       -12.000758382825802     
   3.4037660586002922       -8.0443989827433686     
   9.2070275748032966       -10.277845318303598     
   3.1529477323477635       -6.0783199642741286     
   3.4517570186066444       -2.3840215319832692     
   9.4530732499231647       -2.1467543101041544     
   8.9379780311851231       -8.3265986088651073E-002
   10.302725783119579       -3.5613022368421476     
   12.612164402890574        2.0018802431934546     
   10.842384111891249       -2.5504539184262525     
   13.828903689153817        2.3168137170156342     
   10.222507347690364        4.6877204960439016     
   6.8073043529188020        9.8305792344120473     
   7.5684832128230877        5.2940949013198555     
   8.7731346289270338        6.5177868112118302     
   5.4985691663197871        3.9109448376188305     
   6.4514392236275482        12.868793321473222     
   9.0679801537669711        11.593650999395059     
   5.4674864122896238        13.022570739085751     
   1.7585966595468838        9.2740993292250042     
   4.3820590681584664        6.3734609404538691     
  -1.9093542873332487        7.6253642487389239     
   1.2880296253946795        10.577801174510224     
  -3.0913519964840139        11.577418870606571     
  -2.8421943702494130        9.5646686525256541     
  -6.0878070362459420        10.550466125004968     
  -4.6006656287404475        7.0125350529803443     
  -1.0434124659554587        7.1371387535842077     
  -7.3706991791278451        7.4700340292053893     
  -5.5007677818727219        9.8208340169482256     
  -5.9197656504467204        6.9442588489169754     
  -13.155012746992913        5.7718232801374114     
  -10.298095906081317       0.95206190580827876     
  -9.7330832149794233       -5.3388232962230713E-002
  -12.159907508529477       0.62842642568080054     
  -11.236655443367541       -2.9024913446845635     
  -8.5169362367566706       0.53588932148168811     
  -9.4269291973670413       -2.4473934584933632     
  -9.8566991996272773      -0.94870425902066513     
  -7.9593753405564227       -6.1195953268003649     
  -9.5800948174019922       -3.9394489912267461     
  -8.9768193316122300       -4.7535493163468594     
  -6.2595228200742152       -4.4361542626396311     
  -5.3823653939595628       -10.274806822352851     
  -5.7923607572653495       -11.098974442922870     
  0.30215050590580278       -14.496677416436428     
  -2.1320993975919538       -6.4817792102759260     
  -2.6950119981317040       -11.984551889080601     
  -4.2143654195804876       -8.1778021923977935     
   4.2227763699156826       -6.6275421315886556     
   3.6136403094615273       -12.320428142613958     
   5.5721551639497182       -9.4871531513261989     
   1.3650841076262417       -11.834873762258788     
   2.8491717753554076       -13.049811689918911     
   6.4122165895590122       -7.5603019939963074     
   6.7810987336873589       -8.8923423710643199     
   5.9166234040135199       -4.1139385363458567     
   8.5051976257095685       -10.597508817307274     
   9.5009356271495538       -1.0526852476913826     
   6.7645801991204637       -2.1747957685776114     
   10.348095244025876       -1.4566343262012325     
   14.669333742954736       -3.0925625894240385     
   12.580731169546539       -1.1822749759692373     
   13.173721411636523      -0.67066930686606929     
   11.484536296869583        1.0066682942170018     
   15.122244405553957        1.5144366929408584     
   12.111661971523439      -0.43759393344512559     
   12.586460959491957        4.1530716318599827     
   11.741118974469600        6.2008770369187358     
   7.5720981481095517        9.3721154943271312     
   8.9104233059657503        10.080201853128992     
   10.433483122593330        6.6808892467677463     
   10.415220848393389        5.7892294494840391     
   7.8232288968080494        13.145878070299924     
   7.3075362507414949        11.463366157945314     
   6.6251669367216266        12.071393221195677     
   4.8782088322760000        10.173506586038171     
 -0.96418423757549854        11.219850405973782     
   1.9774055671398687        13.454992322664799     
  0.33862922154547043        14.657727004861329     
  -1.5176881382659975        14.018213787294155     
  -3.8482808521386649        13.298386598759672     
  -5.0331457756472480        12.072234850210091     
  -6.5320098380643721        11.109596444197681     
  -9.6159738014595071        11.901030561824900     
  -9.7097638818406669        10.744358678404344     
  -8.9280738073328507        2.9787503757348772     
  -11.349448402707411        6.0587808334758817     
  -10.195044747628481        5.6713435383002668     
  -9.0464117794361378        7.5655230925066554     
  -12.184833693564363        3.9025624690938319     
  -6.5371700768456638        3.0080955102196216     
  -7.1648331791461928        6.5173065415047873     
  -11.236265480872001      -0.30328255071162963     
  -13.962737184260721       -3.7255889995415536     
  -12.721531238570458      -0.83774412601673531     
  -13.308871981257850       -1.2068525511125514     
  -12.392258531698859       -6.9017387038582125     
  -10.545557371343603      -0.39802866525774294     
  -11.220650405953387       -6.5833462179626183     
  -13.846426024796822       -4.5540433960734727     
  -12.165437703212746      -0.40445408398724270     
  -4.6994684646767375       -6.2243594029468472     
  -9.6672707041917132       -7.6240121100044957     
  -9.0478430920287654       -12.331696974144130     
  -8.2051868879815952       -12.451976937607776     
  -5.7003297026923399       -13.506081821284832     
  -7.8250751330909951       -6.9047382298076823     
  -5.9616944251978561       -12.797053306768394     
  -2.7513494567513459       -13.890848224405477     
  -3.2967875282664520       -12.366029944009034     
  0.51881498748772525       -11.403528133631447     
