   4.5498597183305307       -9.5022699768831078     
  -1.7699327196277574       -4.1428997418993143     
  -5.5838949178807820       -1.3020874597794645     
  -6.4292106700848057        11.498837970868847     
  -10.669929330077528      -0.18106162639856496     
  -10.469494939080773        10.697487571854291     
   6.0455255198151807        5.5070087321584520     
   1.8689484440311250        11.035407067063383     
   7.9650767830433713        5.8601797803832296     
 -0.23197139093409025       -3.5926607742096888     
  -1.4186962300312145      -0.92018142808793491     
   5.4435943645104832       -9.1043743094752863     
   13.637965189994146       -2.4527103845596474     
  -12.573930212929449       -7.5612334917631951     
  -7.3902122709478082        9.4458054880119384     
  -2.6898356568063804      -0.33289032139578484     
   3.3573539932093910        3.6350359546331754     
   1.2536915774713984        8.3450105669264936     
   5.7904829883764002        13.257902231834843     
   9.5580827239438229        6.2395914047768919     
  -11.387209968142425      -0.20052590084891483     
   12.686624174594353       -6.7786259324877038     
  -1.4303622122510025        12.309471400358085     
   1.5993879293555071        7.2828476664320316     
   6.7315000264377858       -5.0127892171864401     
   5.2555771168914109       -2.3305092027810943     
  -14.736407251716205      -0.54050877655928331     
   1.4108707752992746        9.1874275013422171     
  -11.915077037141000      -0.85791619565238608     
   12.923696841657614       -3.4550147309054928     
   3.6152957983198126        14.140927487044584     
   3.1294046033374281       -1.5775553018982522     
   7.8193524175902285        12.574005115663670     
   4.3210967025070701       -6.5217125580053690     
  -7.0789195788102024        6.0524091173657286     
  -10.996519293371524      -0.95664703544477303     
  -2.4431806226991242        6.4576146923612718     
  -1.5078070595528033       -10.867495404109729     
  -9.0683646693799957       -11.787286019868841     
   13.409848168094967       -5.9650535265960318     
   3.0200316424757374       -10.952251267538866     
   4.2384145663766022        4.6386926964917583     
   13.464131098612729      -0.54057055307143109     
   3.3598860937574546       -6.6530948184964380     
  0.36297829511290247      -0.35873705845835407     
 -0.10804524109822899       -11.962046028989525     
 -0.51967472209320620        5.1947846675872151     
   12.390673751489970        3.5841235591299876     
   6.2074275968491435       -6.2645735809638099     
   5.5415573229553354        14.128411523631888     
   2.6215933667258255        5.3083346434969068     
   6.9563916936395653        1.9035324565537295     
  -7.7676858567011031        4.9053011352704949     
  -7.0113562099249318        8.0737688957424059     
   7.0939996223930191       -6.5671596788676236     
  -9.8379578777332721       -4.0285634139034237     
  -11.784409297486011       -9.3179477443686700     
  -8.4568686163194950        5.3663893498889168     
 -0.57418899452165828        11.854169420474250     
 -0.35274517714709236       -15.276999838947663     
  -4.2565951884209738        7.5217492541759228     
  -1.2035871774148423       -12.227903036689430     
  -15.151194185305670        2.1716571866525602     
 -0.63741950179205620       -8.9137025853904319     
   4.6658063839418302       -12.328924550696660     
  -14.575003340265397        4.4471278283362707     
  -10.909734448602112       0.63836885543718702     
  -13.760347300111077       -5.7096132109610549     
  -2.7055083609797146       -3.3235414354682735     
   4.4691522084003665        7.3318731705943501     
   11.466495098957603        5.2995482419927882     
   11.376242122851142        2.7900221293385523     
  -1.2150514872339115       -3.2584413876987806     
   13.029315611977363        1.6894215809990973     
   5.7694123028938984       -7.8907202800556258     
  0.83313783398538233       -15.099196148624998     
  -15.130161015597347       -1.9821267235025648     
   4.8121277404254972        2.1198047403793070     
  -3.6219354687561003        4.5079692250287327     
   2.2364439452898508        9.6139243408728046     
   2.0020787731417773        13.057288967634312     
  -12.695938857874021        7.6077272105296831     
   6.2925608490366987       0.43332860427998998     
  -7.4826429403815125       -4.9830586813125786     
  -6.6690394100737258       -4.2014657069259691     
  -4.6955531840331579       -6.1843736278093298     
 -0.62379837925461157       -10.028141259584647     
  -6.0701915694186104        12.729235557388453     
  -7.6099592005787713        3.3144915620180186     
   1.7801953969842779       -13.718267385695158     
  -12.587589707406790       -4.4753338508254403     
   4.4576612339092918       -14.432731851493289     
   9.4860951694649724        1.3854268314820639     
  -5.5427794107300841       -5.0688003961467896     
   10.497730109937114        3.7380619469616088     
   4.5353337050694291        11.919878548625858     
   5.5370284281025013        1.3301496799909012     
   4.1015447625764212       -10.531851337173327     
  -4.1793875073595768       -3.2563955555605477     
  -6.0738472355644104        9.9325771840829677     
  -11.343703705764758       -1.7962517930730080     
  -12.040034035986507       -6.8470232089842797     
   6.9432980417396069       -7.8641562116254002     
 -0.67454166115705605       -6.7367144952254678     
  -1.5466037219647182       -1.7989731327080225     
  -4.6366348521931684       -7.2074680201489816     
   5.9085799716919434       -4.6076070734696994     
  -9.1216409234817526      -0.24374709179285592     
  -7.5705806260483737       -7.3968317051054235     
   3.9127855699506422        2.2893354789785150     
  -1.1443159105813590        10.657711001432546     
  -11.948908800843958        6.5336524328281156     
  -1.0669221249278260       -7.8769494948328562     
   9.0496195601169607       -2.0794616269429644     
   14.502059935386946       -2.0544745015700956     
  -2.1151817953444145       -6.7496754350971511     
   1.1470301698922321        6.1695411336213493     
  -11.062788525881166        5.4258462779460022     
  -2.2578124963408102        4.1990160127611915     
  0.57785899307373312       -10.509589071416379     
   11.060497876271647       -7.5767089349474732     
  -8.7627995275167621        3.0757029033278251     
  -4.0359800902896925       -8.9802797365408846     
  0.85167930176197737       -3.2383831758088464     
 -0.56941866749796566        2.5452520386129289     
   7.5608695963262438        5.0441860996897647     
   13.404400841342841        3.4604179686191352     
  -10.651525490006600       -5.2273863370444715     
  -11.302140166492478        6.2355630038689274     
   8.9657264274392521       -6.7187090359670361     
  -3.8740307463115604        10.228271409201831     
   10.195793327948694        2.8371393395288349     
  -9.9326234457229798      -0.49778860981409490     
   7.6884280888222536        2.9955894717860669     
  -14.998954690665867       0.88144962598629339     
 -0.54095000241981028       -9.1049365534676033E-002
   5.5755592090411970        4.7272086422020845     
   5.1817844906801769        11.135767054197414     
   5.6164890537864354       -12.189079761055076     
  -9.3242756674453222       -10.624897446174263     
  -3.0334953090039392        8.3042958853047786     
  -1.5928134591937324       -5.8937088507816675     
   6.4755407800637945       -1.9152069636120639     
   1.5955859670142074        2.0244433505998423     
   13.715812060970457        6.0727396321015359     
   13.105302293318806        7.6743649138456478     
  -10.736011142833162       -2.7212485459651714     
  -6.8788384268427230        4.7110978415431441     
   4.8020187354041939        12.995833375242475     
   1.4570854603912702       -6.8879347325524147     
  -14.110115463343526        1.5317214136325847     
  -3.9844957697789498       -8.2483985928576615     
   10.077484643967962       -6.9878287529466423     
   7.5789667009743393       -3.2762751704950728     
  -8.7688139583138405        10.026928247280392     
  -9.0902740068940613       -6.6554974354399468     
   12.473954189448909       -8.3822371030142886     
  -10.992031022228359       -6.1218794165102013     
   7.7347579432670299       -10.964274192572054     
  -11.739325925747538        2.0879646166555998     
   2.2019954272806022        3.3904434182623731     
  -1.1800475406830218        3.2498579200008058     
  -6.6331121417886898       -11.224577725857404     
  -12.430836070375095       -5.4138144051882620     
  -8.0483919020267383       -8.5465853713682058     
   3.7872303115885528        10.422246934560153     
   1.1851259799890070       -4.3787836836276854     
  -12.271678826128658       -3.3463507533215142     
   4.2928914165912291       -8.1128200142122928     
   1.7817591142944533       -5.0676283572565888     
   7.6875628700843563        8.0131041734413735     
  -2.2848754601202201        7.4717383869063196     
   10.818914058874714        7.7160473031429673     
   5.0274372926061615        6.3638265360745345     
   8.7720215475901533       -3.1628609626678577     
   9.0583384540985694       -4.7880680046551651     
  -13.058758521038557        3.1467521375670260     
   6.2298911614068873        8.8890602197499771     
   6.5855349082624128       -4.0160515737493601     
  -6.1471012073640647        8.7558866928624486     
   8.5580523874904255        2.9132743324205581     
  -13.620874551317018        4.4122794925822566     
   13.798696238532095        5.2067711491256290     
   3.9250770157024686       -9.1450766296300507     
  -10.053897713537062       -7.1514823874222868     
   11.882782635932511        6.1211345383856912     
  -10.349049459382876       -8.3708081481847554     
   8.3012976408015540       -9.4058636407958041     
  -2.8467774899519211        12.980369775680799     
  0.39460245922171550       -9.2078375107719772     
  0.94258694211843774        14.985031399815002     
   7.5539663608394108        3.8548585249132743     
   9.6117153164077536        3.9112313957037825     
  -4.5985324664121130        4.0217394711692229     
   5.2750606992777147       -6.7983929140794626     
   4.0297840014316044        8.7455357635172621     
   5.3956350048748849        12.339568440987810     
  -12.643172067723651       -1.8254513311642213     
   14.898883991844883        3.1058454753532030     
   4.3847074778143327       -11.452377855135186     
