   3.3301959262337499        11.330921452144105     
  -6.3657223785964065        5.7954612699124146     
  0.10548047687388763       -4.9372335429824131E-002
   8.3036831823197925       -1.7805867469003360     
   3.4152737159635635       -1.4588032041573225     
   11.784000661139208       -3.2856170292749782     
   4.1291637203029179       -2.1607192217678524     
  -4.5840407547273738        7.5240768097428230     
  -1.2441663084127332        1.6678486207091165     
 -0.26303371235276585        12.197631572496794     
   7.6969290306568379        5.0771191332594015     
  -9.2959887664145171        6.1401661052316889     
  -5.8388232214452698        2.7459498580637622     
   8.2345178595088964       -4.0135538290319852     
  -8.1584969827307319        1.5560089431578501     
   5.9521177147112665        8.6769986052621988     
   1.0618913163791135       -10.056175124879623     
   9.3823130866481570        3.1016982933546906     
 -0.34971004116733806        10.229554568538500     
  -3.1129525930518920        9.3709678037488242     
   6.4683895229475112        5.6094568129237938     
   9.4063265919126025        6.6296941818146715     
   10.396299558049375        6.7747517619819080     
   1.9046602120426266        4.0469630182905281     
 -0.18721354341041460        7.7527440473565825     
  0.31529298034595921        2.8662626297531730     
  -1.4276249595126271E-002   1.1187119361012203     
   7.6127121060351355        9.7882589379514862     
  -5.3294244910871740        11.072672126145724     
   1.3092710960886569        2.7572688875956861     
   5.8646596765843721        4.2746751785106234     
   1.9088026320542952       -5.4328885680628929     
   2.6030231218488344        1.2188937639752184     
   4.1166949493749136        9.2593581818601471     
   4.3892160914566212       -1.1923836458587787     
  -2.5025928621230760       -4.0492124341078872     
   1.1840762739487452        9.8781636844578600     
   6.6612692743379425        9.4810245847862031     
 -0.87889747299151977      -0.22733360835756228     
   3.8674265364296936        7.6697707398576718     
  -2.3088389400966287       0.44510348886819051     
   2.6860786283880747        6.0567872822928592     
   11.497647336793996        4.1088446989627485     
  -10.654034690629867        4.0904708015620450     
  -3.2514548612490790        10.398740731341967     
  -5.4478202799412756       -8.5977968968850664     
   3.6139532626540998       -3.1081062094459022     
   3.4106622557958826        5.3678598913402666     
  -3.7869234695750569       -9.3457006617533835     
   2.5974095758957603       -3.2798361522032504     
   2.1115775870312645       -1.7796876541846325     
   2.1873940411349304       0.27115093829217274     
   1.0724617062031490       -6.1168043509252605     
   8.2539775685432737       -3.0140494894949317     
   6.3035611720494682        1.3384157386538302     
 -0.35141397170947186       -1.0923470962395896     
  -5.3983044381348697E-002   3.8002323439566492     
   9.7855970265629377        1.7398935495755665     
   5.5325727202984307       -8.8463861160466593     
  -9.0471801270456584        2.0260992345824169     
   9.7886305056423648        7.6267080387079877     
  -3.2288598283617755       -5.9515406931341364     
   2.7479897133978941        7.7994551270991384     
  -3.5602916264557054       -11.063362669160668     
   4.5900164381246196        6.9798872158751388     
   8.9454690524986535        1.1897596983130092     
   5.3160703556375610       -6.1438737716060174     
  -6.3082548100622748       -7.3419585064286288     
   1.6263815263471639       -8.6741107395811508     
   4.4404009788776584        3.5677180667784882     
  -3.8603685316499261        2.4978399960093163     
 -0.23146618272035377       -5.0872969656569325     
  -8.3655311234804852        6.5023431587240141     
   6.8904136947914205       -5.5960048783084870     
   7.2836174684254447        8.6905093156064765     
  -7.5225173611839349        8.5798194962471577     
 -0.32949520489761014        2.0712758095043733     
  -9.7042043968201810        1.2725003560165324     
   1.7489331860611390       -3.8124495298514542     
  -7.2818661742527642       -3.2026354547473126     
   3.5251088609227570        3.1674889878676669     
   1.0547478977921956       0.26653428447862620     
  -9.8611579675119927       -1.5700129516084333     
   2.9477823279746613      -0.57031256537371677     
 -0.27371091750079346        5.7587004262750323     
  -5.3570290180141535        4.8932590123669826     
  -7.8123281614888223        7.6230853091266715     
  0.31888513462011897       -3.2119191714842459     
  -3.2280718922699831        4.0540889933077686     
  -2.6898635232525288        3.2128968892190657     
  -9.4520748859028725       0.30499990743910238     
   8.1448748593086364        8.1797144266703068     
   5.5767941563961543        2.0247589309377552     
  -3.5501030003562657       -6.9013013577907909     
  0.79279051598339778       -8.1172223630659559     
   1.6112356272873145        1.0963642082503977     
  0.71910726943584169        12.388642158660861     
   7.9018800165882705       -6.1218826523566925     
  0.83014756312716653       -2.3313223739059854     
  -1.0915488891662315       -4.5125441729767051     
   6.6431229887495418        10.481722937113853     
  -5.9333255521791344       0.79463325770731830     
  -1.0939040189127098        10.924307251738052     
   8.9528603586698257       -5.8760487432328565     
   6.6603225370966221        3.6693393875996434     
   9.8438909914862940       0.72248355430663114     
   3.3373681313450176       -5.5889688023282886     
  -5.1148480361305877        1.5969819690703484     
  -5.0355835677602858        8.4393684557216808     
   3.0747132943233382       -10.932370930030803     
  -4.6282542690365016       -10.860622944456098     
  -6.7129533436334441        7.3083243755403835     
  -8.1570909653891466       -6.7507730346736112     
   5.5063497997552648       -1.1443787436377075     
  -7.6824879182250427       -5.8681737779296741     
   10.584033560196053        5.7834246508291756     
   3.4026285939445922        8.5551769385833758     
  -1.5329599865967116       -3.3448542165978066     
   3.9125970597375423      -0.27992634103783870     
   1.4331922035128468        8.9025155938054379     
   5.0633362995294879        6.1005526414972007     
 -0.94317661392167507       -6.3721479777749650     
  -6.7696955106104459        3.1925570360030022     
  -7.1366171795439088        5.1432034186310975     
   9.8524788639297061       -5.4116180861194660     
   4.8832872918189523        4.4651699107697320     
  -5.5680707699237102       -3.0276605235615368     
  -10.241408839083794        5.2087579394204386     
   2.6018804390885895       -8.2263262960664854     
  -1.0970155463376650       -8.0134285958821696     
  -2.6248446616554668        12.122975031273151     
  -5.2202430660771544       -9.9027172388702761E-002
  -6.3711499472527695       -3.6224515758054694     
  -10.840234569669482       -1.7894039868941409     
   8.9051658434715115        2.2228250576086364     
   7.2694849515748370       -8.0192497559486888     
  -12.132417143346307       0.39938893280342852     
  -6.5666901832266964        8.8925432062198428     
 -0.94094093695074787       -10.150480231281730     
  -8.3678752129681548        4.3541288177202917     
 -0.23707675476555212       -9.4382308873935905     
  -4.0549417736219411      -0.38914269986340300     
   10.371120171195560       -3.4801334211781541     
   6.2645132289213654        2.7510417088103067     
   3.8176606675003337        4.3485073603171776     
   4.8076453132170620        10.176463543054904     
   8.3828471596795939        3.0762918089658422     
  -5.4558031392714454       -4.0247055691073017     
  -1.2578125590255365        9.8105930769830767     
  -1.2517582687099365        12.346161851380742     
 -0.46215001330702604        8.7797918966759578     
   6.1127139017893981       -9.6674413687180767     
  -7.5889441188151396        5.1468493033744026E-002
  0.27941334241015170        9.4504285759655442     
   6.7808867134705313        6.7940162852356858     
  -2.5661925926807641       -5.0504604301134473     
  -10.178142014703976       -3.6297220592363595     
  -1.3511076678901532       -1.1086164044371793     
  -3.2793201496027176       0.69676546914925241     
   2.8265577377862598        10.467199231443608     
   3.1525624875387002        9.5230740651602570     
  -7.3193571850841259        6.5115545171754698     
   3.4136676447756855       -6.5918289503377876     
   11.313256358664164        5.1006080694006757     
   2.5392093170256849        4.8797753715993357     
  -6.5708639727469142       -10.527398468086323     
  -6.0862691212490159      -0.60114758784519950     
  -8.5006702609940437       0.61335105168156512     
   5.7804992938380195        6.7981354779765857     
  -2.6532790549492256       -12.121565504445067     
  -4.9728512512232497       -9.5297057045645772     
  -3.3397253691606505       -3.4928203265113806     
  -5.4212996746711326        9.3610264136320254     
  -2.3536162053866976       -1.1784415261599448     
  -2.2670890010690412        10.215929577794521     
  -9.2405143905950897        5.1388812712824503     
   7.8190826079914908        4.0846419651360177     
  -10.229994706067966       -2.5981919358803034     
  0.95334224671353496        3.6952315526429378     
   6.2722564397822733       -8.1700673630790881     
   4.2176511362479587       -3.9082222518167691     
   9.5669086435334680       -2.8854045575120817     
  -10.619737162488082       -6.0860725335077150     
  -2.0188724598825085        9.1595721086258237     
   12.313018171324666       -1.1985178927756603     
  -8.8149313997855359       -5.8587945732638520     
   3.2048673205444738        6.9111019842141630     
  -3.3989988985395287       -4.4931219496264578     
   6.3012357283439382        7.7393892605683501     
 -0.71026823070926581        3.0057419248604167     
   1.3964587844102374        4.9068301692270682     
  -5.3421763477303790       -7.5992323098431971     
   5.5393636383295011        5.2208227954851898     
  -11.647947643908099        3.4981445579210733     
   5.3034945289272715        7.6786005517690281     
   7.2769788124330432       -3.6933912524497083     
  -2.8302629746725767       -8.5068458136877538     
   2.8987903037173903        3.9476885574405252     
   5.1263745536362411       -2.0701205104597236     
  -10.028949950984948        3.2767627984422281     


