   1.7066119084605884       -2.8132110704057753     
  -9.4630749481183916        7.1280244154808967     
   8.5579175549053197        6.1004978308863773     
   3.1809556931850378       0.40153354576907191     
   9.2928902169343193       -1.9234690069900968     
   7.0523941942479862       -2.7061060896349853     
   8.0421962728548220        1.7184034787201876     
   5.8981809914833097       -2.7393059557789146     
  -6.8314105022210567        4.1904794947316937     
  -8.8802244787214040        3.0120316623951799     
   3.4042754089736156       -4.4898032589562362     
  -6.4831674947735340       -2.5997036853190396     
   5.3787985476272109       0.95779483227321660     
  -8.0622440075015085       -4.9432754082218926     
  -7.6668526776978343        3.6402801902245856     
 -0.19302731166098361       -8.4390551580501914     
   10.771755987615213        1.5424110892506246     
  -9.1436365624509417       -3.8813698962541823     
   4.9079810543676716       -3.0463645995937516     
  -11.365125984441802      -0.28444540332100654     
  0.77545368829692418        8.0325747652166033     
   7.2705375079117474        1.0825621659362628     
  -5.9332364824616937        3.7421294571044750     
   12.154992555555507       -2.1876242338894127     
  -2.5460497015142831       -6.9568920862261638     
   8.6219012937001267       -6.8202157354953528     
   10.448961528409582        2.4889429866367871     
   9.1180212580790414        8.4181335848106045     
  -6.9506501670982939       -5.1842871318407617     
   4.4647249266431883       0.55371151014096631     
   9.5876937524198986        5.6313853342605125     
  -10.916695202615154        2.8101674838869029     
   2.7039482459031157        12.110777440313122     
   7.3726193881256981       -4.7180993056053007     
  0.24764457365644990       -4.2091984886456402     
  -3.1301947601903017       -1.8167976426486012     
  -7.2886914050717886       -1.8060543883126212     
  -4.3274826332068166        4.7408163987252916     
   6.9910275325886264        2.0642711540478742     
  -8.6918840461681253       -1.5393007684672280     
  -4.2755372918559091       -2.3652676901624918     
   8.8138627416701372        3.9781448683736480     
   8.8986077623297337       -8.6492617043835498     
   4.5860652644810607        8.3748848045388176     
   4.5773787872299794       -8.5419800447541050     
  -9.1302786638328008      -0.64079301412050016     
  -3.9888220813521893       -5.3013542030152996     
  -2.2234780446877047       -6.0105960620756314     
  -1.6451225575519770       -12.093391279763614     
   7.3866032697656987        2.9824361791950280     
  -2.0814676166438826       -7.8421464774475718     
  -1.3221135430825277       0.66827931118226769     
   7.3039388189438847       -1.7381173695776992     
   5.7857271399314234        9.9680140870757459     
  -2.4014784586532985       -2.5012905519494741     
   5.8419666691639618       -7.2614193589297509     
  -2.9144761672015580      -0.34998569801223661     
   6.8378759245984622      -0.82514860053455341     
  -4.8380808688641768        2.7072828471656476     
   7.2965977048670227        7.6513521505813955     
   9.1254249701914105       -4.5980257995516052     
   6.2754730342839267       -3.6694609246555343     
   1.7050573575774834        5.8590146229841027     
   2.4213683220038029        8.7447522842773928     
   8.3835181032835955       -7.7921034806946041     
   2.4065013809999787       -4.5654555175975915     
   3.8107747258141311E-002  -6.0959653736426391     
  -2.2073526122898928       -10.373111556419493     
   9.5725444760914442        4.6290204870498997     
   1.1034955601646059        6.9822496211576599     
  0.77399981840203291        10.790221644082189     
  -7.6327913699202172       -8.6296564964381357     
   11.031127920660207       -5.5687125608448813     
   4.6598529164595224        11.498696191530277     
   4.4965145437824985       -10.136722685670568     
   11.266185576616655       -1.5922877880105315     
  -1.1810618575141536        6.1779697927202584     
  -4.3625845598893198       0.56159041785055286     
   1.7482864177610686        7.8017460593130084     
  -5.3158801680245036       -5.0148124186717853     
   6.7762683416775120       -6.6087321739205223     
   5.4168457983572695       -4.1825101900403743     
   6.7885808406175565        4.6617473806009899     
   2.1600027804228246       -10.070163100633160     
  -8.1445612168993069       -3.9312094980964676     
  -11.127151839323744       -4.1056717058554373     
  -10.033819496284066        2.2161579328386978     
   7.8398848068752907      -0.89379886175929801     
  0.72306262168502555        5.6649189345581084     
  -10.435243888526895       0.12122163891202029     
   8.9700008849766881       0.11512266484032668     
  -7.1816820680423881       -4.2092014004268048     
  -6.9951369677320265       -6.6049678692912082     
   6.8969861569411490       -8.9508132162853222     
  -5.2190394931582675       -1.0993157825408095     
   1.7482754033620374        11.817651386357069     
  -4.7473135653570191       -6.7934646879243061     
  -3.1291268600676214        1.6853416122556883     
  -7.9260459786651838        2.6741059851097257     
   8.6958627255585004        5.1101360359280905     
   4.3239537780658637       -6.0232239218262471     
   1.1590227678201603       -4.6198068370387944     
   9.6047999578342544       -6.6334232450943018     
   3.7330592832291041        1.2346270647919302     
   12.004558340481166        1.3740656625503629     
   5.4633541876157903        3.3528423537912926     
  -4.4281932852543999        9.2362811017534749     
  -1.6454628577169437        5.2066123955028152     
  -3.6646049712352506       -7.9558309524070241     
   12.214089657895116        9.0117782638832716E-002
   6.3764251913092265       -10.645823967730189     
  -2.7051313281630258       -9.5012653421370672     
   3.8596490701838642        2.2260733895011637     
 -0.59890583373020745       -2.6496328300174823     
  -9.0001748651341913       -2.5628818821731119     
   11.237861810353975        3.1100471539965486     
  -4.1169736853531571        1.5312980381023125     
  -2.8948746060573880        6.5650100976382877     
   1.5598713005675153       -7.0811575927484984     
  -2.2387554302448027        2.1457877365656128     
  -2.5538229810351472        5.6251627420602590     
   5.7756882058158858        10.978008448577041     
  -6.4127563187875545       -8.3379648668239366     
  0.92471172053916284        1.8336557625561272     
   1.5769746830937150      -0.58520082456901146     
   2.1699437239182022        9.7131210566318789     
  0.72732967103547930       -9.1138492652033385     
   3.3588289605682164       -9.3081871361380699     
  -1.3799660111621876       -5.4731633471972687     
   9.7982024976967850       -7.6141341872622990     
   7.9601816666125789        6.9015663773846381     
  -6.0725675076577756       -5.6686122190295114     
   7.9639431609277489        9.9955184222390261E-002
   2.4702157284189421       -6.2604347787259069     
  0.15708454140207845        6.6598288966436918     
  0.41647707385577648        4.6998969650282394     
 -0.13517647434351612        11.206425630818979     
   4.5870733914675972       -7.1901751790106179     
   4.2595267520092035       -5.0079586995401169     
   10.352014822507911      -0.23161537777844141     
   5.3771914604599376       -10.619038022265400     
   11.037322223112538       0.56190731465209476     
   3.5975456647249744       -8.3374654443508742     
  -8.1213591417584645        5.3237922868197316     
  -1.4379676795306662       -2.1050627067997323     
   1.8224370839248951        10.651478014298306     
  -6.1105033314705217        1.7836118956944464     
  -6.3045372325105120       -1.5777257730518524     
   7.0880956070440062       -9.9433405988727355     
   6.2375576615890029       -4.7807245914597152     
   8.8592290892819836      -0.88850945091061262     
  -8.0020154524230040       -2.5085474254548035     
  -4.4611356279804957        11.580006748233277     
   3.9329420436734006        6.2247716349260580     
   2.0966328115265656        6.8648950547846823     
   9.8752868786929611       -1.1103341473588337     
   8.8083936014425888        7.4308263009641466     
   7.6503874389289201       -7.0949735631796171     
   5.1155793416940405        9.2249117177028417     
   7.8986099177940030       -8.9561290499392339     
  -2.8529335571306902        7.8932751639338781     
   10.308284998961895        3.4789661562018956     
  -1.1473517313053925       -9.0222223028127324     
   7.4454125675889502        6.0447513093712759     
   4.4093481852887333        5.3448250252348517     
   11.338663324888435      -0.39303776881667701     
   10.591005499642941       -6.4673698805411144     
   8.2819797521881107       -5.1346249148300798     
   5.9019540586619019      -0.18954808325979822     
  -1.3822283238659518        8.3879521016843306     
   4.7764969424490715        2.6255635557068078     
   4.9134367977303670      -0.34028705297877809     
  -6.9156477865458807       0.97475131310981433     
   3.8256369886473465        10.443159323051400     
  -4.4460421305332041       -8.5855545816469814     
   6.8410655871997879       0.17503755493250778     
  -3.3737455349744461        5.0479470823128052     
 -0.58129402263673968       -3.6500313025886242     
  -4.6811918835511355        3.6962588553293840     
   4.2104909701330389       -11.095112101876786     
  -5.9659743232462077        8.0732715682607417     
 -0.70972696236033117        4.8544239500011921     
   10.113774781230505       -4.4460197409988620     
   6.2577539752731974       -1.8036822347756181     
  -4.4597288719686521       -3.9400730443806364     
   10.555440918228941        4.4484927687587072     
   1.9964913128086401        2.0189724936827105     
  0.63157476308605220      -0.91330537162125747     
   2.5190112437047856        3.0208237058001246     
  -11.633086040967376        1.7977360566277023     
  -10.691949893395252        1.4278050417566894     
  -7.0107938798253473        2.2189458893721903     
  -1.9614104161570074E-002  -11.076313858828660     
  -3.6214764818823273        7.2528439743616016     
  -7.8411558216790995      -0.93778635472164851     
  -1.7102699721972769        2.9959712201796247     
   2.9442242544439927       -2.3418487428965826     
  -9.2741508367333427        3.9328973602761672     
   8.3831210143739714        9.1503777032333211     
  -1.9297035289832436        6.8420601919778736     


