  0.95822786623856626       -2.3107469555618838     
   4.9494197175204340        10.153862362541155     
   4.8690027042718427        4.5781949796604566     
  -8.2531098514800743       -2.3996972180140284     
  -5.8211642358219970        3.3975927280629752     
  -2.0158139870415801       -5.8432923489213771     
   1.9798037165116698       -10.077979517482284     
   7.7064042020678620        7.6909906699060420     
  -1.4975948814254965       -9.9038471745850050     
  -6.7505728361735278        6.7368624800144765     
   6.2946500378626951        5.9621509596937123     
  -6.5423217570652108       -1.3539595527180164     
  -5.0077617000706010E-002  -3.7568962777928379     
  -5.8456951688907779        9.4553697242699251     
  -8.6185922445048231        7.8741945549826191     
   11.092873082353490        2.8388149000478990     
   10.270037103797153       -5.1668627981111843     
   12.049984871802662       -2.9600332630078143     
  -3.0472004329808215        11.632112700113806     
   2.1210169174928910        8.6402892984117372     
   9.0357575497291229       -8.5055557074863817     
  -10.940260090470508        2.9379142926696122     
  -6.0539467022608475        2.4079330682837434     
  0.12150344968348620       -12.377399933752285     
  -6.9511888588443709        3.6842172896458041     
  -9.9351962669735380E-002   1.3930122313369602     
   3.9811183881469079        2.9746326953849125     
  -9.9402594112214118        1.2673244885910908     
   5.3910203030459716       -11.174967278824813     
  -10.548493248047322       -3.2372610586721895     
  -3.4832418520378767       -11.099984240810162     
  -7.5675023479338535        6.1593369622967789     
  -7.4202053362233746        5.1709911448307899     
  -5.6205511176357255E-002  -2.5118872918297077     
 -0.87803798419986379        2.2426818376430484     
  -11.974673603703987       -3.2575361616263558     
  -1.2848655890904896       -7.6799376836141935     
   3.7054701809499608        1.3507839893028963     
  -7.2776445728795984       -9.8903628234540104     
   5.4827220187276895        1.5613533170413678     
  -1.0475378592057758       -3.6848727539596910     
  -2.9482987400787612       0.85542936343115872     
  -2.5457161058132933        7.9602676540341291     
   1.7454950697762943       -11.282617563344091     
   6.8891410717679342        6.7672485435144747     
   9.4149659395504113       -5.6890143528775168     
   4.2898294548826224       -5.2789358460726392     
  -6.0248196113394457      -0.49846275617781921     
   10.110789276456808        2.6554577536420725     
   4.6602300386261941        9.1864083540949153     
  -6.1757916862966313       -9.6593867519713186     
   6.2926973253463574        8.0862960139647289     
   5.2074558171265233       -5.6739802194224183     
  -3.1472670152226105        5.8273318423145311     
  -5.6782375317131173        11.033803743523659     
 -0.64394017863893527       -10.504687714007769     
  0.97666992737887115        11.365458294659263     
  0.53263234642685575       -7.6788600048634468     
   6.1701319288489227        9.0994547540621564     
  -12.291942200941980      -0.10992382693073766     
   1.4766506957605825        3.9136012325998886     
   3.6011693681058889       -2.8466934090608045     
   5.0589633664009312       -9.5989102596278624     
   12.084740963157422        2.6906183857502808     
   2.7228605211034549       -11.067735656186660     
   3.6916381879538842       -10.821012380507979     
  0.95268349472617542        8.9037146556023483     
   11.443486762414434       -1.3319508468758818     
  -12.100278881469098        2.7535362273385902     
   9.7840266064486148        3.6008276797050156     
   4.7265489863626948       -4.3713530153090314     
   2.6088696878808717       -6.5290910172954923     
  -5.7621910088862798       -5.2005951021479699     
  -5.1761519484389247        6.6202195796259957     
  -3.0054547901597970       -10.222604262254528     
   3.4214618692739815       -11.784969860511202     
  -4.4765531210745939       -3.5810694387801711     
  0.26053749912655610       0.42816788278823864     
  -5.3075402296573531       -11.217536191660450     
   7.1805107647637660        8.5454436205534847     
  -3.6359539187201690       -4.3698015157287475     
  -9.3050748423215222      -0.10758934718216724     
   10.376917889546279        1.6917742011706520     
  -1.2755139060290612       -11.280655666728386     
  -2.5995334273415933       -11.570022684746817     
   9.7145108584159008        4.7801202072267381     
  -2.4819468284401527       -1.9033293106275500     
  -9.5336742298693107        5.3562279713873266     
   8.3206927731730627      -0.79858599316987078     
   7.3560134853228814       -3.3206112211800192     
   2.7851645574487578       0.60170860373888302     
  -8.1316468737462984       -9.3707592601926386     
  -2.0938171914215036       -10.705673419108896     
  -3.8393274040746861       0.33544552761585816     
  -4.4716476051876519       -7.8181888142124203     
  -7.5059671062436397       -1.6193865909206375     
  -8.4863437070244370       -1.4179869373497542     
  -3.8109856137817961       -2.3195642516971535     
   2.9795694144292924       -10.101592620062769     
  -4.9218886162502633       -6.9135629951856545     
  0.38207715241572937       -8.6674281756176494     
  -5.6289891423568585       -1.7600305580487576     
  0.88669706663224379        3.0996066026193931     
   5.9941586716229640       -3.1489607327594240     
   9.2039614167661785       -6.6659271703315435     
  -4.9849128180759532        4.7356012736039581     
   7.3402040991295774        5.8685017621873508     
 -0.63751670208640310        7.3593743147175612     
  0.22446910870914336        9.6541818139102364     
   3.5320199852341609       -5.9314956743975422     
  -9.6566957460731597        3.0841251303770205     
  -2.9165370081358062       -2.9834720491001891     
   2.9650305489384818       -9.1014362648304559     
   2.6688331781122079       -2.4827484009392160     
   11.412464091652728        1.7075373826082765     
  -6.2305730675666000       0.47960600261819908     
  -2.8994159736752461        6.8408174317601658     
   6.0102777948671653       -6.7189854131562026     
  -8.8681459329198056        2.3624291787174858     
   11.150466891235883        5.4151957804056110     
  -5.0498638382966803      -0.71407576510465409     
   1.3626628274149366       -8.8808419642962502     
   6.7684034016285706        4.9951239990500094     
   4.9968722097374911       -3.3788472253082227     
   9.4250891204943752       -3.3705420013047864     
  -8.3111910837336307        1.2500428924440348E-002
   5.9609833492360913        7.1416645557097995     
   5.7011995846099959        4.0203018709777032     
   5.0101568922246154       -6.6889176393557923     
   2.2448168026143551       -8.4077651887442801     
   3.0432433588521666        2.5818320215465582     
 -0.59042674913245208       -6.2846051619826202     
  -3.9799505575380776       -6.5792319955604937     
  -8.1558980032195301        1.0086336822057946     
  -6.8250556150856330        7.7339415554296425     
   4.7598077739085527       -4.6208884061857608E-002
   3.0175734963466607        7.1531570519444827     
   1.7958320642481109       0.77155444711730214     
   2.5803829100278048        6.2517850388078022     
  -2.8385943744292370       -6.5617776558108893     
  0.27748291968517746      -0.57169922109147098     
  -4.8713462238794003        3.7083523853388942     
  -7.7823256987442688       -4.5480321525992506     
   2.7250880072886670        1.6289674802647112     
  -1.8580867058509649        8.6853332443148474     
  -6.7732800053615518        1.7134501913594640     
  -1.9502692235397818        6.5264256259441504     
  -6.9932376021527514       -3.9345070340654562     
   12.387561417102877       0.30955376781755950     
   7.4337692272756479      -0.14957043932569106     
   2.0222168163067828        7.4042652678815584     
   7.2529069068061336        10.063851391265926     
   8.2030411505631378       -6.6596438191179343     
  -7.0271544130269623       -6.7371854837509790     
   2.6056395362444960        10.142207074325826     
   3.1027337471684326        8.8308555683712804     
  -8.2849691142247046        3.4014780117728427     
  -7.6712066501632350        9.7478286944995194     
 -0.60622509846203843       -8.9512130270084200E-002
  0.48566747833369828       -4.6003687353959277     
  -3.5442849891131920        7.9159634652542890     
   8.7570213471428406        4.4921532536602742     
   4.0433085015821106      -0.74355753429971494     
   6.6574160119580519        3.7226352103131504     
  -4.7990719378002709        9.6118766268455111     
   1.8644354893282986       -1.8911047087887978     
   9.6197453111123767       -4.3528865078282655     
   1.5968802128340882       -3.9571232051548417     
  -7.7279077085489485        7.3030644555256368     
  -4.4026651599440569        5.6781674452799837     
  -3.2395513023767037       -7.4797620391835844     
   4.9800539186743862        3.3045932932308988     
   10.189031917807585       -6.8783103119222009     
  -2.1729789578538083        12.217541257217617     
  -3.7939323388341988       -5.5955249572882080     
 -0.57504237657007540        4.5328754078807911     
   5.5529373340383188       0.56191069930810622     
   4.6360883859248281       0.98262203587906805     
   3.8298320139955537        10.046321048222461     
  -2.2837364948620698      -0.92187001859388673     
 -0.58128404655162869       -4.6044946022974305     
   3.8215218078819682       -3.9476291979713434     
  -1.5142250851437271       -1.6441209529729022     
   8.4521053257671337        8.3601651203473395     
  -3.8175157472739558        3.5026913923044720     
  -9.6406234623544460       -4.2364692434756233     
  -6.3249146645249512       -6.0257643594002639     
  -4.0511951154899171      -0.66644663053703468     
   1.6135634714517635        10.256901397151656     
   7.8356736254945183       0.76991157839721869     
  0.95647654744057409       -10.583572142182087     
  -11.294204564318372       -4.8277276916303138E-002
   1.1477910262038045       -6.0418394952036283E-002
   11.269524267789480       -5.1965897429961352     
   9.2311926816188858        2.1727414528025366     
   11.282225824292469       -2.3196809582300544     
   1.6291746152832611       -6.2351871383312121     
  -2.3444083888068494        2.9803799331752181     
  -3.0511268751815588      -0.28140804696616850     
   5.3770469139683952        8.4889167131500312     
