   10.516601998980990        3.3387553292531060     
   2.2043567431091100        7.1361605188770758     
   10.665126140237399       -6.3402606780475974     
   4.4148365973253823        3.1234950673022239     
  -8.7023110472228993       -1.0114654103288097     
  -9.9689403858059897        5.6166391466528474     
   1.7180312610621584        11.421010114597680     
 -0.16621229559692297       -9.8195716156533290     
   11.717225467708934        2.6493258368319617     
   9.4656167867778116       -1.5443508951120501     
  -3.0390129256678180        12.032043221208802     
  -9.0905819681818478        7.0463332126186300     
   2.4575623337999999       -1.9940383677998663     
   6.5753106671228281       -7.1646118744265195     
 -0.90975213863239601       -1.9350084186373486     
  -5.7360368185613142       -2.7552494569325297     
  -10.653892922965159      -0.35905048070405304     
   7.0296530000350037        2.3039971342685961     
   7.4983940101411077       -7.6625467312693667     
  -6.8527759904831260       -4.0984747691471020     
   4.6889289106316863      -0.95976277801813359     
   1.2449695937374052       -6.6634083835547946     
  -4.5048365672153690        4.1281841265710080     
  -3.2453892509498448        10.036600597736200     
   6.5660995578095980        5.4457210706609827     
   5.9946880568972416        1.8295096932056771     
   2.5803438385663271        2.3280825797553582     
   2.2751443117623413       -8.1276564275959320     
   4.6284345357461616        4.1006347331420008     
   9.6190973852672439        5.4744170453028191     
  -3.0069632285995551       -6.3314187813565708     
  -8.2790309734244776       -2.1751902391894498     
   1.1604881789230754        5.7060138277884169     
  -11.219781903104254       -5.3021368798335464     
   9.3529427708340140       -2.6366342634273239     
  -3.5374216904519749        7.0647936020706545     
  -11.345698934735230        2.7232350145832718     
   3.3910026180185482       0.17836977314230068     
   1.4686373420999299        9.5953797969719208     
   2.2475902917056323       -12.203805298406314     
  -4.6544711173485513       -6.6535132985268302     
 -0.32282759084923174       -1.1251555945939320     
  -4.0151884759974292        10.726803069249746     
   5.9947867395680197       -7.9787642980993043     
  -10.957720467796474        5.8238629255174734     
  -1.5656274373654311        8.5342003534461135     
 -0.18973966622081623        11.001458955214128     
  -9.4534341129148256        8.0388556333108188     
  -9.7527245143476531        4.5661437743275286     
   7.8144306269032455        1.1482361759996880     
   6.5930154786944719        10.513746671715261     
   8.5165834761887584        1.8603519544280542     
   1.0058528524989978        10.486373533870941     
  -10.472827906240079       -4.6236392455626030     
  -1.0019313021197166E-003   5.6289695942517106     
   5.7221314599765778       -4.0741357651783554     
   6.9470890166967569        4.4322006126150102     
   1.6420329064923167       -11.174655006203729     
  0.52317281945154859        9.1363200981571921     
  -8.1126312510053342        4.8603553433350521     
  -10.589027909745832        1.0646149900036794     
  -3.7961062065896969       -4.4499215325200998     
   6.2234645284504966       -9.1261773345807988     
  -7.8877798476933192       -3.5292571271642523     
   4.0478673559756588       -8.1411407079707985     
  -1.3334482930150366       -8.7049764538704242     
  -3.5630687427286984        3.5003293193371845     
   8.4314864151350530        9.1017809137006065     
  -3.5459340879572250        6.0648215374381325     
  -2.5933138241400822        9.0696338238230325     
  -6.8010268701977337       -1.6537974698632600     
 -0.97196755541148239       -12.371373746621403     
   4.3256585232707252        2.1159742652207716     
  -6.9020979325899845E-002   11.994470850959585     
   6.7697263622361907       -2.3135416886867954     
   10.342174094433839       -3.3553747370975429     
   9.0636260371747088        6.3668850489476156     
  -1.8887379303177299      -0.33412603579436639     
   1.9235724021398264       -3.0588589229260648     
  -3.9969385027718594        11.741752047830710     
   5.0327546774424681       -8.3156178499833810     
   10.064768297054945        6.3715169934354767     
   1.1277842920489505       -12.358541421239345     
   4.6965244974331535        5.4666590624327958     
  -4.6889600352217258       0.70927278314064246     
   2.8923208656660226        4.4178547955606149     
   10.064560467782778       -4.3964119668935417     
   7.2661227622208733        7.6944927597206059     
  -9.4650366015209304       -7.7375790192432676     
  -1.1588392281807081       -9.9392879871662192     
  0.96043854690863595        3.6409250773019397     
   2.6382247821762346       -11.283233113150349     
  0.53595155303903053        8.1352788483571175     
  -4.9891637422255952       -1.1811358055292638     
  -1.5499105563358604        9.5341159205209181     
  -3.9523367461679437       -1.5455675092669410     
  -8.0638357219345522       -5.4782074977996702     
   3.1263396820743989       -10.409189962492990     
   5.6148081280210898      -0.15756857580420905     
  -6.5905451936354105        6.3820761396297261     
  -12.393863948954420       0.23652231817893749     
 -0.35947744371595192        2.1695576652857809     
   4.5371135069528590       0.11474571300842207     
   5.4926241329088894       -5.8198828176007087     
   2.9085200906404931        1.0540601283876245     
  -12.209134099714378        2.2190294397420400     
  -11.055976823310194       -2.8281694824783727     
   8.4741600322711079       -3.2225090807074688     
  -8.8686358562796705       0.98357568267866158     
   12.282612731767857       -1.7728222159523970     
  0.10755891996806002        10.046118039548970     
  -11.300898052754375        4.8228217506649882     
  -1.2885415208451787       -5.7516046819596989     
   7.9024595453408031        4.8488673758421896     
   5.0296536752602607        8.0010209315465328     
  -2.8060241677248325       -11.550907126391564     
   1.5451080430332480      -0.42970646550939356     
  -4.3482574211775216       -10.992133167273447     
  -1.2902541966874308        11.176102755351804     
   1.6239691361758777        2.8931023804061637     
   3.6758303539673292        3.7969711910110733     
  -3.7357648680338205       -8.5168805024666785     
  -12.219957687630270       -2.1623880908551252     
  -4.5521079966171074      -0.28138023119648808     
   3.0345468731807399        5.4683632415932779     
  -2.9306215777686422        1.1863275056081943     
  -4.4863098166960276       -9.1772894964518983     
  -6.2181617266485096        7.3130970681234837     
  -5.0761527046651889        10.396333925752380     
  -8.4529746400858112       -8.0682834353183654     
  -5.5107549059919272       -7.1720905196999611     
   3.3167515866788886        11.334341420904684     
   5.3919714294505914        4.7466008419476244     
   4.7931971581009627        11.353094961869404     
  -9.6299361212803554       -1.4795326344349187     
   1.7564924343854071       -5.8044870760753300     
  -2.6675495828265432      -0.96015338900764802     
 -0.30682812874075399       -8.8281384472011677     
   2.0146947126242623       0.50251715104506078     
  -7.1644827932486121        7.6341134611551693     
  -7.4924057480414552       -8.8490861719719245     
  -1.9301736149919515        4.8098070373235364     
   2.1040831075253492        6.1417299281010127     
  -3.5937945619811282        9.0531018209298271     
   8.8431442569464682       -6.2584330352018132     
   11.533631100231805       -3.5814925852343711     
  -12.004916228022855       -3.1428726014469817     
  -11.650014534230008      -0.44571275340316979     
   9.1524640745801751       -3.9580405352910644     
  -1.0593060387652709       -4.2960110079240339     
  -4.4915660749375439        3.1244064565410290     
   1.1384982653417748       -10.224419814022374     
   1.4717022340342985       -2.1669711918493295     
   7.8373384931311509        2.8933295607156881     
  -7.2558405254191696        9.8056132359389920     
  -3.7262617559793423       -7.0263148913202089     
  -2.0991739252960184       -7.5346582064550294     
  -7.5881929050517254       -6.8984761895821078     
   8.5478051099561814       -1.9431731440408799     
  0.41166122109566522        2.8048619485247630     
   4.7831459635427596        6.5526323103503197     
   8.8690368775146506        7.3495227373407062     
   3.0851221999428291        7.6087718630475818     
  -10.218224152154763       -5.5906098625296297     
  -8.1556426138311657        9.3519506468998443     
   7.7394396009657118       -5.5192245764558043     
  -1.6756640361802286        7.2726782004422583     
  0.58113304808299826       -11.520572210860918     
   5.9864972778732133       -10.184796979297428     
   9.8487448297136986        7.5498837181667495     
   6.7754088375112964        1.2037190088446090     
  0.85873503227769965        4.6362998980497334     
   12.277095419477549        1.8079901848911206     
   3.9963545286998330       -7.1233301647916738     
  -1.8798597379664270       -6.5585705680489088     
  -8.4843639938653954       -6.4552484660723710     
   9.7027601638379224       0.36587104124330505     
  -3.9522105493048604E-002   3.7017605763085273     
  -11.263955810874506       -3.8213632391279182     
  -3.9870895835270628        1.4985692304314462     
   3.2225802889136279       -1.0814178170438600     
   10.425591985192671        1.0740552017704694     
  -8.4687296908710774       -9.0687140773167307     
   11.418135095813723       -1.2682763956340566     
 -0.57331620700620745        9.3148584094419302     
  -6.9653858411174285      -0.66391959713924398     
  -1.8683974685809661        3.4573287313430265     
   2.0513785536698834        10.478613022931768     
   5.5872795227607206        5.9568973132556655     
  -1.2285742032702958        2.6741274816855771     
  -4.2602935110587472       -3.0554942955994675     
   8.8842792390817173       -7.9575623125766937     
  -7.3784928470862896       -2.6289424385399749     
  -9.2477972924912955       -2.4338532019581942     
  -9.3719830472213399       -3.7163221863236644     
  -3.3353719044881527       -5.3814223819671616     
  -5.4897400747190686       -9.1689037513815297     
  -6.6257334459635713       -8.1746369687381453     
   5.1138872508232494       -1.8662155462774155     
  0.30529632230746134        1.4212234378928086     
