  -5.4731085166329700        20.513898336872124     
   6.8631460084076616        7.0588691311878584     
  -4.9221818406732973        7.9343876543127960     
  -17.348034384471649       -13.425769737578724     
  -12.190244408297101       -16.092790778828636     
   18.216293549234464       -7.8916213016049612     
  -10.276296214326488       -11.627686066994997     
  -2.2318137080673601       -5.9135398405853854     
   11.746544422074859       -20.363966837148055     
   12.736998415864024        10.564542147450760     
  -10.577576779820664       -18.598980897117066     
  -7.2010981608727658        12.217181631881807     
   7.5809165573101023        8.1819368174387925     
   16.417358839699471        10.903060370476556     
   14.489448440244882       -11.156747190677928     
   1.8224684817069918        2.1746135598220726     
  -6.3266483868161387        16.064038267191627     
   2.3105008863363707        17.454368038141585     
   1.7285057945918683        12.241918566518688     
   4.8019733573800902       -12.912004485448847     
   22.343728308068950        8.9885895067932626     
  -8.9103076007963526        13.719436931540017     
  -7.6512395072001471       0.34576066222551455     
  -16.402192599753338       -12.286734588167459     
  -19.418784433346922       -9.1400411745363215     
   15.541255271643585       -11.710074473407111     
  -10.725089809815852        10.596700817753302     
  -7.0108506566175226        21.502955283889197     
   1.0332959059598179       -22.487268757249279     
   10.009132839259610       -6.9674636786049495     
   15.494884770813535       -18.633661490836644     
  -8.6393392573541306        14.492883890505590     
  -11.114088248589702        4.2758628560190450     
   12.516307014602097       -21.124974615514976     
  -3.6812878999445942        10.909232359860571     
  -2.7838060188945038E-002  -10.877520690196642     
   23.252161205568896        5.1432328302120602     
  -14.671214818914448        13.893870318587263     
   5.6182706670715925       -5.7009879583420124     
  -13.752798408966713        12.302277451973559     
   2.2375719936377845       -5.7173085880659974E-002
   22.039053620441972       -9.1295854775700338     
  -3.6768133825536777        4.6287690752014923     
   19.662905626579207      -0.17093729767964677     
  -3.1464270002409735       -20.036988366876020     
  -17.479269027699537       -7.8927001189708346     
  -15.921544278487794       -2.6391895730183257     
  -19.609682607508521       -9.6203305924370479     
  -5.7030188520004303       -19.259665637515894     
   11.959349763010739       -19.654669063166082     
  -14.107111610882889       -10.317677968886478     
   14.515457743747570       -4.2533227827977793     
  -8.0850224913772681       -18.946629274612693     
  -23.007149287300006       -8.7585890048707018     
   13.107973196642632       -17.071363321146610     
   17.496711037800917       -1.6341184629630150     
  -16.055049443343339        9.5695583290896771     
   15.619300558859020       -9.1772094521936101     
  -4.0470403254591183       -18.930953876642967     
   10.035814359365215        11.859861585148646     
   9.6501965792337270        21.558579101100662     
  -22.096682234444607       -9.9004546028179679     
  -5.6756607374726880        5.7726420521646995     
   18.532536412550240       -3.6246344571899987     
   7.6705313074712418       -22.164855603966839     
   14.942681286431165       -7.5126444697963315     
   6.8670345219272537       -13.323574716019328     
  -10.346123587627503        6.9824279501826982     
  -2.8967891334895062       -24.113648139153959     
   8.6426020494746894        12.667032563875683     
   14.098970112457028       -20.024396243579421     
   13.017503504262908        5.1974466071118801     
   23.354218991578925      -0.10495776253852036     
  -20.958506343458392       -8.9862968469997000     
   12.736693446247211        1.4752233307144234     
   17.887399528389903       -2.8089271173084076     
  -20.567107939346489        1.8488698821256561E-002
   17.993402606454222        4.4890911414581289     
  -3.8877575903982788        24.110926773419756     
 -0.92677252155374912       -13.525673405591526     
  -10.223898216658485       -4.1909001044307317     
   10.627611733319915        3.0724032978020417     
   14.201017891844351       -6.6228523253092852     
  -21.364581929309370        11.364045479502842     
  -14.867333142752877       -6.1640399841826632     
   18.208739067368935       -1.8080480423523952     
  -8.2320482734556197        1.1377826568619160     
  -22.041039745153142       -7.9387025092339849     
 -0.83130902421167396        2.4460724468171797     
   3.5834724955935640        16.308499829430176     
  -9.3938357885945933       -16.255116378595158     
  -6.2704890702463105        14.856814524973666     
   2.1905750276382920       -14.612773697090295     
  -2.8289171057137215        10.551649732687634     
  -2.1302148295760910        6.9712976420279027     
  -9.5970379056716091        21.427101928958542     
   22.975090196601897        1.5410561390436373     
  -1.0800161242153856        10.478376946681029     
  -7.9273944167816603        22.007663397422021     
  -7.3921528481313095       -7.2060967200323258     
  -2.8552493804028409       -19.301373005868886     
   2.7157119999678279        24.398778373294068     
   13.027959264131015       -13.242108714049165     
   18.805952520009377        10.357370338027465     
   5.2550113718710882        19.276275374005095     
  -3.6758224591982258        6.5568479975929899     
  -8.9036605901652823        3.6337208378403099     
  -20.671714849437887        6.3841264232804749     
   22.861309889900955      -0.83308307516198543     
  -16.911846127841653        15.916775331018689     
   1.7719121939605098       -19.296326113648671     
   14.301307028563397        4.6098619437690420     
   2.5935691779403247       -6.6370158596146362     
  -11.766515204415732       -17.291829143041500     
   5.4165470119039263       -1.5438659827708754     
  -2.5751649530153560       -21.018917342373236     
  -18.796370928151973        14.472622473400001     
   14.636910650130750       -3.1974455361906413     
   5.3443023389397437        19.292855396487699     
  -5.2437846041743370        16.558316663028140     
   16.031061545952454        15.289622833784765     
   17.914886472320045        14.818051763457545     
   3.0972552352669327        10.790226000421690     
   18.458993481520448       -3.1182164088402082     
  -16.249513362272108       -9.1661156434082081     
  -9.4464077839499616        10.136733826553888     
   2.4001748413701445       -17.060211464834715     
  -16.346414644506801        7.6470024724978707     
  -3.1369370167069088        17.951933895912262     
   4.7105623008997917       -15.311651433952115     
   3.7330761565845041       -2.1761740601051383     
  -15.961319811338065       -15.221071409750984     
   12.357750750973194        3.6058783814861521     
  -19.202945575001362       -6.0261998938701424     
  -3.3457701964791169       -8.4692360402464040     
   17.509858234505259       -7.8886999556960546     
   1.5781316164643886       0.49318767986241141     
  -17.417254178507758        14.453130005297698     
   15.703936911253365        17.093614259769460     
   17.806186496604251       -4.9581289133356981     
   20.134025649928578        5.2261387306457667     
  -8.3963243825268989       -5.2362192248419559     
   17.713621411333737      -0.98215063790602897     
   12.489632608231906        3.5912926955118070     
   16.743274542772610        14.633853232034642     
  -2.0772082847670199       -8.9182510836313380     
   6.2396568753237425       -10.592175145944381     
   19.799189380551649       -13.414992074251373     
 -0.29873993600582993       -14.980739597888956     
  -13.253920950835280        13.172952462173924     
   2.9356692751702806       0.16316797929668994     
   6.8791554819256477        22.003686412889781     
   7.2558445056966789        13.637379509783548     
  -13.754555531964970       -3.0335309923441685     
  -14.824614480086144        3.3978611093846278     
  -3.6878586271441200       -11.321728220654304     
 -0.39040599550575789       -20.261921794142488     
   13.999712131777338        15.603374890301032     
 -0.93473578005489588       -17.877066664245259     
  -15.297550654756829        11.855098235451745     
   10.838715174828966        6.2417921425746421     
  -14.467722334408656       0.98839984879448339     
  -1.1736797466748938       -4.4709011954723623     
  -17.065090980707520        15.763102127108423     
  -17.130474514558450        13.770683654216350     
   23.454355428580303        6.3628779262878075     
   16.485533228647189       -9.4370434653933710     
   20.877550146467687       -4.2484620574206104     
  -5.6319623258804432        22.273739479665561     
   2.5236121839560575        14.254318203190200     
   17.569680313760969       -17.045329902043409     
  -19.751981599137693        11.070016018989891     
  -12.755205617387039       -1.2421680126042165     
  0.46177235097452762       -22.278894653464128     
  -11.308447840942568        9.6846539088087127     
  -9.2366658225036993E-002  -1.3695619323073767     
   11.810009196506243        2.1117538805408165     
  -21.623879824718578        6.7834155729295151     
   13.768163810370647       -20.066378681099128     
  -23.174994156075535       -7.6564504767385522     
  -10.974264054150321       -19.763106821384952     
  -16.344280014811925        10.832031691649259     
  -15.632520406196058        6.6883674118847196     
   1.8990620500784317       -5.3842689090963560     
  -5.7815860358485072        8.9442261499914189     
  -22.386887725561014       -7.7654391139385721     
  -4.0798835967274725       -11.145942563243707     
   6.8306616549894148       -3.3085185532186214     
  -16.448611368370376       -14.651109272564216     
   9.5466073888519887       0.58120500095864491     
  -6.8857408056058462       -5.4033187290116995     
   1.4490438775701162       0.76344505096088255     
  -5.3627407638624325        18.927831020972633     
   5.8233952297999609       -17.839596329162983     
   17.692367677195037        14.834394595555464     
   17.947760840668444       -16.816400160806701     
   10.870716044242959       -8.3485518180010541     
  -9.0065549946829400        5.7885050436394057     
   14.021994225126191       0.39424162906586840     
   4.0052251329605566        19.992310716906079     
  -16.667896343697368       -16.151477606157297     
   16.531389456269267        16.037698933706984     
   10.322294008697710       -15.777474062688372     
  -5.2639945501402856        14.424666038523998     
  -10.581393683215891        21.704087879612423     
   2.6733761109866472       -22.983682845265129     
   2.1128125600147611        20.097963946718508     
  0.49988514749079171       -12.444032766343367     
   9.8281388428821561        16.436694883154896     
  -21.813284878822923       -1.2399122173237314     
  -5.5287193800652030        6.2144897745154113     
   7.6101203722063069       -1.4612443449973607     
   6.0698293487843866       -18.057480606371751     
   22.709919326869763        7.0013294309535352     
   2.1136308987783194       -24.547445334066651     
   2.7599328416387765       -19.498006535728923     
 -0.64964563405464293        22.260316621405156     
   19.861055730876949       -1.0338562464833299     
  -20.449328278820108       -1.4513421860866735     
   16.274177607751088        8.3517311372728251     
   8.2975154995086022       -7.0699390598345762     
   2.9952283358404865       -10.749613034158086     
  -7.7965221554358113       -11.679542037878909     
  -10.642205532645427        16.444293329474874     
  -12.186947022027248       -18.178638687953079     
   5.0799510570784818       -23.516993803246766     
  -13.638471212510563       -8.2573147980872061     
  0.72333818919395076        6.6580118590912472     
  -13.536428655494328       -18.982012863002243     
   12.529467900077805        18.461095905676647     
  -5.2256601253717934       -10.235370171067760     
  -17.882587295027577       -2.9528632199111220     
   20.050955950681953        5.3734810155323292     
  -5.6947052764802910       -23.805199157627051     
  -11.635624169850045       -21.373557550684687     
   16.906528460314121        7.4217171488891855     
  -6.8413847992963532       -4.4840985551646986     
  -20.380470751172250        10.516130053039399     
   23.991306851844289       0.12316775910423221     
   11.182705909453739       -6.1980995697657404     
   9.5369527082066234       0.70925178579661696     
  -18.032754034500162       -13.215483027715232     
  0.19841382961894211       -14.413466406792075     
  -12.214104617886449        4.6436368875162657     
  -15.194025450317033       -18.756595016721551     
  -14.802696853650080      -0.96746222018707206     
  -11.289561788824196       -4.4697693823734550     
  -10.824884198239365       -10.561098712327807     
   5.5860300655011956       -15.554811634169301     
  -15.228181655380972       -12.406800698485661     
  -6.5230246300329089       -14.376573568684268     
  -10.922727804044658       -5.3567115758725601     
   1.1275199530167010        4.2499855031881557     
   9.7804125909108279       -4.1187213710982284     
   17.456190274815739       -16.245853754475654     
  -12.220018706841593        8.3997586467135541     
   14.821139211795359        12.809124500862385     
  -2.1647020837436117        14.970375990678763     
  -3.4082269573677695        22.837673791526790     
   9.4895704946259762       -12.600404537035823     
  -21.993300227159661        9.4447501424865532     
  -7.2124873297312568       -4.7600097410853355     
   11.307165752450247       -15.216538311922488     
   6.4604532537211341       -3.9338263076925606     
   23.920441178404385        5.3064122874282003     
  -13.153359619853042       -2.0728829695849753     
  -6.1035352663754878        16.784938247412768     
   13.516321164440763       -15.907809617175191     
  -15.922667224570599        7.8374207557858373     
   20.334581097320122        11.390318008906403     
  -11.478983968698769       -4.1432624254707777     
   4.4043622641338160       -11.464033243941245     
   11.938662459698492        12.084615809851366     
   8.0708378116127264       -4.2449914973245395     
   17.989765423859993       -4.3757573214966747     
  -19.525878845179982      -0.52936378139204565     
   13.204206218566945        13.400484730465433     
   11.123938057976188        13.401639189191457     
   11.248046236611076       -11.440821697143617     
   2.4730387049650129       -15.189018845790770     
   5.2217928967434775        3.0911853129598805     
  -3.4120266568374222       -14.707080256539614     
  -9.3749543404872000       -14.841244678284735     
  -10.381017966365166        3.1909467980754913     
  -13.521083981960258        18.553729893218367     
   9.0302533268384995       -2.8162843143639971     
   2.3043410669935818        16.647675540484233     
   1.9201085235574911        2.3550076575730490     
  -2.9132629817459748        16.060915153442920     
  -6.6777469189984870       -12.357075629129534     
   2.0231441977754789        1.3337358257032601     
  -9.1030156793603219        13.221713225565631     
  -16.499546546232317       -4.7668383188510708     
   2.1088206556945686        7.1272148968779234     
  -1.9112304176710406        17.159624483589091     
  -13.226868006002567        7.3385199803930288     
  -4.3258863171828397        12.724844350544124     
  -10.767066709164192       -7.8441379065682844     
   22.251724317253274        3.9610970305239110     
   13.793359814554087       -9.0425049938923641E-002
  0.37697206528302440        16.271395643976497     
   10.637183234590186        21.667531312671748     
   14.956287087359279       -16.716062739522968     
  -19.112734645162469       -6.7130252773116315     
  -1.0007450017112478        18.900577291042747     
   7.0648504301767101        17.807113747858828     
  -12.513876714606479        2.4011409157201169     
  -17.046477100848456        15.645570589579986     
   2.1125275897778168       -7.4343418059075503E-002
  -1.4868279693070994       -12.586999379389303     
  -13.155067325315933        17.350186453446394     
   16.593314732414377        7.6714336585280440     
   4.7286503829549353      -0.27779946006342737     
   10.514438244458201        3.6878091695372706     
  -12.482816429670910        19.162529784390529     
   2.1323271320142161       -2.4940473828593137     
   18.881465896423911       -9.9105117390958561     
   3.6385191690429504       -7.0081057079476956     
  -14.574949178833672        6.8785242418845431     
  -9.6295356674160413        14.719198556301119     
  -11.525349873646791       -10.427232699001614     
   3.8974186291856601        5.4106937311994514     
   14.564839082238231       -14.559918688470409     
  -5.4254949025636812        20.944814814200750     
  -11.182710422677712       -8.9725172535835860     
  -4.3799677364233389        9.2774826549124985     
   8.3172313665807849      -0.11361898448137556     
   12.768748545065540        2.1233217347897146     
   1.6263431647092808        18.309236136443250     
  -4.6397475657938481       -4.0534287202738586     
  -5.8397400372398227       -7.4160358348633624     
   7.0076715157169582       -7.4410392362217879     
  -6.1964642456989152       -3.5959151655786981     
   18.088428829996403        16.042645173837577     
  -10.998232582790390        5.8870353184954256     
  -22.592413279198553       -10.054619362291978     
  -16.685625248324275       -7.4957062447755716     
 -0.85280104403465951       -3.8604767811613998     
  -3.0677510082148722        19.799873873455713     
   18.320325183411786        1.5259932143076267     
   8.2499343245884468E-002  -22.782494091957908     
  -18.423079489390449       -5.0168457116381440     
   7.0401026291991204        5.1641790715105058     
   20.281176083519320       -10.333164732857174     
   16.072468109837008        3.6215301074031658     
   22.797565405060841       -3.3175409595874505     
   6.7658338469065740       -9.8657425883963068     
  -6.3466763807327826       -1.7351078936954383     
   1.6984882998833715        1.4831146107777402     
   11.245139649237776        20.622914672611536     
  -20.908834518161040        12.854991904158117     
  -19.383140897965312       -1.5787601595832255     
   19.994948936062904       -6.1150741633764811     
   6.5457321572171390        4.1356626837022255     
  -18.920350968421410       0.25913258834324887     
  -12.809016211428125       -10.450570000634709     
  -20.589597518455225       -1.6620544607048133     
  -20.969412197581953       -2.1533221131907063     
  -15.970588879381754        17.352694630992293     
  -14.411755453211986       -15.632754880378705     
   12.395105402996684        13.803640623678884     
  -4.9658209862390388        3.6240144216128751     
  -17.582671884536243       -7.6237804554005919     
  -18.045072024951697       -15.117472902302691     
  -6.6477314947607429        22.079539484342451     
  -5.5529758296865062        23.495411239543074     
   8.8574449509761326        21.821603449849476     
  -19.538221543965530       -6.1740797624486712E-002
  -24.310477417533029        1.3016464366829854     
   5.5224623594008291       -12.463499088795828     
   12.787765368093238       -7.8984242873941533     
  -2.5355787031835679      -0.92741889763593333     
   15.821613193058958        16.205795437793896     
  -10.737083746151100       -1.7881268015566969     
  -18.632960165173866        5.7275943201786292     
  -6.5327842793784843       -17.817853202823716     
   12.071119521190845        6.3255624116548539     
   5.3784333014700803       -20.847063144138975     
   2.8183587105910211        15.030391431616071     
  -13.490829516359380       0.57714922765386356     
   7.1701470672852015        21.067331019624522     
   15.823689309351124       -9.1471943452624043     
  -4.1862632611113932       -1.9764069224204275     
 -0.69003982271694231        4.9221394357555210     
  -23.459187896375898       -3.3831603903370064     
   5.0887876887106049        11.059482201799790     
  -7.5854764297466701       0.99284408279512415     
   14.072619957165925       -15.273491516674177     
  -3.7396748563667450        12.066293540223194     
   10.184103994030483       -7.0309619772969940     
  -3.6178656975214647       -12.944197325473965     
  -14.998036400462915        5.4566506312429264E-003
  -1.2996588652671501        13.795529592920474     
  -4.8345367158601675       -11.930666925075688     
   7.7857389322537109        21.249992189943942     
   3.8856016407619207       -8.5834957087508018E-002
   9.1067646877226256       -10.121480902969699     
   1.4521023059226943        9.7830006364480617     
   2.3883366978813676        3.9323537524944427     
   13.304398286279396        19.687041338679080     
   1.9861054358439563        17.156978266392748     
   20.760299261353751        13.521007222083774     
  -10.143647234694910        17.285283471523833     
   8.7136202863480658       -12.122964286224164     
  -19.850969688762451       -6.3555850237301783     
  -8.6808813361872641        6.0978055564482361     
  -22.225028710328171        3.8097156127036929     
   15.710304151664074        17.352860812169368     
  -4.5925242496795837       -13.847582546164436     
  -10.518393096660898        5.1223443264121933     
   3.5297828393912423        21.397357263430798     
   12.337269661610362        6.0677981741858851     
   11.598815227745899       -2.6531179836521557     
  -10.250746599716731       -13.027108621682695     
   12.015525103517037       -8.6603923890654055     
   14.504932712012945        5.8766904778612039     
   6.4646264058243057       -2.0935869588979901     
  -20.370233889339200        10.487589550061967     
  -6.8080125294202647       -23.160640491715995     
  -1.6263919325490319       -9.4249821032235594     
  -11.661754575723693        2.2999487783855850     
   5.4986346611660153       -19.309028336875709     
   20.822913999225577        1.7496702419507768     
  -12.572529565249766        18.672801685322927     
  -19.021928148689636       -9.8681994192944185     
  -7.7067052823705398       -1.5226592156503322     
  -3.2372587470336760        12.113989886516666     
   15.106971513183822        1.0475992403838430     
  0.15369427563307464       0.87855416969421185     
  -2.6552419491304673       -6.9081292790524538     
  -19.141193455373614       -2.5415521828755969E-003
  -9.6902207663181574       -14.394376928751386     
   4.8773577639518439        13.974264556988565     
   17.645203851857094        6.6759540947259124     
  -7.1649609102365677       -23.535367078492687     
   3.7969545659976562        15.091052069262805     
  -18.975725073977898        3.9409392786282025     
  -4.4222737177602580       -3.9092555932539805     
  -15.579316724080229        17.587533745955813     
   16.112022820842927        9.7151580407648304     
   24.249229582263073       -1.1836825908883459     
  -2.1629466006191009        12.163870858788425     
  -19.452900139019118       -8.8027066985056894     
   15.603435843190482       -9.9393893984144164     
   3.7040189488353659        4.5680216892013537     
   19.096456640960145        6.1093040037360931     
  -13.677319480574392        11.904123155256537     
   9.5714525558488965       -6.2999326633339958     
   12.131486337156218       -6.6050674787390369     
  -9.0560455572780114        15.599197784503717     
  -8.0374240993724833       -11.703965695757089     
   21.341480881209879        4.5239675512947128     
   15.489145683533708      -0.29115203132866879     
   23.630787467790491       -2.7043038059718651     
  -2.6272836221088505        13.048082863052402     
  -17.696196400355777       -1.2920127490591540     
   9.6348994305111617       -8.3155959230999219     
   5.8586854692056347       -5.0021835909544574     
  -3.9058064653006213       -18.913506281049678     
   1.6200353836011807       -23.358772356675164     
  -8.7172583993578137        7.6788465280372407     
  -3.8030807058669422        9.6263394683987489     
  -7.5120484932946292        10.339970435888995     
   2.1641872295848885       -5.5197298490938360     
  -2.4094202590941176        11.642580004856292     
  -9.9061749556872307       -19.194511955485758     
   16.024214479274381        18.135684183053510     
  -4.0290359408826850        9.9067704956112497     
   5.4056989685316132        8.8989204908859634     
  -3.5000533875514179       -13.206885835657120     
  -19.231116964356392       -15.286345147159807     
   4.8904765360680633       -19.103145134723654     
  -21.107040788938647        12.064316957116674     
  -14.871126355127833       -19.778354602443180     
   4.3069148109130841        11.889728745206884     
  -20.214162960686657        3.9979362206546418     
  -7.4336157237263683       -7.6256388278984062     
   6.4068896471653130       -18.282532200807321     
   15.086247910068684        15.026113552792662     
   14.022782410546439       -5.4048006693111494     
   1.9257644987710183       -23.533161634471931     
   5.9314149762688517       -14.216296564382777     
  -15.461570576405473       -8.5726794324292026     
   11.955032034860206        7.9057117271937161     
  -20.333418353014871       -4.4620774526032658     
   12.367358504981395       -5.4219653444820501     
   1.2479513896798422        6.8255747356266125     
   7.3410016718744382       -18.619709150847854     
   15.873824137241050        17.575031356605496     
  -6.0926654229961237       -18.348727778505797     
   10.661775197237207       -21.251355809186951     
   11.533095654277684       -17.728978046158289     
 -0.62542520852718697       -5.6469746813273991     
  -6.3878724287289890        13.555945422834622     
  -15.854932925509514        5.4196483679862428     
   14.889274969051897       -10.941092457310528     
  -1.9108088245537498       -21.574598948992882     
  -16.744434175693694        6.5400750714495954     
  -11.361505290404452        2.9514144136953044     
   8.4757643951161441        11.762459671534081     
   1.5210923022782201        9.4537752921424403     
   16.949199055946043       -16.130594903456316     
   5.0991255412404843        6.8775996207263139     
  0.13147060243308381        10.805193775913187     
  -21.949708763907697       -3.7156992692208126     
  -9.0598386532965236        11.328375237002936     
  -20.095342536173444       -5.9872200572105232     
  -4.5044974064184320       -5.5695038065391511     
   1.3162966105811242       -1.2612659630797691     
  -3.7519272638234575        10.087765236823213     
  -23.758051314593111        6.3369992308716165     
  -8.9666881584823290       -3.2654947332942901     
  -20.257169974050292       -14.116421073385371     
   14.025706560802368       -16.951921439437118     
  -16.707099769360664       -8.1581454206715147     
   8.6914883745733338       -3.1627801083028144     
   11.198057214439542       -17.222312058147182     
   9.2177641377645312        16.004005413011622     
  -4.1752120731020286        8.2682042544450596     
   4.0908734938986315        5.8303285208285578     
   24.716164397103782       -1.9575219614624861     
  -4.6852377673577541       -8.0584861001796551     
   8.1640472484025093        6.4230481690987773     
   17.157908868818620        4.0602816284252796     
  -15.069146174771300        6.7009913096725962     
   16.875008417190767        13.631884907561876     
   10.766677267388484       -4.7982077759395807     
   16.085471722666711       -2.1030068365431029     
  -5.7240219720053505       -13.660029051735105     
  -4.9990119061451290        12.781092851163306     
  -5.9512393967881856        20.988874449269645     
   10.801991814038349       -19.085723048284667     
   1.8506138035635527       -13.350640739303747     
  -8.1377756360747604       -1.2076899067667306     
  -12.638013259308774        4.9953179892877921     
   7.8999122043099392       -3.7752549804302040     
  -18.548463919764082       -10.979999941450243     
   10.439767380698539        12.311246823523090     
   1.2753076145879778       -18.091506396422769     
   21.053382638714194       -4.6675879632167421     
   1.3972767248282303        18.211032372937851     
   2.8683699741871505        5.9334291797720304     
  -19.457406148075897       -3.8462759108419493     
   10.998840076336148        6.8374589910361649     
   3.8490142127126692       -10.729749641200444     
  -16.931388377405391        10.592795579959740     
  -2.2612344597952680       -7.0692449751658568     
  -15.904670072955875       -2.3566765531681528     
  -4.8103638615803908      -0.58238406600496284     
  -6.7099663048991145        18.914466863769629     
   11.526762821149111       0.43378910322842862     
  -4.3839727039550365        21.492534861107583     
  -12.147450898684616        13.797897236550753     
  -20.498251968069752       -5.8590298388209821     
   13.420926507261294        12.061538395262918     
  -15.327229549876410        8.1450276039237632     
  -3.2276895302363227      -0.40309106956261870     
  -7.0160662371007758        20.798774999417702     
   10.566636518139276       -11.476227580242879     
  -17.498386566044640       -16.536407071051251     
   17.066936399349260       -12.087795589250462     
   14.211145901281233       -10.053385318553731     
  -19.342303870280482       -13.350898576355204     
   1.0411870391796973       -22.740803107010308     
   4.3265229540540489       -9.5148473117156342     
  -6.5234370645362727        15.705339389694988     
   24.540363459917614       -3.3378883917283351     
   8.8513742091970542        12.536067411548084     
   10.624219140912071        1.1315413711743536     
   13.108500373071562        17.373887094983644     
  -12.989665997904705       -9.2970285976261771     
  -5.6686774493707492        20.264835266043324     
   4.3714698440075281        5.3147325541974402     
  -14.480018369714845       -2.3507859290750281     
  -17.309758850444251        2.5922335619034285     
  -10.039467383266999       -21.677516497432524     
  -21.784772493504846       -6.4427379375406391     
   3.2854903787546919        12.045024691853310     
  -12.320654112111328        21.037434470341275     
  0.35136431082393527       -24.398237126737229     
  -3.4206733915394181       -23.277872914317360     
   11.695513354497585        16.727010574645284     
  -3.1114220455554578        11.235395660338325     
   18.089478285968099        16.844171990849514     
   22.993612489016364      -0.38665024897317124     
  -7.2663148758980087        20.854110191231594     
   15.540028191273372        3.6799285126344423     
  -11.519058172217207       -6.9043112320002473     
   14.899405461549751       -19.794247368461907     
  -10.794244226127992       -9.4576284826060153     
  -12.343393738627984       -7.9457491423547051     
   22.813259179826424        5.7536308859734921     
  -6.2842930554501502       -17.325646320390657     
  -16.817570813378769        17.329890226199836     
  -20.873390349667311        11.558007285721626     
  -9.0312016507828208        6.5414821728852122     
  -22.983223036556261      -0.59001479711518956     
  -14.814585183845020       -12.667379097367236     
  -6.1787469962974830      -0.93076529886136328     
  -11.893384195317356       -19.511471385257774     
  -2.9598475780910114        22.393351800130148     
  0.47489843076243804       -23.629709575384233     
   5.7382163685004484        15.647490144854229     
  -13.805146597921729        15.572150774070048     
   10.473038755106117       -7.9459047162587977     
  -9.3406937525431282       -19.809516685558176     
   4.4335811119699722        1.0752266150638643     
   16.518372913893312        4.4641223068601983     
   23.675324530056347        7.2010334959200550     
  -1.7730448858765475        18.080099637195399     
   7.7370773541620919       -15.564904344764185     
   11.997311946025759       -16.871681144372367     
  -3.8950871739633119        3.2393400751535038     
  -18.697122421915207        4.9704935186365162     
  -6.6258110826398777       0.17426695014843988     
   11.316118021906913        3.5586894890525480     
   17.441659946565576        7.8045263358386299     
  -4.8937622354289836       -20.976140764969625     
  -12.169241166252116       0.31412812375886207     
   16.287758932917008        6.8362451864908573     
  -11.720400760459833       -10.926849181759081     
   22.305442590514161       -4.3539191823873491     
  -4.4775565868186460       -15.838098083485006     
  -17.792069001759828        3.6600803877765591     
   7.8048447315931391        19.512069599562707     
   1.6037176768607402      -0.10894426883000785     
  -20.971738600679519       -2.5256349887849350     
  -3.4807573152406253        14.669295728334498     
   3.5578614564235590E-002   6.6191115842831882     
  -9.9282512872430235       -19.780858336833766     
   17.650373812474125       -5.2231581623508188     
   3.9616640099117335        23.072788446541786     
   17.720739474593088       -10.147192040854643     
  -4.5787670916787668        3.3624072338498463     
   2.4275421802765775        12.314182082743191     
  -18.876455467252839       -7.2834721426931477     
   6.8995061383824803        9.0985872312550455     
   15.406428981796847        17.714625729490002     
   2.4866590829960260       -23.223607121289920     
  -16.835543666481456        13.540521473633966     
  -18.039989961371532        8.2323531948669189     
   2.6030570966200597        9.1622462342575535     
  -6.6822910971816221       -13.082177263045208     
   14.773916204620221       -6.4800814185432953     
  -6.0134239815305532       -17.232091647325497     
  -16.830737951992500       -4.0531575395512744     
  -14.834569653330860        15.534069448994327     
  -5.0113632330490221        12.960965755488189     
  -19.620735145167394        5.0928356654225002     
   15.807294868479071       -5.0738745091891477     
 -0.31377575285023973       -5.7169656875616068     
  -10.932488371161718       -18.472724862775692     
  -19.047971128633112       -15.542859327489133     
  -6.3204936638820159        4.8074207361224461     
   13.323098158949920       -7.8658543512295980     
  -11.800968869593223        1.1613970824850497     
  -12.968588940041601       -1.5931929348902700     
   16.356274012263128       -9.7053278842977431     
   21.513136523461167       -3.9289463733265584     
   13.623871273089145        8.1164617792840339     
   24.040376331539107       -4.7120592502354759     
   6.8640179073008927        23.354277575047181     
   6.7838171509622462       -20.012225465884903     
   6.8649048468669767        23.307778372815960     
  -8.7942668052637494        17.334619766623113     
  -4.0724221294712528       -1.3065158459717092     
   14.407102173300533       -14.063096380301507     
  -7.7146634580471547       -8.8866612767657465     
   2.9170933983598148       -10.339431865332896     
  -3.4671803226141225        17.537802073681590     
  -20.144781205435159        3.5967420595284034     
   10.449411118003727        15.675382828933408     
  -8.9211805073815320       -8.0121799375116414     
   9.1034456919143221        12.806080826526225     
  -10.625376750701909       -18.572979919903197     
   4.2244039549399997       -9.9816873604333676     
  -2.3335933065155250       -7.5511630033871793     
   19.171395590434855        15.034808022929088     
  -9.3034283571387082       -20.067142220716121     
  -19.305985356725948        8.9890998414335857E-002
   15.461433070662494        18.938608732254650     
  0.97927692579898784       -19.425817669811767     
  -3.1372894954097985       -7.3621072935229126     
  -19.985646081923825        9.7949256392155100     
  -14.891419487105306        16.001551665107772     
   9.3052282642151987        20.437917664157659     
  -6.4402961895322308       -22.842200525397534     
   5.0973399929250274       -11.647647440874177     
   22.270446586808724        2.5732056917130084     
 -0.11022400133584756       -21.228762352661793     
  -9.6761904031568342       -18.747782741130770     
  -19.485589832104420        14.720317228988787     
   7.4700083396629298        16.812499069259928     
  -5.0243952685524063       -17.189876564644187     
  -12.625733422412749       -17.916965876610440     
   17.099090431274284        9.9495284646157547     
   22.685690611465308        6.6485514789688542     
  -11.637695084194251       -18.438019658576369     
   16.382024258148697       -16.861666608781050     
   10.167601508134721       -16.243476229336625     
   7.0200891815724065        15.614876695502435     
  -15.982242825965812       -5.8695503555057114     
  -17.017120572858161        15.222140495361153     
   16.228639362446994        15.855292890776489     
   17.926065288172182       -9.5212229047022845     
  -2.8032252448049015       -5.4318027160793241     
  -7.8016254583096405        7.3938880559990530     
  0.97498931126718635        20.085825350157467     
  -18.038363305345690       -13.249363027024154     
  -4.9660971950938366        2.7688036795357660     
  -16.766232015889138       -11.040841664503716     
   15.768119882338224       -15.290035147410331     
  -13.787099738724041        7.5480469312056933     
  -8.2292777418165723        6.6970299510105429     
  -9.8646871841839676        18.969915553482302     
   18.452729660935532        9.3149856905289141     
   9.4612643532983824       -3.4674472740004720     
   21.026033471993099        1.2752108414550183     
   8.5731318559702139       -10.296644306526504     
  -20.962461342345602       -12.703560968672825     
   4.2295952718883862       -5.2743606214337957     
   4.8976430689973407        5.9733970274567856     
  -21.413934651125579        10.891716013106246     
   9.2135348746663297        14.582237741932355     
  -12.454871535232920        8.2566961778086405     
   19.502152376968386       -6.7336830925133988     
  -21.488813985467790       -4.9370019325905208     
   5.0465104979606918       -9.8096918438366423     
  -6.6943680482281041        1.1490783080910978     
  -3.2439522253920661       -17.931281425056415     
   21.211217308531786       -6.5864830789685884     
   11.667401860843853       -1.4745300765553948     
   7.4859403536584610       -4.8086335396236102     
   16.252557816339753        1.3920231664387182     
  -7.8885920362343542        4.5028724388006678     
   13.161655993478210       -13.379747470056339     
  -13.677572105047332       -16.892553070885469     
  -4.8334988962857031      -0.95459567987092586     
  -8.6588684734264856        20.310415163869397     
   15.612401860166313       -15.216547562240656     
  -3.2809393494761241       0.13429727280425913     
  -7.5566124667786436        22.334523408819940     
   15.820810603659163        5.7057810588649849     
   11.190049700562323        6.1932686887955350     
   17.113362980382906       -16.661593886885154     
   5.7005506544342364        19.009447498015543     
   8.1797106323565032        22.778291236551610     
   15.125907449094223       -18.659832198148184     
  -1.0503554277143059       -16.030440514999928     
  -11.633139744044557        14.865185649601582     
 -0.63381580552921213        2.2612427190889539     
  -6.3837436642580068       -17.985597381462583     
  -18.692084908333214        10.505915161594523     
   2.4488595527498509        23.705409711014042     
   2.8667543985488040        15.462032355087485     
   20.367049765476505        5.8570429512641775     
  -22.009131880449779       -7.1716692167926457     
   4.7418545217578068       -9.9671697651812940E-002
   5.1402695373613767        14.188242727033876     
  -6.4398776506341324       -21.448759133396724     
  -8.3714743810940764       -11.636717026520135     
  -12.237359521406841        4.5682775013006731     
  -10.355690329888455       -20.258365511066064     
   12.220810683642693        1.3016123532906485     
  -16.805109046617030        13.272530267279111     
   19.816112208824162       -6.4348727575894182     
  -13.564697148796817       -9.3093633346299374     
   13.641673334184574        15.107720276412703     
  -9.5397183791678941        5.8968826457558645     
   5.1324809542375904        3.5466203793771753     
   1.6105114077943956        16.393566240122617     
  -4.0947594489174941        19.452501183113565     
   1.4285833562329484       -23.045829145010352     
   12.404566391898713       -3.4975076155217359     
   12.287359539552883        21.185997532784796     
   9.6965719271015374       -19.360429861670177     
   3.7009312320284633        13.040007628116893     
  -4.1053257238498411       0.35590628756126103     
   2.0296704828439278        16.494511344947043     
 -0.88089304678796509       -14.635419604003058     
   3.2170488590248154       -17.421652328465605     
  -6.5547319556326542       -15.892348959333049     
  -13.066521142392759       -1.0232289176360476     
   20.132046009028194        6.4793842845421432     
  -9.1333459189703348        19.772545181593909     
   17.475636472473308       -11.723506378911090     
   4.5310031740791459        12.629691029714568     
   17.385421422955851       -12.508092006504162     
   6.9608471038672111       -7.5538842146173852     
  -8.5407016882296674       -4.2799690074929071     
  -17.108701970603096        7.1414057726681595     
   12.318685558447884       -4.4239242193235517     
   9.6561934188666534        3.4435941085851756     
   4.5720399887606513       -22.668524876764838     
   19.496054522983403       -8.0841032422306682     
   22.242361265457159        9.1113442079227944     
   12.303867596572506       -17.936759724483576     
   11.301808819426730        4.6966913535871537     
   12.119476735696939       -9.0679800970840567     
   3.8053639383828699       -22.618253358468095     
   16.542754342943709        16.041253946151876     
  -13.443763011575301        16.928907897053239     
   9.4113050028246388        7.8553922829154388     
 -0.65928693722272780        2.8963190800228453     
  -10.923722949223201       -12.997496853440218     
   11.547062262551060       -8.8195766199263446     
  -6.2113022195114587        16.006097903373306     
  -22.608708475911079       -4.5675694583447495     
  -18.060900021589003        1.9032973141232552     
   2.1587897566212382       -19.596633460179088     
  -22.635513205454192        6.6544467046075786     
  -3.4920073603602151        3.5132505868896273     
  -7.4938760552989496       -12.153519395289385     
  -1.7489372363245164       -4.1209295126422099     
   12.678883652747897        18.510017590636096     
  -19.900684036540369       -6.0016243466324735     
  -16.399505911624367       -7.9833440789762511     
  -6.9568009486194153       -10.834793805767189     
   11.390792993350008       -5.3297853475625860     
   14.866469137740609        12.028333768736893     
   23.514777726524677       -3.3146787675061078     
   20.599747883059020        12.236316789255470     
  -20.898982352258695        11.993196348569665     
   8.2467216479113770        21.794952822985916     
  -9.5802252064354931        17.620505763482104     
   24.463820257619378        1.6396304654569935     
  -8.6274922487754093       -12.740916914203959     
   19.054604236995047       -14.558581800341308     
  -23.932111964255839      -0.37974090325979665     
  -9.1628671611212074        11.972999695910332     
   8.1394326516430500       -17.730793124108637     
   16.085245313700145       -16.097867052207054     
   24.000395755269718       -1.5166833818695458     
  -10.806047327645489       -1.7541359890002883     
  -8.5577029084566867      -0.74273852293959719     
  -8.7169937924415830        13.051661700176982     
  -23.369353344792348        6.0276336359877201     
  -14.608570145813882       -6.2977861178704879     
   6.3501639654469466       -2.1458959748695361     
   3.2025927247194339        13.042109379868773     
   11.151469522837496       -11.457219590625156     
   18.651894837976773       -3.0429354911294610     
  -8.6974525358493526       -18.331314549031813     
  -16.748022443044892       -4.8309001900747885     
   9.2374475156226232       -21.026596832584875     
   1.7790270922427120       -4.6985660097820565     
  -6.8829646200591066       -6.6386060313107702     
   18.308879904057846       -1.7804426281194237     
   2.6374198014527788        24.487850066547516     
  -21.832616245714938        11.061158145054810     
  -4.7235153272622155        5.1814988801256794     
  -6.0870510842339707       -6.4777435513413124     
  -4.0913296420034868        5.2396961113418250     
   7.1510426273499252        8.8249404029361767     
  -21.675759673711340       -11.384774339857938     
   7.1221027129566270        3.8633842122581772     
   15.489306297084630        7.4404819895524854     
   4.3136601386747593        9.3073987669314349     
   5.6187741958064041       -15.572600507640036     
   22.278569112372917        9.3126784877994222     
   5.5742244767111044       -7.0331232086814959     
   6.0379755018461303       -12.247319379324823     
  -6.8097298919125038       -7.8897057830708324     
   21.205181364778564       -12.716092453334140     
  -6.0096756430046252       -10.787139101348282     
  -8.8580421068618698        4.4124635883941385     
  -4.7864291822673186        10.957729261100171     
   16.229337502911257        17.865102818010701     
  -18.386734709074140        6.9660979874229456     
  -24.591771554666533        3.0507929321587479     
   3.6695728155007394        10.036886335263926     
   4.7661349694530681        4.8933342346112614     
  -2.2937890769038796        13.111635062316333     
  -2.3351928458214526       -10.276881420285294     
   13.258118495500144        16.786146989662452     
   9.0813170176990354       -8.0223553561271075     
  -1.4507474090406149        2.0925999082664819     
  -18.176474596949156        10.965283020069128     
  -17.091871110111182      -0.43338654035124169     
  -17.833741835856131        11.136623975570656     
  -19.821385361269957        3.4948754646197195     
   4.7517392726218857       -2.9793799152666276     
  -16.699596089737259        16.221249539302224     
  0.24418271603836156        7.3194920994777766     
   19.000671242955505       -10.601560763416936     
   16.779013200119991       -15.390624683497776     
  -1.8003371011214977        9.8570130847121202     
   6.8724218971801454        21.183219080775586     
   10.723195804899264        13.882481759224525     
  -13.443620756331258       -2.0613125280335778     
  -14.094317862641464       -2.1230454237045469     
   17.180918191612491        15.912775824982837     
  -12.260382149539760       -9.6972494003492411     
   11.481340758801901       -13.525054478094006     
   2.6034394480296768       -9.3520932853118932     
  -18.398475380084133        5.9271283527501746     
  -16.395098661384960       -10.368627677301768     
   10.564169724582245       -15.121823340234283     
   13.642999736867036      -0.78341422155544249     
   9.7183379697013290        10.398141428522354     
  -9.7001904250864524        9.7551165732773679     
  -13.026420885637641       -13.374072714627625     
   6.3208471032482532       -13.387121340230451     
  -24.734887852275286       -1.3566225940158356     
   1.9600827325613746       -2.3091905596451836     
  -7.7760474464955545        19.664200254512981     
   23.167270520660292       -3.8510521929906778     
  -14.786761358350574        1.3933620872632901     
 -0.39336349918212010       -19.880318177452132     
  -18.808315285498743       -7.3163664297983413     
  -20.965195279798262       -8.6472623827748567     
   14.621906690324272       -9.2018158900856193     
  -1.7035408552882718        2.3352578393459047     
   9.9609565557783171       -15.538085856500315     
  -3.5346290864289966       -13.168558623069940     
  -8.3213760336890257        8.6555742510263833     
  -9.4004169244806537       -17.838737163493082     
  -14.026859487674049       -14.977123141755905     
  -17.786747393118503        13.312776324190894     
  -8.5521740064225469        18.232670451041542     
  -4.9745443026159792        1.5334414606038416     
   5.1189732767039287        18.402736753745160     
  -2.1898396446086643        15.332838703919331     
  -19.335473578524542        9.6320575760345708     
  -15.763308146166251       -5.5648953295530541     
  -11.069437038679791       -14.464954449737855     
   6.0370762015937167        20.767027173608504     
  -9.1217301155184511        6.4060256675691027     
   6.3473398054007477        11.563230870636266     
 -0.72015679177389491       0.35547799185390005     
  -19.163433277135521       -11.083095237072516     
  0.82181512587743388       -10.420339844371783     
  -5.5952196388267801        13.292069356968010     
  -1.0881600716967283       -13.725772095509885     
  -8.9097287244171692       -15.519802016496449     
  -6.2342844476918344       -1.9074167645645910     
  -1.2611140812013328       0.92176065253837269     
   5.9080399268473878       -20.623680532905457     
  -17.585938042521164        12.691568973156594     
   7.6740745811217321        18.041169892978555     
   13.460991167407718        20.198450977478963     
  -13.399668920716204        8.7261670827600479     
  -11.766844510301038       -8.4464859407693389     
  -13.981797971691805       -19.992568336962734     
   4.1433199283286877       -4.0090591177403505     
   12.018633603126233       -12.885864949110363     
   13.174988084153970       -12.539938631344899     
   1.2056491623602952        2.0027557485192258     
   21.300020352401674       -2.8365806206774220     
  -3.4995827729723152       -23.008970645610901     
   1.5214836551217004        9.3828683405824584     
   16.675361521627220       -8.0477512439844414     
   10.041033919085674       -6.6186781206125342     
  -6.8684577769349380        12.339726608498882     
   8.4188972217915694       -16.174667673233067     
  -17.262764020830794        15.887675498568827     
  -2.5248356217644008       -21.637071881136549     
   15.328955546877252        2.6783970583640166     
  -19.581105421619821        8.1760483192338906     
  -6.1214349004643305       -1.8989738293609151     
  -4.5809259522408867        1.4048151954196095     
   4.9823654740645384       -8.9679562816232057     
   3.9994161576894895       -24.145522316561866     
   2.1757252803564633        4.4280020650397613     
  -4.4466560962999129       -21.353379211747416     
   19.632816756494570       -11.910599244908116     
  -9.2664106889183913       -3.1247745685507895     
   9.0340874462871170        7.3640559989936989     
  -13.969424824500727        12.850229130135332     
  -4.8772562998867004       -1.0988056222148936     
  -6.1690766278740927        8.4043773739457350     
   3.1954132060232925       -15.483245002740670     
  -6.0741823663734840       -14.040589794790741     
  -8.2880607868358958       -15.659455522274213     
  -16.546888434528842        5.7096462348964012     
   9.1084515827854098       -11.085321854963819     
   3.2726210927999895       -19.306607205366483     
  -14.902309359834675        11.927724769835400     
   9.3255955304589051        15.386061610575069     
  -20.433253414795722       -2.1201271462094544     
  -16.653336901073921       -12.981591881560496     
   18.952324389332961        2.1149275481735450     
  -24.218035849327652        3.2253251794683702     
  -1.3992882528081627        13.338641459650963     
   9.1205747051936772       -5.4600723184561124     
   13.523180156364832        12.810167334410146     
  -8.2191869052092414        1.4137469087990848     
  -12.753706658979919        19.431592788771447     
   13.954139559411860        10.073355647928681     
   15.334885400731537       -4.3914670699610143     
  -16.910979476917401       -7.6852102618068603     
  -19.709424845561408        7.0386647027420164     
   8.0687539446414274        2.3819065739797676     
   19.340783356838035       -2.0500610811644480     
  -2.5415936846706080        10.343491346263647     
   14.940331404100624        19.214185409534704     
  0.28477724336420551        22.616378290717233     
  -23.858358029553237       -4.0815995775814722     
   3.1447972254691181       -10.385915837250398     
  -8.7031588401191460       -14.182486498456054     
   1.2360049951450274        1.9101799220797664     
  -16.336077205299652        12.160490820029716     
  -2.5856076815506204        20.159847510689922     
  -12.855202773081354       -16.882064900593452     
   9.3047399638956101       -12.435326778134295     
   2.7686437521898677       -17.362498037230107     
   1.4430849732907394        12.673323010693952     
  -11.518274555677376        2.3106977714674506     
   22.545437594455066        3.4984511921896466     
   2.1014254563905697        6.8491009006380743     
  -22.996770099375055       -2.1003937101877153     
  -10.575932115235688        10.983236069826679     
  -20.399332099262917        7.6854496787848952     
   6.3423093758563418        3.9371008423683516     
   15.212328667236262        12.013289737233151     
  -3.3333519224777000        16.631308730351972     
   18.714011484276451       -7.9862641984401002     
  -13.956085558542210        19.099508394636032     
  -18.656207393657784       -5.3573862412443383     
  -19.973426915516121        10.282590039120064     
 -0.50859129036387751       -24.661026009805266     
   14.457112050069179       -1.5187417914974493     
  -6.5206715820828283        23.782995115032822     
  -22.363242805267916        3.2538844739557904     
