  0.41941383146412919        4.4416509205799031     
   8.8981566048168261       -3.4313576809565007     
   4.0995687045408484       -3.1779881266160883     
  -3.3471034383483662        7.1482501886970740     
   5.5442691841122915       -7.8090771298317936     
  -6.3808729524493923        7.6112753441629257     
 -0.11040354286219348       -11.072669886925913     
   7.9617312624659551        1.3715136027834351     
  -9.9042567193931177        3.8889941566393271     
  -1.7895068977804085       -1.0672733569497741     
  -1.0928018936515496      -0.35300344904887782     
   3.6814477382155353       -4.8162972461857452     
   2.0274936818184410       -12.180571663142560     
   2.2947311602518905        2.2897364946593433     
  -2.1700958779492514       -10.328041514191712     
   10.187502020087178       -6.6011657236387551     
  -4.3203283469406761       -1.3481134693358721     
   4.5718362045096006        2.8167710991129700     
  -5.0997769956356187        6.2793611798406559     
  -1.6982396090283789       -2.0584845169176158     
  -2.2748732309586401        3.4024603706188143     
   1.1055240102986026       -6.8600718803650160     
  -2.5143022223651021       -7.5360245542285469     
  -3.1765309426664401       -8.3564317301633224     
  -8.4181472978341674        1.4529713596118674     
   4.6738874209216208       -4.8776585200806624     
   3.7092022261387276       -9.4058085331324808     
  -6.1248409965805894        4.4788295692263711     
   4.8509026564553910        7.4360770047385234     
  -9.7435634439184948      -0.75650694243407557     
  -8.0470606899981192       -6.7121821239475956     
   11.669684513367782        1.5991193765813876     
  -12.350718926269092        1.2005787259123792     
 -0.20091798356514021        5.9928016561863178     
   5.3734078906671003       -2.8431948372225180     
   6.1779979912012726        5.4334275699094654     
  -4.1418075039325810       0.41252849490340315     
  -4.8758578786760456        8.8893183876929136     
   9.2176023059088106        5.0234003442408204     
   8.6956219883045236       -2.4556409404687209     
  -8.3313566202137910       -4.7119340767131517     
  -10.848219611872075        3.5962986694065742     
   4.9189167145397503        1.4640208863022184     
   9.6536738139832572       -2.7752385632659116     
  -1.4577538802944474        4.4449268456476529     
   7.5077694094696428        9.8797728313622084     
   1.0168206753264490        11.460786644186985     
  -12.249519758252816       -1.2850711900699716     
   1.7445041392297194       -6.1096178452549514     
  -3.9823673556081540       -6.3776289404376163     
   1.1256948043307524        1.7122830776878561     
  -7.0793570935169132        4.8669719399287770     
 -0.30281457518905536        10.739499713802788     
  -6.6824072243843924       -8.8216217738315610     
   4.9456247714029242       -5.8366554902634737     
   1.8852599055580237       -7.8791458597345478     
  0.88323223640893045        5.6820454623522929     
  -5.1391155534232098       0.56757701928444038     
   12.063929287080557        2.9075344247881612     
   1.2234624684260675        3.8609962603316288     
  -11.469479385238916       -2.2550582389224596     
  -4.3915498548156124        5.5825906248388897     
  -9.1652610036780260        3.2346911183955278     
   3.7826068560129706        2.2020026285666341     
   7.5608561022737941        5.9029180478608438     
 -0.54093996568292424        9.4235623532104498     
   10.177344512582522       -3.9533531851222765     
  -5.9878325174224551        8.6475072988250670     
  -8.7470179169506075       -3.1904871196322753     
  -10.834383728118247        4.9867582082733097     
  0.42241487717053466       -12.399273662024884     
   7.8313267483234617       -1.5297022086910468     
  -1.6973246406173859        12.067972056863752     
  -9.9936618706997038        1.5284238485326056     
   5.6862525827846584       -9.5299841096301314     
   10.039634730000804        5.7504167189876032     
   2.2290903517123799        4.1198227217337688     
  -1.1106058756896144       -10.378380619487201     
  -8.7009762595446301       -1.3058134642991277     
 -0.78430352718996144        2.2660310224885327     
  0.95733670478304334       -4.3000971025535462     
   10.094081994464045      -0.10306558343564692     
   1.7030898456034589        5.1083155495927697     
  0.86227869405891067        2.6785596376816718     
   3.3130502657018082       0.43572425995364866     
  -9.9060417305383179        6.8131378754574445     
   5.6391807026924319        8.0282400413733441     
   7.7202351420294431      -0.54242971070908652     
  -9.5839476952655769       -2.0037200699295945     
   6.2476078602950240        4.4275116551098588     
  -5.9166173761057141        5.6359734731612523     
   11.039229391560379        5.3880667937991493     
   6.5303361904894022       -7.8957861694187654     
  -1.1879494660937751       -3.3488792417251294     
   7.6688921353263062        8.0789462887159189     
   8.3855513658597580       0.41468375264910845     
  -3.7125179210898982        1.8190630130722860     
  -7.3652384937293354        7.4598333067765674     
  -9.2500388197930263       -5.0884097955289178     
 -0.97930714110750861       -4.3191212099773928     
  -6.6837252346759843E-002  -4.7019962465072771     
   6.6794844714346286        6.3553467953257270     
  -2.4692935552089881        1.8938805018984883     
  -8.9088945947512261        7.1231665893273695     
  -5.9516939957095500       -5.6600897237321206     
   8.5556921348847439       -5.7197368999778799     
   2.6702351724886428      -0.60506592583380403     
  -11.294130173793771       -3.4754772825429017     
   7.2830115656569845        2.5815501869737139     
  -8.4898705770026393        8.0568682257941600     
   4.2976136744348112        5.9446174430479610     
  -5.4626944429766402       -6.7308094098604041     
  0.72759733124910897       -7.7838151124119141     
  -5.4323642871997722       -8.3550291830452181     
  -8.3236917216255915        2.4332823484297297     
   8.5780565685649908       -4.3835313772842639     
  -3.1555819906140865       0.28021964781909375     
  -2.1511799780459864       -5.0849974186944857     
  -4.1561676048833904       -8.3192672074571519     
   3.2177803324027834       -11.985412414559793     
   4.8034296624297035        8.5561489652189717     
  -3.5966527551847123       -2.0416093623234448     
   10.499135551544509       0.81489486603597239     
   10.571127875332735       -4.9465592625814940     
 -0.70386245090048816       -2.1219815857987423     
  -7.0025092413418806        8.8232012009198133     
  -6.9409200297123528       -4.0797651488191677     
   1.0792071053405710        7.1990336206451611     
   9.3784138233419370       0.71509805360330936     
  -7.6961664656308031       -1.3626741455364726     
   4.9509458172002923       -11.379291094459070     
   2.7430739618565507       -9.6679650690818271     
   3.1770475397918565       -7.3617804586437252     
   8.5836288403741801        4.2572062319238908     
  -2.4982046016936121       -6.0188328326928886     
  -1.6311363585404204       -6.5098489037923519     
   7.9289108929089087        3.4703431116619914     
  -4.5884669990462266       -3.3596957300842387     
   7.5271807052753088       -2.4755641928395669     
  -1.2521296491335354       -8.0907269702112927     
  -1.1031219113826447        6.4361456124065057     
  -6.9111426917219960       -5.8984229139299433     
 -0.89305317608478518       -7.1730921672499575     
   9.8507702127311010        1.5930371641306318     
   2.6485859030443879       -6.5200387495478234     
   9.6524606006796603        2.5843438654236333     
  -9.6453968386302513        7.7965725274361217     
   6.5992367673892200      -0.80783492008703228     
  -4.1364521749311800       -4.8379788280390832     
  -9.6150469687997280       -7.8456561002878011     
   8.8447357786959682       -8.7048222524941394     
   6.9923393010328825       0.12267148956139914     
  -8.1309327389138488      -0.48275462297799282     
   5.9241527201314330       -6.0017537704861992     
   3.2276798502904498        3.1783002528023769     
   6.9686457263899326        3.7257819422439984     
  -5.5888352803687518       -9.3295965465972248     
   6.8182464579254036       -1.7749447803811051     
 -0.59212389438808588       -8.8801674815554037     
   7.9160251574257980       -3.5457664513579212     
  -2.4061092499214953        7.9596467345581807     
   6.0097957793159820        8.9404327984482794     
  -6.4649386844674748        9.6514724747321949     
   7.8469016187000493       -9.4526580018929405     
  -7.4682842223878607        9.7105454497106969     
  -2.3242401830058461        4.9350373849400402     
  -3.7039404661640303        11.017510127020739     
  -2.2636097613999797       0.91975134476936982     
   6.1882540500446437        7.2186171913445385     
  -7.8914902601228754       -5.7228223663228945     
   6.0486931003048090       -4.7026622067222181     
  -3.7082972062426802      -0.56087407012699453     
   4.6940212031684574       -9.5270722134698218     
   5.5843523102738066        3.5629693755460585     
  -10.737325958453626      -0.77365376071893521     
  -11.147378120336072       -4.9434671429170871     
   7.7862931656509460        4.9319345393932155     
  0.58105663409796326       -8.7766691063293294     
  -3.3208843753540438        4.7999132030336273     
  -10.605934993495719       -2.7646617716301134     
  -1.2963592719514492       -5.5748202950147867     
   3.1634252190951271        7.6995125174502741     
  -10.486788683856687        2.4001626933223221     
  -5.1849775313475215        4.1609366557261680     
   2.5153623865117365        9.1949673917386558     
   1.7742461177943576        10.107891645890609     
  -10.351858215436348       0.19089824427228558     
   3.3929071027682673        4.1859582357806655     
   10.056155137212357        3.6569263539423122     
   11.438627529388080       0.46466823187095546     
   6.2514251384208368        1.4594942893799672     
   11.351984875811901      -0.57998311605684361     
  -4.6319171386624296        1.4199528405598218     
   2.0035071805477713        11.290150452898297     
  -3.8955004336591759       -10.937542271906469     
   9.6654570345448239        6.8166684621143476     
  0.62588000637799501       -3.2215614435880440     
  -1.6035949030853347        7.3090459526640812     
  -9.5412758844240777       -6.0382521080031406     
  -9.4465065050456651       0.68804976471254420     


