  0.38469740507846650       0.99143959247898727     
  -1.7574750213137516       -9.4258502614015001     
  -8.9664535988472700        4.2152693987661891     
   1.6894713666511239        12.235361902561211     
   2.7483654720052808        8.0852853718289008     
   11.101855866527853        2.6339800801225040     
  -10.117443930244155       -3.7232023522481121     
   3.6662835056056307      -0.49102615758617735     
   3.7247191333878114        7.8543427900768323     
  -2.2921035888498902       -12.010235464933725     
  -4.2227543060696124       -5.8444953357485812     
  -5.5473203955780415        1.8100133261474101     
  -4.6517164029967404       -9.7443948756331196     
   6.0577896615980187       0.47151282047210602     
  -7.8311477159612739        5.5227563906785990     
   10.544379037094686       -2.1793514417380546     
  -5.0359382265171870       -5.2626734198139333     
   7.1778432817895910        7.2198876780693446     
  -4.0266023496875016        3.0372201486405483     
   2.3272007205573071       0.83890159377607232     
   1.5437651833729502        8.2095056475471928     
  -1.5477734710957802        9.3778560566906517     
   1.3972846851961853       -11.254827283945739     
   5.7053223642063120       -1.9064201939301180     
   6.5110264786273815        9.8959535783599843     
   5.1954684167171763       -10.408519159827193     
   2.3516586371510053        6.3974538566147086     
  -1.3058961131105034       0.61540831163604315     
  0.55072894821238150        8.3228950067494036     
 -0.25848998867437700       -7.9425310073161963     
   2.1388504187358905       -8.8427035039184663     
  -2.2140580693655325       -8.5362217336682420     
  -5.9998542113370466       -3.9665620419892710E-002
   8.8860713843988854        3.2214012804850944     
  -4.7138540499092896        10.861518241109520     
   9.2122780936235511       -6.7736720937827064     
   2.0649627671590860        7.3558813918431465     
   8.2271914575527276       -6.9422241449898241     
   3.1139180643465254       -3.3514886267702853     
  -4.5355943137939621       -2.3641581166627934     
  -7.2665342837808993        3.8863346617704981     
   6.9286200459257774       -3.4847174759029702     
   5.5765729912067936        2.2120337408657518     
   3.2825451546096072       -10.994365011049707     
   10.781683670659625       -3.1507696185969323     
   11.568920644728960        4.4904816151530236     
   7.0140169490382451       -8.8886425510621976     
   6.3151563300521172        2.8860959947068356     
   6.3014031690775836       -4.2628674695743438     
   2.2977244703558055       -10.820134525037400     
   8.7142997828745958        7.2479412127960892     
  -6.0029255757210889        6.6974057365204738     
   5.2490358880283630        4.5010707217710504     
  0.16685805278904195        1.9676869602190086     
  -5.1321534382590688       -6.2578194059322252     
   6.6634013142167658       -5.1972540661381910     
  -2.5008631138453339        9.0756909616640353     
  -10.593410200056388       -1.7692510413071161     
  -6.4645615425805767        1.4119670247208640     
   1.7094750598147772       -9.7460775863945805     
  -11.433309729983128        2.7133355229485723     
  -1.5228316634478118        1.5921309627137765     
  -3.4081311569048420       -6.4292299931855652     
  0.46863835712727037       -2.2385221867505689     
   7.0056397551524672        9.0264964041946865     
  -9.3152842513884568       -3.1271965090604317     
  -7.5923280450327484       -3.3251495911010025     
  -3.3116783336548417       -5.4338933823853219     
   6.3623000064849844       -2.6606726961346308     
   8.9927489655961139        5.9986282017651842     
   12.220835158728606       -1.0958960417945627     
   10.568826524523482        4.5069651881444130     
  -10.194672844463812        5.7525336966701204     
   5.2049613878143868        11.265519037292908     
  -3.9031085327852226        9.0955896532809675     
   12.377332384998359       0.89657914843697872     
  -4.3216944729770033       -6.8429681441041348     
   9.8493990954485113       -7.5439862355389939     
  -11.483032550478958       0.71509879232480811     
  -3.2857574656051529        6.0274251825686953     
   4.8408702937994921       -8.5395663002876301     
   7.8786047148339504       -7.8802469256587608     
   12.260820831385452       -9.6687273167747070E-002
  -5.2721256378627475       -1.6878718351093547     
  -2.7408912945446806      -0.77710526466109564     
  -4.1418906888327864        6.5447858400410759     
  -11.845827329844981        3.6242943185338832     
  -6.6741194621438025       -2.9286248219961908     
   3.8172768933776906       -1.4794444971752680     
   3.0374040982118147        7.1246311642610776     
   5.6731436079459820       -5.0474625323778159     
   10.436155665789883       -1.1853482781156250     
  -2.7564795596470115       -9.3760969149888993     
  -8.3945470666005040       -2.7276887484080694     
   6.1687979865146847       -10.638825323092417     
   1.8438637041268291       -1.8055026356600767     
  -2.8449508556351910       -3.5054919781185632     
   9.4632547318165638       -1.4163121562149674     
   2.6696463427984822        12.034820494530315     
  -9.7213852712201909        4.8713491533922024     
  -1.7293979430827369        2.5707259424571527     
  -2.0392525156776409       -4.0980306257743324     
  -1.2779160015395201        3.4627156997634456     
   4.3521818594178381        4.9431559939585270     
  -10.469869714606510       -5.6767572111197016     
   3.9345119961313375        1.2157826590923517     
   8.3401563473021980        2.3830627616263098     
   3.3247123273762869        6.1670645048378345     
   3.8721364059231536       -8.2932014590003309     
   11.054127385878129        3.6330072523127357     
   3.4648622701612211       -2.4152240817459449     
   3.6971934507039190       -5.8118612289052516     
  -3.7607957448568818       -3.9071145254327857     
   10.908604850716515       -5.9107823333041516     
  -2.9552288813213679       -4.4994982607323433     
  -4.9200446196063830        2.5885888250318354     
  -1.8988778006955942        5.8322745886831129     
   8.6459788059530478        8.2458557895989451     
  -8.2116183411821613        3.5590355059471936     
  -11.498463189167015        1.7158050425791080     
   2.6385684568024304        5.4394409704260180     
   3.0018915301387734        1.5771179519561567     
 -0.65640499507845285        5.1019809586409117     
  0.43012551613800321       -6.0651754027435212     
   6.6734187655169812        8.0833841518646956     
   5.3123440812296403       -4.1140667137466167     
 -0.35205178792326580       0.31503705446038904     
  -8.7767177028993615        5.1970188966256625     
  -8.4597966250234453       0.45542452292593100     
  -6.8860682330346377        5.8484033157551103     
  -9.2933857978649730        2.2255024102310821     
   2.8303600827088968       -1.6424489606771167     
  -8.4847085958644097        9.0548689183383519     
  0.10258239396566859        3.3281280764540990     
   9.5440707973843519       -5.8301420289575576     
   8.8638879826591079       -7.7114401398116881     
 -0.51820990359863350        4.1122372633882955     
   4.2500783633288384        10.968837727609065     
   5.6837876421804179        6.3644417292074511     
  -6.0329303109694639       -1.0392958696309469     
  -6.8816422941450437      -0.51072184981312230     
   9.5439681047948017        7.8060743950427778     
  -6.0261759909129777       -3.6904625840210197     
   6.2574073374386492       -6.9324721872051516     
   2.8076690564302700       -4.3031631288451475     
  -7.4554877562990489        2.9045085791596366     
  -6.1308518935620580       -4.6850730187048546     
   5.2609688464338795       -6.8540298520947154     
   8.6778884444585209      -0.79719628173723578     
   5.1832270630621800        5.4988980891191312     
  -4.2945299082774087        4.5973483171492306     
  -6.0464181733022242       -6.6704530925115382     
   4.2896316900435121       -6.6172302864589323     
  -11.598555056946905      -0.27814476058212811     
   1.3996785391960442      -0.90985990476300627     
  -2.2858322733330421        10.052209432042945     
   12.213629375884899       -2.0955131905972570     
  -6.8487819359177227       0.48872538420612704     
  0.92851227896634836       -10.370918361252750     
  -8.5089644601612893       -3.7243652109275502     
  -10.175236579658820       -4.7210869152551505     
   7.2896928728247286       -4.4176709418412639     
 -0.56945081116660179        1.2911429768847487     
   4.5703378151002667       -7.5771690173581101     
 -0.55405440094214609       -6.2422383313435637     
  -3.2357678170243469        3.6489896601282341     
  -3.7537990589604937       -9.3039803840342845     
  -6.1451642126557955       -7.6656849790466648     
  -8.5858339723235364        6.1789216890846630     
  -4.5235433184490654        9.8799870423567953     
  -2.0437602524924388       -5.9785221281061410E-002
   3.8700706266059552        9.7121299605055267     
 -0.82307631370469159        7.9379272999696484     
  -8.0219501057927793        4.5412317993355522     
  -7.4767069234473036       -2.3317081183226316     
  -5.2321990197216746       -7.2563130387619248     
   3.3384185063263940        10.559117914296614     
  -3.1015165977330588        2.6584725096848620     
   4.0103486030021935        6.8958191911516264     
  0.60146721893850985        1.5158200338067442E-002
  -8.9684849749146949       -7.0829564059116823     
   2.2041493762690689       -5.1009294084456309     
  -2.4928120697200380        6.6367839052694837     
   9.1271963906913778E-002  -7.0056416803522810     
  -3.5080497880252182       -7.4243211927454293     
  -2.6459793054842784       -1.7723914634039282     
 -0.13582279181882490      -0.66099639247201136     
   4.2362677645849560       -10.691537584381525     
  -7.6404460168189985        6.5043910388551991     
   3.4356705763115132        8.8117200511763496     
   8.0058002206840317        9.0141657784810416     
  -6.5107005333919963        3.2318211293057648     
  -5.2178777684081954       -4.2789852538447217     
  -7.1625484101499790       -10.125779712365693     
   2.4787719532088501       -2.5788521020940061     
   6.9020273155985352       -6.1686319132049263     
   7.2414963381918369       -7.1093704609661668     
   1.3383964909185406       0.69111025909900825     
   11.351184206111789       -1.5887289796990980     
  -1.3474245079298526       -11.680487169289799     


