   10.059601894518600        4.0165357500554615     
   1.4199346241469777        7.8841372744216622     
   11.415249477503719       -4.8638263002870907     
   3.7115367129888477        4.4607280698766614     
  -7.3841138609103272        2.4763794668751666     
  -8.0675284120415931        7.9751647259630793     
   4.9986541093361987E-002   10.146963176852255     
  -1.5322742034865069       -9.2825617272519896     
   11.010655861107439        4.3260001813471023     
   9.3241014605923773       -1.2114994286930834E-002
  -3.5330321728177014        9.7494006958216133     
  -6.3484097154559462        8.1818890920197731     
   3.9449873337767070      -0.88998928104253472     
   6.3360081627145695       -9.1498493402789922     
   2.6701732537285826E-002 -0.51879272583408997     
  -4.5254646270966248       -3.0702541714662925     
  -12.184639231192341       -1.3440357698149790     
   5.1549403053911513       0.34861371769098315     
   7.2360351435726891       -8.7132958423651061     
  -5.4141154529605133       -3.5295911667883302     
   5.2043012444030738        2.2588115831577626     
  -1.1077536274902358       -4.2243586009493290     
  -5.0795463860566272        1.4360777611492954     
  -3.7025739192467801        8.7639899192024799     
   7.5542229431261312        7.6362885104600826     
   3.9743268463939363        3.4956633708912972     
   2.5136186381498269        1.5381255474414677     
   2.8101277783270224       -9.9002950125856266     
   6.0879111030499562        5.6231287906192415     
   9.5250088380484801        5.6645655710588940     
  -2.7954432203260304       -3.1498087499189213     
  -6.2555855281704984       -2.9892533402173993     
   1.5145124105250833        5.9342463439321449     
  -11.488006948054645       -4.2617366924453686     
   6.5860655535196031       -1.0480297978426780     
  -5.1886272024521682        5.8032503834175451     
  -11.914378742712337       0.23307918080531950     
   2.7193896728568010       0.55922254312737896     
   3.1854119369876241        6.3906423393534890     
   1.1507422710383393       -11.799022399517741     
  -4.9517685191670582       -8.1375461079309357     
  -3.9159157155765151E-002  0.47869962804697724     
  -3.1684773973472504        11.714649271436414     
   4.5372933722664657       -10.022495477921046     
  -6.2289851941891534        7.1890563470777984     
 -0.88800042011841718        9.8010461558448032     
  -2.5946458646549377        10.094452101403510     
  -8.8685998055862161        7.3767464010189698     
  -7.9494845098095750        6.9827760139460038     
   5.9026738059519488        2.9735338714292876     
   5.8479298308108900        9.7426669337475644     
   6.8712958728750619        2.7268944088252605     
   2.1273749906176063        10.668692573040024     
  -10.993798464668251       -2.6022118974282198     
   1.2513917173073399        6.8988721917653724     
   7.0975044709306019       -4.7416159487873504     
   4.6784260467060230        4.2053643738268383     
   3.7803758891451236       -8.4644022694743306     
 -0.11851217168875564        9.1619938413736737     
  -6.8206679768179033        4.3178537704868685     
  -11.371419806312485        1.0732195419854735     
  -7.3064565635708236       -5.4030121766322106     
   5.5799619141999832       -7.5914394869412289     
  -9.3098946728500529       -2.1989192265991444     
   5.5081114067331791       -8.5889115841250341     
  -3.2628354670389963       -9.2101479867010916     
  -4.4159246087347777        2.1843620129228660     
   6.7428327533007675        9.2968113004452277     
  -2.3561942903507536        4.2815890137096870     
  -1.8262201893542660        9.4545132086486152     
  -4.4793337167828993       -2.0711188345241291     
 -0.73567476516347052       -12.387661337437647     
   2.3098719807470474        2.5171044526152078     
   1.8316388975883227        11.623627998169212     
   5.3760118133110151       -2.2875734495096371     
   8.0793089430295435       -4.5552303442424371     
   7.0546323026111590        5.3663496078278277     
  -1.8628204424395887       -1.6900853429778568     
  0.23396970779038009       -1.4969584361973298     
  -3.3634123386249604        10.734112385274019     
   3.8522065336313469       -7.4673434734062294     
   11.219046301358128        5.3039261281546484     
  0.25368255787106497       -12.240428947969388     
   4.4160346531218417        5.1703783968422297     
  -6.8436251925935778        3.3180141783627453     
   3.2741186328144281        2.7818048782956915     
   10.455881514639128       -4.5818272176665262     
   6.8054082089420671        8.2990104176896242     
  -6.7708228551302971       -8.9689685692627741     
  -2.4180637295931549       -9.7453715096014548     
   1.3598267912691584        2.8296203503901474     
   3.6384549715651624       -10.459814111143897     
  0.65010620779813122        8.5228056700320831     
  -4.8684834329060811      -0.38392133338023587     
 -0.28807866342262817        8.1763113933979934     
  -5.1614689875839854       -1.3398232045235283     
  -6.3033492545636891       -3.9881800276611394     
   3.7091596406845571       -9.4623222603497581     
   4.6605467825644329       -1.5885690912772874     
  -4.6302429617085545        8.3908516637683164     
  -11.458271735382588      -0.65683227069933348     
  -1.5393866627461370        3.7046279040900632     
   5.4743145857323450        1.2958867468475326     
   4.6804769971114357       -8.0278172155616865     
   3.0909043441361321      -0.36988289015518866     
  -11.590186625953432        2.0488278372921522     
  -11.952728012320575       -2.3170471314425263     
   9.7087497389504254       -5.2465632746943784     
  -10.915347137885663       0.18275982302159802     
   12.120039966851575       -2.6543082175055486     
  -1.6567563458256991        10.439930753402237     
  -7.1486060129806557        7.5820315955445485     
  0.90817294605535037       -6.1409187468510522     
   5.3824858669332034        4.9142162010284887     
   5.9094366298695782        8.7443527528400491     
  -5.9563318222271588       -9.5489213443705694     
  -2.7496551226359727       -2.1502564391841412     
  -5.8614333874393418       -8.5534918172351020     
 -0.71861730584218397        10.786761499140594     
   1.5637179173615434        1.8509876708524493     
   4.2426673876356453        2.5325726965146140     
  -4.1076240836087292       -8.6747333433397014     
  -11.226445839453181       -1.6298151824803797     
  -4.5763038957350783       0.57236700981274591     
   2.4813981972148973        5.6801859561799288     
  -4.1865423410882761       -1.1150376411531242     
  -5.7665913257870507       -7.5582198041970399     
  -4.5086702645363692        7.3984174693407612     
  -4.1678733243479886        11.688802873534945     
  -8.4008749010282511       -7.8106511080427614     
  -7.3973433924741139       -6.3992142076973035     
   2.8069338942510980        11.401825467770211     
   6.3491061337424117        4.6577014992985522     
   6.6819419945587608        10.294355660475436     
  -10.267971811050185       -1.9144658875098184     
  -1.9518297100122148       -3.6875981903201898     
  -3.6374156775613491       -2.6107776400947889     
  -2.3766262954765205       -8.7463805702396336     
  -1.9076568579365374       -2.6885374933099992     
  -4.3873463880027490        6.4020333124873163     
  -7.4911844679050867       -7.3949067702937619     
 -0.58025902163941978        3.4219524280074740     
  0.48155319827853593        7.5377228323499654     
  -2.7644211923648556        9.1095517211935793     
   7.7498508627749185       -5.4996344534868005     
   9.5073376659586337       -4.2671819552514032     
  -9.8026905666816475       -3.8595592615520702     
  -11.719884196290201       -3.2896473085857578     
   8.8054511901723114      -0.86700105322918297     
  -3.6838955168692209       -3.6097949998150871     
  -5.3959194184800383        2.3843719866213982     
   2.7391316070051492       -10.897779433936226     
   1.1179123900893895       -1.9640436173689675     
   6.6007633578529381        3.6896072897256849     
  -5.4286514323160571        7.7888036926664173     
  -4.0652154122037052       -7.6758238496288103     
  -3.2210993599228086       -8.2116007035697276     
  -7.5862425610729858       -8.3900912661221145     
   10.805386217481647      -0.90776422124141565     
 -0.34428509038271415        2.4501444864050606     
   2.7444903893511725        4.7162126124768395     
   10.476627779189393        5.9733062024512869     
   3.4486034664424139        5.4257553566071568     
  -8.3065687656434495       -6.8151826802657833     
  -7.2677951723822494        8.5749525297340323     
   6.7670376335552564       -5.6852606645129171     
  -5.3101274146432687        6.7955146407768394     
   2.1460207433999701       -11.702629918746521     
   6.4080227876325946       -8.1521662695640487     
   10.267768959490148        4.9951774692242079     
   6.1730878628251098        2.0110411057589528     
   2.2181996562716826        6.6448220214068874     
   10.803003467632950        3.3479337967234102     
   4.6083793541983695       -9.0248739464068297     
  -1.0647218918451153       -3.2258449108675915     
  -9.2156281999232892       -7.2308920871992806     
   5.8701080582295964      -0.35009504413518744     
 -0.11232427042266306        1.4760727496802430     
  -7.2117785755617714       -4.4075679218552466     
  -3.8940466467886261      -0.15866410804422146     
   4.9077999865914128      -0.62055218030884551     
   10.323467416879479       -3.2187564249067852E-002
  -6.4879355034945387       -5.9829284039550084     
   9.8056345132449767      -0.88796649849974396     
  -1.0565130849570210        8.8162794700460587     
  -5.3668450027152055       -2.5305959784195209     
  -1.3042753319960754        2.7322124703275725     
   1.5874737034843069        8.8703533939516870     
   5.1212759142697433        5.8795909727198579     
  -1.0734647744640555        1.7586958542853346     
  -4.5720173695731665       -4.0692944285810411     
   7.9453247391130581       -8.0088831002822012     
  -6.3949046189406751       -4.9841733583777641     
  -10.035676677500868       -2.8869242001702138     
  -10.761486797444741       -3.5748967007329937     
  -4.6352459253592393       -5.0677015832580068     
  -6.6763357802629111       -7.9742555226366578     
  -6.5820432917284606       -6.9784255788775962     
   5.6235060251990134       -1.3190128274152515     
  0.61367319678960086        2.1638625796226458     
