  -8.5448038547890395       -1.5466665974147848     
   1.2720999019542236       -2.9473620030365910     
  -10.658743619116986        3.0394858375232792     
   5.3041295898058030        10.752663781765440     
  -1.3951947611400273        5.6859186385360125     
   7.7928849194692820        2.3587632284502407     
   3.5328877950133775        1.8307436183133987     
  -7.5817188744922879        9.8246041228958241     
  -8.2142780746593029       -5.8221415531329876     
   4.9448981043287104        3.2369689296134077     
  -2.4218426848090084        5.7788490425452324     
  -4.2975611029372427        5.3604224253311914     
   6.2482446861973635       0.66615431145472326     
  -3.4355806927660071        2.3605086462778746     
  0.79200776956590735        1.0288838915941823     
   7.7117421702022124        9.7219720810821464     
   6.4583494181810837        6.9268491384207262     
  -5.8584048780093951      -0.51863284351307359     
   4.5010444377164252        1.5148317779091156     
   1.8862805691103601       -10.273916181737460     
  -4.4408843603948300       -9.8703519513488516     
   8.5167945204131534        6.4629001080457620     
  -9.2946107647453360       -8.2227973951385547     
  -4.3787819377547219        10.270161348227891     
   8.2841018631571117       -1.2603690749904818E-002
   12.372398826840069      -0.10105239520564233     
  -9.1109731160018121        5.5499849145027662     
   7.1958162612143886      -0.25909632818820771     
  -2.0687355881480345        12.235480683753075     
   9.7027159249993584        6.6430679113515891     
   11.828316131703222        3.7546850291066973     
   6.2422012893395937       -6.8423827148726204     
  0.22197649883701126        11.126698213015725     
   2.8520729388703776       -8.8333362045744650     
   4.4767412194644791       -5.6977200141401783     
  -1.9889220787347388        1.0265536047229438     
  0.90234944259435812        9.5954311817425442     
 -0.96572971777519989        7.1423781517539604     
  -4.8713707299614546       -7.1053663946639345     
   11.580064210170038       -3.5257359473241645     
   3.1482880427438635        10.459937514016890     
   1.2678028394811414       -8.4706498928146097     
  -2.8418413554705992       -2.3343731732245531E-002
  0.37057093370877553       -9.1663238103161699     
  -3.1972129258431319       -1.2317597443633381     
   1.0696379981658057        3.8341238653810459     
  -2.4081454177779071        11.077789244688788     
   7.0246010089062914        1.2734133851681946     
   9.9970100462796463        2.6910880715037475     
   5.8508426848005231        7.7298728691746135     
   2.5119933392736775       -3.3672976643533703     
   4.1992146905817105        6.9596714409345117E-002
   7.0595274564830790       -3.3156419016472856     
   8.3019387000408482       -6.6984145262339183     
   10.821675346497843       -5.6604559323111321     
  -3.8870051793672205       -11.785495870555511     
  -7.8347343979346569        3.4296711296086948     
  -9.5289396210315349        1.9804613753564169     
   2.2781348216477997       -4.4138559642010620     
   5.6395748024908370        3.9546647514383229     
  -3.4307030601391628        4.8684881798403872     
  -6.1139346252270919        1.4296887411372041     
  -2.5915475894159674        1.8479197434522496     
   9.3633561047088580        7.6291812714699327     
   10.544665064780899       -3.5865873732920286     
  -1.4938471654175642       -8.2835312329477979     
   5.4595563809842780        6.8156754208001580     
   3.4393034259535038       -3.7358177212404668     
   4.9225359809854226        9.3798405150348927     
  -10.048066591330311      -0.30370762825411923     
   5.6501017666845135       -5.7805111386733916     
  -5.3693841690060991        10.368931521762329     
  -5.5102231287597396        4.2106158819898498     
 -0.99527952229606975       0.77082216865878028     
  -1.4076630043382659       -6.8908698472236383     
  -4.3236842493484877        4.3679305325423945     
 -0.65591159263508880        2.0488525258904371     
  -2.1992073830553407      -0.76643588331464885     
  -3.1342759070445387       -10.450080608868399     
 -0.16341786826694893       -4.5179292710912158     
   2.0415121708104453        3.6200764173412341     
  -1.4496401993792134        4.6967061272344361     
  -1.9232667188723820        6.8801543156110805     
 -0.29052740700788621        5.0563246817842558     
  -1.8545426597131949       -4.8682471370798908     
  -3.9502640675712621       -6.6841889369317826     
   10.126522034838006        1.7063279201366495     
  -6.0711657214399359       -1.7622532491637448     
  0.55707711361365631       -10.926507499176711     
  -7.0205514182625723        5.9829613684778442     
   10.361827220009499       -1.8009575118879544     
  -6.1151779348513671       0.42660417821352026     
   7.6364021785471801        3.3617000299941577     
   3.7929867015024277        11.555157952850353     
  -1.5430029117293091        7.9482201406502559     
  0.54248720442289533       -5.2126686186627271     
   8.5464357503184267        5.4696250347803330     
   12.361370613094909       -1.0949812850780882     
   7.7158931605809116        8.7086794730827268     
  -2.2615839301210294       -11.128141539500623     
  -4.9601852097589605        9.4574648135806942     
  -6.7383958881690837       -5.4599167426061515     
  -6.1025086552317429       -10.531048036219001     
   8.7019799641070321       -8.7695181263060515     
   3.4373176823862641       -11.923622839066294     
   2.2127862881082963       -8.0670646664252033     
   3.1261331009012321        8.2718653660134667     
   11.116366689338754       -2.6422835451341298     
  -10.483064535890838        1.5610907672690595     
  -1.7010041746481286        7.5847811901058992E-002
   10.140926470932666       -6.5226163463756341     
   3.7007938737210044       -1.8556060377856309     
  -6.9772696477742864       0.92693865691077559     
   9.7902226409076967       -7.4473345411054215     
   2.6507984658673536       -5.9366939581540308     
  -9.9871913079299866       -5.3730723533709694     
   12.195173575099345        2.2798926815637217     
  -1.4244706043893292        11.488688975505275     
   11.704320102454023        1.3870089899575886     
  -11.027323916695723        4.0610563188498734     
  -9.6332795088200402       0.60372720661810697     
  -5.8480556640280010        3.2670777158757849     
  -3.7488120488151710       -4.6159696888460209     
  -9.5059152947978269        6.6141217007945805     
  -3.4273227712638716        5.8574496922880792     
  -10.502755289198330        6.6104175427666547     
   9.1687365658363227        1.4059120515366388     
   4.9510129898636865        8.3920459193492682     
  -5.6822885987107465       -6.5597705826065651     
  -6.9145135753903482      -0.81247144339852040     
   1.8443475066391819        7.9484330575736631E-002
  -11.082882896151263        5.5451012188247217     
   3.6676121465065430       0.86904031758032696     
  -12.358245450023714        1.1244785101588606     
   6.8957544759076042       -2.0502677874625519     
   7.5441429863175049        6.2359072289886983     
  -6.4632578166480608        9.1712888747363515     
  -2.8980357779522987       -11.889044837807031     
   3.0157588204208601        3.7507944613248267     
   1.3786096675955162       -3.9845961687733258     
   2.5566192654894730        9.0778133019538796     
  -8.8500523719620663        3.6911960579403318     
   8.4649697706402751        8.0491056943684800     
  -3.8604558512983038       -5.7002634491159991     
  -6.1498435929756132        5.5078316250206720     
  0.85512665919241881        3.5014164040364171E-002
  -9.4062905808661359       -1.0552704270020907     
  -2.3268279480639031        2.8046792305100379     
   6.2271063601408665       -2.7888644821299207     
  -5.4630384574126500       -4.5229211407270160     
  -11.849541301625800        3.4492806148565016     
   3.4774053133928478        7.3426371395446139     
  -2.8903167835618477       -5.9381669983297813     
   4.4449809275151679       -4.6653771507127155     
  -7.3496389789284891       -1.7019866815049087     
   4.7533313366159700       -7.0280698857270520     
   3.8630984359374292       -6.4729870517400974     
  -5.0882793618552995        11.318839839622525     
  -4.7955450817847716       -6.1147126516518906     
  -10.097806036462282        5.7012920692079438     
  0.37741005984401022        3.1311898564864364     
  -3.0530245868285011        6.8497162683902930     
  0.84263785978733508        4.8101732654127440     
  0.89123855247219552        12.377740606483083     
   3.4820167567608116        9.4174058424537552     
   2.3749938893334890        7.6275464076060135     
   5.2753119149488530       -3.4881362318908917     
  -2.9980610046730605       0.95319165108179382     
  -8.7778735271061912        1.1040498961055796     
   8.9487108757094198       -1.8497286185737178     
  0.92366178324955039       -9.9976118199957664     
  -3.9239262114734110        1.3198440715017752     
 -0.72112818776955068       -9.8603053157735818     
  -4.7179445837720593        6.8704309072203955     
  0.10593309860894411        4.1437904416947093     
   2.5359995562082647       -1.4830363772183399     
   4.4485095655094433        7.5340553480709476     
   11.157724969490069        2.3662317837059721     
  -7.7512491251794113      -0.26958727167137791     
  -6.3913427466046642        2.4285608832107637     
  -8.3837302526474069       -8.9927730257884857     
  -1.6949028060423210       -12.015092988719562     
  -7.2173731827924916       -2.7422595865224890     
  -2.8231145173611036       -4.9459375448830176     
  -9.1201435306071588       -4.5947061774111955     
  -1.3793146746516614       -10.659511180452863     
   8.8851884536793584        4.0791156423952089     
   4.3064793259923544       -3.2539173231307057     
  0.29993990427424622        6.1891793477713053     
  -1.1826231850714060      -0.96036729436636448     
   10.962579906600439       0.73108657810627797     
  -2.6411406717606862        8.1217007859253165     
   2.8649231798308792       -7.3126635635645671     
  -3.4655529429000094        3.8726514836199111     
   3.2945069295129961       -2.7544046959914943     
   10.017136098634492       -2.7394989669541610     
   11.630315512434754       -1.7626264659039599     
   4.1596810477088733        10.623617874469167     
  -9.8504801846959253        7.5480891385693694     
   1.1289640949450099        10.710086546111832     
