   3.5492258863958135        2.4992824502327857     
  0.54033086077814008       -2.7450601109844128     
   3.4043252083720978E-002 -0.44295631333310281     
  -1.5972638067527651       -4.3643880632015577     
   1.6733465890126464        2.4838875153253075     
  0.81882454512988434        5.5746465999358046     
  -1.1283575596212019      -0.97416375818508205     
   1.6102068358462649       -3.2995667875216426     
   3.8374798776149737        4.9910666932680394     
  -2.4101942872534456       0.40765194175280955     
  -2.4057465421606588        1.9625084823565244     
  -4.6855344254543700       0.99244939987446901     
  -1.0819244966445389        2.8273221350972808E-002
  -2.4151593959938600       -2.9365921581724885     
   1.8061485115473166       -4.1016266578218072     
  0.33073032892503712        1.9249747950007781     
  -1.6806463664529192        1.7511798145918827     
 -0.21663666514522803       0.42124585932632941     
   5.1129850157629830       -4.1819774940750643     
   5.6091281349162267       -1.7633930234244739     
 -0.41090616773024563        1.6486104915813040     
   7.1182873953699977       -1.8878464636202745     
  -2.0146128557038621      -0.99710876748233057     
 -0.26189044473954026        5.0488658420217307     
  -4.3095520707314483        1.5935167346174584     
  -6.7793040841948491        3.6288090491527760     
  -5.7384685699211158        3.1572954209465167     
  -4.0089201382629405       -1.4477801482971724     
  -6.3887379460949170        8.8057247533406144E-002
  -4.8134325230533159       -1.6695953175181777     
  -3.8747622051747332       -4.3180238558331103     
 -0.59489211891247584       -4.0440511045068011     
   1.2924911431616239       -6.9210688985854913     
 -0.18121149804084724       -1.7753766236108477     
   2.6905936318097625       -2.3006884753980215     
   4.3683791442683679       -3.3854698882154866     
   7.6391848415071726        1.8928208288887622     
   5.0439877771246300        4.7344474423950045     
   5.2277790567016886        5.5117761951623336     
  0.93186892611306582        1.2614003360549497     
   4.2051063154810331       -1.6793518008768022     
   2.4040050586358630        5.6611252372400909     
  -3.6413364645280897        2.7476746389441487     
  -5.1147524478534576        2.4623823333930508     
  -5.6230955515323382        5.2574921000109560     
  -8.7704750041297252        3.0423468762150860     
  -1.4069539346237299        3.6258252040348014     
  -1.9204400571379754       -3.3217924280790858     
  -6.0122116613865142       -1.7576319571417092     
  -5.0245687552243936       -1.0228638085971833     
  -3.4469504545435852       -3.6777284732242572     
  -7.8912791057731573       -3.0637440793125168     
  -1.3486780185050713       -5.0985771449456525     
  -1.9518687182627401       -2.1506114853202987     
 -0.61303151924917076       -4.8010032640492959     
  -3.3784618099816002       -1.2639117830061697     
  0.89881139186253922       -1.4420610084378815     
 -0.39453569156318230       -3.1430618841389628     
   2.1927683481001576       -1.7711374352925870     
   1.7011176540853366      -0.93283686079002293     
   8.1089679698950015       0.66727999185828191     
   5.1828290844757463        3.1708278349393435     
   2.3120644550392799       0.27605066999667754     
  -1.1379802357198059        2.6662124875625888     
   2.2666318502925908        8.1854623007965390     
   4.3381316580346043        3.8551753518697924     
  0.82358235517912515        10.457037273266447     
   1.1943696839599494        3.6928980858185696     
   2.5686376516776903        7.0753193523487283     
  -2.6203873789565164        7.6965043195977279     
   1.2609477000460170        8.4437732434093498     
  0.85981230766026440        2.7004050176341643     
  -4.4446460530834289        4.3565204095513419     
  -3.3045948985151061       0.23271637141641496     
  -6.2243455694145862        1.6991381144001911     
  -7.1075242600713544        2.7541014841660716     
  -9.3141039265969692        2.1901554355066253     
  -6.5183911373873737       -3.6298558619147561     
  -5.5992110180829977       -4.3572540292760822     
  -6.5741986257122358       -4.8757337765082793     
  -4.5732086507328900       -2.8444630088579390     
 -0.70306781828963727       -9.0151820642325955     
 -0.72367036718567646       -6.0177527530927764     
   4.0250987845648014       -5.4205575526480656     
   3.1636163369204620       -9.1379880395730329     
   6.8398945607481263       -2.8160219045035286     
   7.1203110414478923       -6.6152668632963891     
   4.9890556937299149       -5.1549228673610852     
   5.0432285596545521       -1.2986658051159636     
   5.1156464595718516       -2.2581667345880168     
   7.9330323490376520      -0.69298577694304875     
   5.8643757469348925       -8.6203696236291691E-002
   5.9089099485519894        2.7252915510986488     
   6.2891403225553999       0.82486110608102281     
   3.0421329510690818        1.6765921497494891     
   2.1246537797139462        4.2997776235890601     
   6.0550271049366176        6.3926941889474378     
   4.7019840450014279        7.3722901526137150     
   4.1274698493971318        5.6640006886657774     
   1.4808205763193028        6.6665097587901565     
  -1.1293151513758006        7.6838868476610740     
  -2.9599560412311736        10.105309665520704     
  -2.8006745570683211        6.5864280048304407     
  -2.8474516416641436        5.6910291420609918     
  0.38275623864803487        4.4089920019160065     
  -7.3811693123714202       0.45222540188836141     
  -4.1969205105827490        6.8525547287351349     
  -3.0114953535251554        2.1667407249155222     
  -7.8977304546875331      -0.23577708034019781     
  -9.9932691371990643       -2.0343631666742423     
  -4.9540088418395438       -4.5946912176425201     
  -1.4552156919225727       -6.9205909088135913     
 -0.65448504169652510       -7.3517052384592354     
  -2.7445747238464575       -6.8679682404543687     
   1.7016609108009566       -10.184595840475714     
  0.40712641267752442       -4.1190931691226105     
  0.13793880061729955       -6.6029760990434649     
  -1.9524610632632793       -9.0123300098929704     
   1.7113959529839047       -5.1545020030917925     
   4.6322808565011959       -7.0271125258116847     
  0.34727832183090351       -7.6050653864709679     
   3.8454907476712470       -2.4761026114340035     
   1.3356093007942542       -2.2612331589957342     
   6.0938950128335465       -5.1114916050221586     
   9.2854051535672042       -1.1839491298184304     
   6.9892011077764353      -0.42733087109235324     
   4.5899087782241939        2.8273704350190609     
   8.7738083091194490        5.4940537557295857     
   5.0706721153265493        1.9616487917070324     
   7.5274292180808251        5.4451713525095187     
   6.7615163049652969        3.1391100665686062     
   3.7470502128799588        3.3789209205195418     
   1.9387672369533782        9.2158906936371423     
   4.8784214346132728        8.8866189092437189     
 -0.21593402715664461        8.0498944932911698     
   1.9298828172527129        9.9581423353546334     
  0.31155366383012595        6.9588934782126834     
 -0.64247138251324210        6.7690105779420584     
   1.1043563021712506        7.2448454389582526     
  -5.8981426085952791        8.0885194714864870     
  -1.0955832220394088        6.0411773041883938     
  -3.1421525279334599        7.2829698115112125     
  -2.0956392592435784        2.9863056938286316     
  -7.7060176885233433        1.6157935245494999     
  -7.7143439353110992       -1.3702152516570538     
  -9.7047740045221289       0.70032747644395255     
  -8.9215924348303908       -1.8008305905911752     
  -7.1517467280230962       -2.5566972054827541     
  -9.6934560280804796       -4.4023514746889267     
  -8.8814290765372945       -2.2764897200219631     
  -6.6927829134026435       -6.7043143456772096     
  -7.8469445650440210       -4.1652945327501358     
  -8.9705952019376909       -3.4118203837906931     
  -1.3829697535855823       -3.8219104379802600     
  -2.0767687720597463       -9.9448893022314024     
  -3.7677074630432843       -6.4158343948446852     
  -3.9159613367637021       -5.7067094971858836     
  -2.1559073262590793       -7.2852263895213163     
   2.7038886202904213       -6.5244457138644121     
   1.6513358529110462       -7.9474297054381546     
   1.6072123481637650       -8.6938528907613914     
   3.7058604508230708       -6.8728751685759999     
   2.6760717247945078       -8.2540493767026124     
   2.2868360863438912       -3.5181146092671609     
   3.0479128910262516       -5.5449477471823885     
   5.6318062652868468       -7.4646538775907247     
   7.4415473920508379       -3.4402276509180556     
   6.3267336203893629       -1.3856117183283316     
   7.8648042070748625       -2.5161182731710849     
   10.013285167976726        1.2686393803665079     
   9.6738331909954844        1.9172300441500967     
   8.1492387590592124        3.0718586621427977     
   7.1087120950481557        6.6929038614583272     
   7.1016013486525278        7.9143591234882447     
   6.9720494871969940        1.1652449366576854     
   3.2466414943590278        8.0896439483524070     
  -1.4676870772912813        9.1365953658764383     
   5.7629531436926937        3.7053268363257930     
   4.5079612673707512        6.5278484623991515     
  -2.4843287346275882        8.9954430042713511     
  -4.9751753601937789        8.0858904055217931     
  -3.6078752907128768        7.8234827564559826     
  -1.7034718452447137        6.4868516692679359     
 -0.27592361464562287        9.5856059876438202     
  -3.7806473618243754        9.7366298277763903     
  -6.9166647792713158        7.1324596879290816     
  -5.2204365775890018        9.2366288874627251     
  -6.7527073516271523        4.3734837746953099     
  -10.177112421431458       0.83388094717849692     
  -3.3732093094749502        4.0735620302225186     
  -8.2893550690898792        3.6633375431096864     
  -9.8975417839676840      -0.25567515813444996     
  -8.8820086655892254       0.20744972817819615     
  -10.580402616054627        9.8715495823996843E-002
  -9.6135884140454024       -3.2943187809334371     
  -5.8442679805127158       -2.8904259704058450     
  -4.6002379542707299       -3.5387382187042027     
  -5.5257518772950593       -5.5669126432867015     
  -5.1627013090442464       -9.3790130438574462     
  -3.5623804626954705       -7.5141169231582312     
